1220, 1220, 1220
[[-6.777418e-02  9.927830e-01 -9.688800e-02 -2.477000e+01]
 [ 4.535300e-02  1.002755e-01  9.937554e-01  1.715900e+02]
 [ 9.964680e-01  6.315540e-02 -5.164968e-02 -1.171300e+03]
 [ 0.000000e+00  0.000000e+00  0.000000e+00  1.000000e+00]]
[-0129.72, +0077.77, -1067.94]
800, 800, 800
[[-6.6362260e-02  9.9305808e-01 -9.5773000e-02 -2.4640000e+01]
 [ 4.4268000e-02  9.8948800e-02  9.9399720e-01  1.7146000e+02]
 [ 9.9668308e-01  6.1852560e-02 -5.0415700e-02 -1.1713000e+03]
 [ 0.0000000e+00  0.0000000e+00  0.0000000e+00  1.0000000e+00]]
[-0132.95, +0077.52, -1051.49]
1700, 1700, 1700
[[-6.8526160e-02  9.9251212e-01 -9.8036000e-02 -2.4910000e+01]
 [ 4.5867400e-02  1.0160120e-01  9.9350800e-01  1.7171000e+02]
 [ 9.9628688e-01  6.3887840e-02 -5.2224000e-02 -1.1713000e+03]
 [ 0.0000000e+00  0.0000000e+00  0.0000000e+00  1.0000000e+00]]
[-0127.58, +0081.17, -1086.03]
1400, 1400, 1400
[[-6.8054280e-02  9.9278618e-01 -9.7056340e-02 -2.4790000e+01]
 [ 4.6134820e-02  1.0047020e-01  9.9373246e-01  1.7161000e+02]
 [ 9.9645166e-01  6.3310540e-02 -5.2500520e-02 -1.1712800e+03]
 [ 0.0000000e+00  0.0000000e+00  0.0000000e+00  1.0000000e+00]]
[-0128.84, +0078.76, -1074.66]
1100, 1100, 1100
[[-6.733250e-02  9.928158e-01 -9.649860e-02 -2.473000e+01]
 [ 4.538580e-02  9.989942e-02  9.937620e-01  1.715400e+02]
 [ 9.964614e-01  6.276600e-02 -5.158408e-02 -1.171300e+03]
 [ 0.000000e+00  0.000000e+00  0.000000e+00  1.000000e+00]]
[-0130.93, +0078.67, -1063.30]
1220, 1220, 1220
[[-6.7803700e-02  9.9279278e-01 -9.6874860e-02 -2.4780000e+01]
 [ 4.5752140e-02  1.0027886e-01  9.9374562e-01  1.7159000e+02]
 [ 9.9645822e-01  6.3135660e-02 -5.2058600e-02 -1.1712900e+03]
 [ 0.0000000e+00  0.0000000e+00  0.0000000e+00  1.0000000e+00]]
[-0129.28, +0078.31, -1067.93]
