969, 1053, 1239
[[-3.1703988e-01  2.6280202e-01 -9.1102310e-01  8.4040000e+01]
 [ 1.7163980e-02  9.6226262e-01  2.7155650e-01  3.4350000e+01]
 [ 9.4801550e-01  7.0516900e-02 -3.0957850e-01 -1.1101200e+03]
 [ 0.0000000e+00  0.0000000e+00  0.0000000e+00  1.0000000e+00]]
[+0094.51, -0117.27, -0991.64]
1059, 1059, 1145
[[-3.1712500e-01  2.6287220e-01 -9.1100960e-01  8.4030000e+01]
 [ 1.6772000e-02  9.6221228e-01  2.7176276e-01  3.4350000e+01]
 [ 9.4802900e-01  7.0954240e-02 -3.0954372e-01 -1.1101100e+03]
 [ 0.0000000e+00  0.0000000e+00  0.0000000e+00  1.0000000e+00]]
[+0093.50, -0096.66, -0988.32]
1876, 1862, 1228
[[-3.1985274e-01  2.6056116e-01 -9.1058052e-01  8.3780000e+01]
 [ 1.5852120e-02  9.6276230e-01  2.6985044e-01  3.4270000e+01]
 [ 9.4699404e-01  7.1961320e-02 -3.1206160e-01 -1.1101300e+03]
 [ 0.0000000e+00  0.0000000e+00  0.0000000e+00  1.0000000e+00]]
[+0137.48, -0034.96, -1018.64]
1638, 2179, 944
[[-3.1860688e-01  2.6105728e-01 -9.1102560e-01  8.3830000e+01]
 [ 1.5862720e-02  9.6265112e-01  2.7026040e-01  3.4370000e+01]
 [ 9.4755840e-01  7.1703600e-02 -3.1084200e-01 -1.1102000e+03]
 [ 0.0000000e+00  0.0000000e+00  0.0000000e+00  1.0000000e+00]]
[+0184.90, -0042.99, -1034.64]
2281, 2077, 2077
[[-3.2150650e-01  2.5858198e-01 -9.1077136e-01  8.3620000e+01]
 [ 1.3812220e-02  9.6316262e-01  2.6855096e-01  3.4070000e+01]
 [ 9.4666696e-01  7.3795360e-02 -3.1323012e-01 -1.1101700e+03]
 [ 0.0000000e+00  0.0000000e+00  0.0000000e+00  1.0000000e+00]]
[+0099.42, -0077.17, -1029.71]
1396, 2097, 1412
[[-3.1785396e-01  2.6291308e-01 -9.1074444e-01  8.4030000e+01]
 [ 1.6478760e-02  9.6216174e-01  2.7195962e-01  3.4350000e+01]
 [ 9.4779068e-01  7.1486340e-02 -3.1015266e-01 -1.1101400e+03]
 [ 0.0000000e+00  0.0000000e+00  0.0000000e+00  1.0000000e+00]]
[+0169.04, -0089.94, -1010.87]
2081, 957, 759
[[-3.1924858e-01  2.6382972e-01 -9.0997282e-01  8.4080000e+01]
 [ 1.5344280e-02  9.6176764e-01  2.7341412e-01  3.4240000e+01]
 [ 9.4732318e-01  7.3379880e-02 -3.1108378e-01 -1.1100900e+03]
 [ 0.0000000e+00  0.0000000e+00  0.0000000e+00  1.0000000e+00]]
[+0090.93, +0003.40, -1076.16]
2138, 1712, 1651
[[-3.2051572e-01  2.6129702e-01 -9.1025774e-01  8.3840000e+01]
 [ 1.4828380e-02  9.6245580e-01  2.7101086e-01  3.4090000e+01]
 [ 9.4690306e-01  7.3420940e-02 -3.1234948e-01 -1.1101100e+03]
 [ 0.0000000e+00  0.0000000e+00  0.0000000e+00  1.0000000e+00]]
[+0094.49, -0048.33, -1028.14]
965, 2071, 1060
[[-3.1701672e-01  2.6343252e-01 -9.1080716e-01  8.4080000e+01]
 [ 1.6176920e-02  9.6199878e-01  2.7254586e-01  3.4350000e+01]
 [ 9.4800036e-01  7.1737340e-02 -3.0922194e-01 -1.1101200e+03]
 [ 0.0000000e+00  0.0000000e+00  0.0000000e+00  1.0000000e+00]]
[+0203.91, -0096.61, -1026.14]
812, 1500, 1872
[[-3.1725298e-01  2.6289702e-01 -9.1100018e-01  8.4060000e+01]
 [ 1.6103580e-02  9.6215374e-01  2.7201438e-01  3.4190000e+01]
 [ 9.4803842e-01  7.1668020e-02 -3.0947428e-01 -1.1100900e+03]
 [ 0.0000000e+00  0.0000000e+00  0.0000000e+00  1.0000000e+00]]
[+0130.76, -0173.89, -1044.15]
