800, 850, 850
[[-8.4299940e-02  9.6087514e-01 -2.6352704e-01 -2.6960000e+01]
 [ 3.3536740e-02  2.6713590e-01  9.6301688e-01  1.4187000e+02]
 [ 9.9579256e-01  7.2423680e-02 -5.4685800e-02 -1.1674000e+03]
 [ 0.0000000e+00  0.0000000e+00  0.0000000e+00  1.0000000e+00]]
[-0119.55, +0028.98, -1048.37]
800, 1042, 1042
[[-8.5088340e-02  9.6049506e-01 -2.6409614e-01 -2.7040000e+01]
 [ 3.5090860e-02  2.6800860e-01  9.6261522e-01  1.4192000e+02]
 [ 9.9552306e-01  7.2860620e-02 -5.6346900e-02 -1.1673500e+03]
 [ 0.0000000e+00  0.0000000e+00  0.0000000e+00  1.0000000e+00]]
[-0131.11, +0006.39, -1058.68]
800, 1234, 1234
[[-8.4216640e-02  9.6046336e-01 -2.6469736e-01 -2.7070000e+01]
 [ 3.5597440e-02  2.6854478e-01  9.6248552e-01  1.4194000e+02]
 [ 9.9563416e-01  7.1803120e-02 -5.6682420e-02 -1.1673300e+03]
 [ 0.0000000e+00  0.0000000e+00  0.0000000e+00  1.0000000e+00]]
[-0139.21, -0010.23, -1072.65]
800, 1426, 1426
[[-8.4502120e-02  9.6039750e-01 -2.6492562e-01 -2.7110000e+01]
 [ 3.4545900e-02  2.6869276e-01  9.6249750e-01  1.4196000e+02]
 [ 9.9566838e-01  7.2329100e-02 -5.5774120e-02 -1.1673700e+03]
 [ 0.0000000e+00  0.0000000e+00  0.0000000e+00  1.0000000e+00]]
[-0145.62, -0024.19, -1090.76]
800, 1618, 1618
[[-8.4390900e-02  9.6011862e-01 -2.6549246e-01 -2.7160000e+01]
 [ 3.4517540e-02  2.6937660e-01  9.6221862e-01  1.4199000e+02]
 [ 9.9555138e-01  7.2307460e-02 -5.5676340e-02 -1.1673700e+03]
 [ 0.0000000e+00  0.0000000e+00  0.0000000e+00  1.0000000e+00]]
[-0149.88, -0034.71, -1111.73]
800, 1810, 1810
[[-8.5578600e-02  9.6003846e-01 -2.6584138e-01 -2.7210000e+01]
 [ 3.4960220e-02  2.6971164e-01  9.6219066e-01  1.4201000e+02]
 [ 9.9555174e-01  7.3206820e-02 -5.6529000e-02 -1.1673500e+03]
 [ 0.0000000e+00  0.0000000e+00  0.0000000e+00  1.0000000e+00]]
[-0152.17, -0039.88, -1132.37]
800, 2002, 2002
[[-8.5960200e-02  9.5930050e-01 -2.6815270e-01 -2.7470000e+01]
 [ 3.4800020e-02  2.7209516e-01  9.6148490e-01  1.4209000e+02]
 [ 9.9546586e-01  7.3530980e-02 -5.6617000e-02 -1.1673200e+03]
 [ 0.0000000e+00  0.0000000e+00  0.0000000e+00  1.0000000e+00]]
[-0148.55, -0040.02, -1146.84]
1220, 850, 850
[[-8.4599720e-02  9.6061212e-01 -2.6387928e-01 -2.7010000e+01]
 [ 3.3660720e-02  2.6764588e-01  9.6277668e-01  1.4189000e+02]
 [ 9.9562788e-01  7.2775920e-02 -5.4824840e-02 -1.1674400e+03]
 [ 0.0000000e+00  0.0000000e+00  0.0000000e+00  1.0000000e+00]]
[-0091.52, +0075.45, -1061.02]
1220, 1042, 1042
[[-8.4913920e-02  9.6044464e-01 -2.6450464e-01 -2.7090000e+01]
 [ 3.4903840e-02  2.6835072e-01  9.6255808e-01  1.4194000e+02]
 [ 9.9558944e-01  7.2680320e-02 -5.6179200e-02 -1.1673700e+03]
 [ 0.0000000e+00  0.0000000e+00  0.0000000e+00  1.0000000e+00]]
[-0103.94, +0052.19, -1059.58]
1220, 1234, 1234
[[-8.4676500e-02  9.6041650e-01 -2.6472310e-01 -2.7120000e+01]
 [ 3.4526900e-02  2.6851838e-01  9.6253238e-01  1.4196000e+02]
 [ 9.9563350e-01  7.2531620e-02 -5.5774120e-02 -1.1673700e+03]
 [ 0.0000000e+00  0.0000000e+00  0.0000000e+00  1.0000000e+00]]
[-0114.59, +0034.10, -1063.34]
1220, 1426, 1426
[[-8.6101620e-02  9.6012696e-01 -2.6502768e-01 -2.7260000e+01]
 [ 3.5109360e-02  2.6902112e-01  9.6231824e-01  1.4202000e+02]
 [ 9.9541488e-01  7.3792160e-02 -5.6696500e-02 -1.1674500e+03]
 [ 0.0000000e+00  0.0000000e+00  0.0000000e+00  1.0000000e+00]]
[-0125.13, +0016.78, -1071.34]
1220, 1618, 1618
[[-8.6053960e-02  9.6012682e-01 -2.6519798e-01 -2.7310000e+01]
 [ 3.5919980e-02  2.6920902e-01  9.6226442e-01  1.4204000e+02]
 [ 9.9543118e-01  7.3481620e-02 -5.7506980e-02 -1.1674200e+03]
 [ 0.0000000e+00  0.0000000e+00  0.0000000e+00  1.0000000e+00]]
[-0133.58, +0000.57, -1083.26]
1220, 1810, 1810
[[-8.5816260e-02  9.5994792e-01 -2.6570986e-01 -2.7330000e+01]
 [ 3.5218240e-02  2.6971164e-01  9.6211032e-01  1.4206000e+02]
 [ 9.9542022e-01  7.3461440e-02 -5.6766660e-02 -1.1674600e+03]
 [ 0.0000000e+00  0.0000000e+00  0.0000000e+00  1.0000000e+00]]
[-0138.93, -0012.46, -1097.54]
1220, 2002, 2002
[[-8.6767300e-02  9.5965650e-01 -2.6677610e-01 -2.7430000e+01]
 [ 3.4752540e-02  2.7071580e-01  9.6190578e-01  1.4209000e+02]
 [ 9.9544078e-01  7.4363100e-02 -5.6713540e-02 -1.1674600e+03]
 [ 0.0000000e+00  0.0000000e+00  0.0000000e+00  1.0000000e+00]]
[-0144.32, -0022.26, -1116.72]
1220, 2194, 2194
[[-8.5585360e-02  9.5890372e-01 -2.6988008e-01 -2.7470000e+01]
 [ 3.5794520e-02  2.7382704e-01  9.6099308e-01  1.4228000e+02]
 [ 9.9551512e-01  7.2750280e-02 -5.7639760e-02 -1.1675000e+03]
 [ 0.0000000e+00  0.0000000e+00  0.0000000e+00  1.0000000e+00]]
[-0141.63, -0023.95, -1126.85]
1800, 850, 850
[[-8.5311620e-02  9.6069582e-01 -2.6322384e-01 -2.7120000e+01]
 [ 3.4792020e-02  2.6714278e-01  9.6285384e-01  1.4192000e+02]
 [ 9.9549624e-01  7.3222560e-02 -5.6039840e-02 -1.1674700e+03]
 [ 0.0000000e+00  0.0000000e+00  0.0000000e+00  1.0000000e+00]]
[-0064.40, +0115.03, -1110.87]
1800, 1042, 1042
[[-8.6799540e-02  9.6047134e-01 -2.6383670e-01 -2.7210000e+01]
 [ 3.5477900e-02  2.6782046e-01  9.6269266e-01  1.4199000e+02]
 [ 9.9541766e-01  7.4368300e-02 -5.7199240e-02 -1.1674700e+03]
 [ 0.0000000e+00  0.0000000e+00  0.0000000e+00  1.0000000e+00]]
[-0073.12, +0099.55, -1095.67]
1800, 1234, 1234
[[-8.6339280e-02  9.6036892e-01 -2.6410356e-01 -2.7230000e+01]
 [ 3.6223320e-02  2.6818302e-01  9.6251654e-01  1.4200000e+02]
 [ 9.9536276e-01  7.3768260e-02 -5.7772260e-02 -1.1674100e+03]
 [ 0.0000000e+00  0.0000000e+00  0.0000000e+00  1.0000000e+00]]
[-0082.96, +0085.15, -1086.73]
1800, 1426, 1426
[[-8.6513700e-02  9.6029282e-01 -2.6451904e-01 -2.7270000e+01]
 [ 3.5586380e-02  2.6851158e-01  9.6248504e-01  1.4202000e+02]
 [ 9.9542264e-01  7.4037440e-02 -5.7269280e-02 -1.1674600e+03]
 [ 0.0000000e+00  0.0000000e+00  0.0000000e+00  1.0000000e+00]]
[-0093.64, +0069.11, -1081.99]
1800, 1618, 1618
[[-8.6688160e-02  9.6012956e-01 -2.6481580e-01 -2.7290000e+01]
 [ 3.5036600e-02  2.6883974e-01  9.6236956e-01  1.4203000e+02]
 [ 9.9536356e-01  7.4390600e-02 -5.6766660e-02 -1.1674700e+03]
 [ 0.0000000e+00  0.0000000e+00  0.0000000e+00  1.0000000e+00]]
[-0105.06, +0054.31, -1081.75]
1800, 1810, 1810
[[-8.6640340e-02  9.5997892e-01 -2.6527910e-01 -2.7340000e+01]
 [ 3.5522200e-02  2.6936300e-01  9.6218740e-01  1.4206000e+02]
 [ 9.9532442e-01  7.4208440e-02 -5.7242100e-02 -1.1674500e+03]
 [ 0.0000000e+00  0.0000000e+00  0.0000000e+00  1.0000000e+00]]
[-0112.59, +0036.71, -1084.95]
1800, 2002, 2002
[[-8.6878120e-02  9.5991204e-01 -2.6567840e-01 -2.7440000e+01]
 [ 3.5280960e-02  2.6969788e-01  9.6214620e-01  1.4210000e+02]
 [ 9.9537500e-01  7.4424000e-02 -5.7145000e-02 -1.1674800e+03]
 [ 0.0000000e+00  0.0000000e+00  0.0000000e+00  1.0000000e+00]]
[-0123.47, +0020.01, -1093.28]
1800, 2194, 2194
[[-8.7370500e-02  9.5958120e-01 -2.6659870e-01 -2.7510000e+01]
 [ 3.5972800e-02  2.7072972e-01  9.6181032e-01  1.4216000e+02]
 [ 9.9527730e-01  7.4679680e-02 -5.7999780e-02 -1.1674400e+03]
 [ 0.0000000e+00  0.0000000e+00  0.0000000e+00  1.0000000e+00]]
[-0128.60, +0007.37, -1103.54]
850, 800, 850
[[-8.4299940e-02  9.6103144e-01 -2.6249754e-01 -2.7010000e+01]
 [ 3.4566240e-02  2.6629680e-01  9.6312808e-01  1.4188000e+02]
 [ 9.9563626e-01  7.2312480e-02 -5.5524900e-02 -1.1674700e+03]
 [ 0.0000000e+00  0.0000000e+00  0.0000000e+00  1.0000000e+00]]
[-0118.98, +0041.21, -1048.55]
1042, 800, 1042
[[-8.4962500e-02  9.6060238e-01 -2.6330434e-01 -2.7130000e+01]
 [ 3.5122820e-02  2.6732412e-01  9.6272254e-01  1.4192000e+02]
 [ 9.9541574e-01  7.2879140e-02 -5.6207620e-02 -1.1674400e+03]
 [ 0.0000000e+00  0.0000000e+00  0.0000000e+00  1.0000000e+00]]
[-0131.33, +0062.78, -1058.92]
1234, 800, 1234
[[-8.5737760e-02  9.6057020e-01 -2.6345620e-01 -2.7180000e+01]
 [ 3.5826200e-02  2.6749862e-01  9.6270112e-01  1.4193000e+02]
 [ 9.9539980e-01  7.3361120e-02 -5.7157380e-02 -1.1674200e+03]
 [ 0.0000000e+00  0.0000000e+00  0.0000000e+00  1.0000000e+00]]
[-0139.50, +0079.78, -1073.23]
1426, 800, 1426
[[-8.5912260e-02  9.6049444e-01 -2.6387160e-01 -2.7240000e+01]
 [ 3.5189400e-02  2.6782734e-01  9.6266956e-01  1.4195000e+02]
 [ 9.9545944e-01  7.3630200e-02 -5.6654160e-02 -1.1674300e+03]
 [ 0.0000000e+00  0.0000000e+00  0.0000000e+00  1.0000000e+00]]
[-0145.02, +0094.62, -1091.85]
1618, 800, 1618
[[-8.6974120e-02  9.6033968e-01 -2.6392748e-01 -2.7280000e+01]
 [ 3.5134280e-02  2.6798108e-01  9.6259952e-01  1.4197000e+02]
 [ 9.9532688e-01  7.4699080e-02 -5.6864040e-02 -1.1674400e+03]
 [ 0.0000000e+00  0.0000000e+00  0.0000000e+00  1.0000000e+00]]
[-0149.47, +0104.63, -1112.31]
1810, 800, 1810
[[-8.6862660e-02  9.6026718e-01 -2.6452596e-01 -2.7350000e+01]
 [ 3.5136660e-02  2.6849774e-01  9.6251068e-01  1.4198000e+02]
 [ 9.9541572e-01  7.4487160e-02 -5.6934160e-02 -1.1674400e+03]
 [ 0.0000000e+00  0.0000000e+00  0.0000000e+00  1.0000000e+00]]
[-0150.61, +0109.87, -1132.06]
2002, 800, 2002
[[-9.1019780e-02  9.5964390e-01 -2.6508492e-01 -2.7750000e+01]
 [ 3.6533700e-02  2.6948750e-01  9.6212660e-01  1.4195000e+02]
 [ 9.9491292e-01  7.8140200e-02 -5.9403280e-02 -1.1673100e+03]
 [ 0.0000000e+00  0.0000000e+00  0.0000000e+00  1.0000000e+00]]
[-0150.68, +0107.75, -1145.56]
850, 1220, 850
[[-8.4998820e-02  9.6113128e-01 -2.6221792e-01 -2.7050000e+01]
 [ 3.3992080e-02  2.6593368e-01  9.6330628e-01  1.4191000e+02]
 [ 9.9567872e-01  7.3082920e-02 -5.5189140e-02 -1.1674700e+03]
 [ 0.0000000e+00  0.0000000e+00  0.0000000e+00  1.0000000e+00]]
[-0092.35, -0004.04, -1060.27]
1042, 1220, 1042
[[-8.5660900e-02  9.6082060e-01 -2.6293740e-01 -2.7160000e+01]
 [ 3.4667240e-02  2.6679350e-01  9.6300732e-01  1.4195000e+02]
 [ 9.9554532e-01  7.3543800e-02 -5.6039840e-02 -1.1674600e+03]
 [ 0.0000000e+00  0.0000000e+00  0.0000000e+00  1.0000000e+00]]
[-0104.47, +0017.58, -1059.44]
1234, 1220, 1234
[[-8.5961040e-02  9.6067628e-01 -2.6320196e-01 -2.7200000e+01]
 [ 3.4909640e-02  2.6713590e-01  9.6287338e-01  1.4195000e+02]
 [ 9.9546748e-01  7.3789660e-02 -5.6346900e-02 -1.1674400e+03]
 [ 0.0000000e+00  0.0000000e+00  0.0000000e+00  1.0000000e+00]]
[-0115.27, +0036.89, -1063.62]
1426, 1220, 1426
[[-8.6247720e-02  9.6052306e-01 -2.6331258e-01 -2.7230000e+01]
 [ 3.3945540e-02  2.6728236e-01  9.6280186e-01  1.4196000e+02]
 [ 9.9538222e-01  7.4398740e-02 -5.5438920e-02 -1.1674700e+03]
 [ 0.0000000e+00  0.0000000e+00  0.0000000e+00  1.0000000e+00]]
[-0124.56, +0055.84, -1072.08]
1618, 1220, 1618
[[-8.6736500e-02  9.6049350e-01 -2.6364690e-01 -2.7300000e+01]
 [ 3.5288100e-02  2.6764588e-01  9.6272418e-01  1.4199000e+02]
 [ 9.9539550e-01  7.4399820e-02 -5.6961620e-02 -1.1674300e+03]
 [ 0.0000000e+00  0.0000000e+00  0.0000000e+00  1.0000000e+00]]
[-0132.78, +0072.28, -1084.45]
1810, 1220, 1810
[[-8.7274900e-02  9.6034556e-01 -2.6389822e-01 -2.7320000e+01]
 [ 3.5701240e-02  2.6798808e-01  9.6259364e-01  1.4198000e+02]
 [ 9.9530462e-01  7.4816440e-02 -5.7506980e-02 -1.1674400e+03]
 [ 0.0000000e+00  0.0000000e+00  0.0000000e+00  1.0000000e+00]]
[-0137.69, +0085.65, -1099.69]
2002, 1220, 2002
[[-8.8590880e-02  9.6013332e-01 -2.6450588e-01 -2.7480000e+01]
 [ 3.6610680e-02  2.6867224e-01  9.6241968e-01  1.4204000e+02]
 [ 9.9522812e-01  7.5736320e-02 -5.8836880e-02 -1.1673900e+03]
 [ 0.0000000e+00  0.0000000e+00  0.0000000e+00  1.0000000e+00]]
[-0143.08, +0092.29, -1116.84]
2194, 1220, 2194
[[-9.3313300e-02  9.5905958e-01 -2.6678614e-01 -2.8060000e+01]
 [ 3.8264420e-02  2.7136988e-01  9.6160246e-01  1.4204000e+02]
 [ 9.9473914e-01  7.9675460e-02 -6.1908180e-02 -1.1672100e+03]
 [ 0.0000000e+00  0.0000000e+00  0.0000000e+00  1.0000000e+00]]
[-0144.01, +0090.60, -1124.77]
850, 1800, 850
[[-8.4187920e-02  9.6080924e-01 -2.6338920e-01 -2.7000000e+01]
 [ 3.4244760e-02  2.6714958e-01  9.6291160e-01  1.4202000e+02]
 [ 9.9566840e-01  7.2229200e-02 -5.5258500e-02 -1.1675200e+03]
 [ 0.0000000e+00  0.0000000e+00  0.0000000e+00  1.0000000e+00]]
[-0065.34, -0042.08, -1106.77]
1042, 1800, 1042
[[-8.5088340e-02  9.6049506e-01 -2.6409614e-01 -2.7140000e+01]
 [ 3.5090860e-02  2.6800860e-01  9.6261522e-01  1.4205000e+02]
 [ 9.9552306e-01  7.2860620e-02 -5.6346900e-02 -1.1674500e+03]
 [ 0.0000000e+00  0.0000000e+00  0.0000000e+00  1.0000000e+00]]
[-0074.51, -0027.52, -1093.00]
1234, 1800, 1234
[[-8.6261380e-02  9.6046900e-01 -2.6387852e-01 -2.7120000e+01]
 [ 3.4739800e-02  2.6781350e-01  9.6269500e-01  1.4204000e+02]
 [ 9.9545252e-01  7.4079800e-02 -5.6318880e-02 -1.1674900e+03]
 [ 0.0000000e+00  0.0000000e+00  0.0000000e+00  1.0000000e+00]]
[-0084.00, -0011.70, -1084.11]
1426, 1800, 1426
[[-8.6212880e-02  9.6035004e-01 -2.6413596e-01 -2.7160000e+01]
 [ 3.5431560e-02  2.6816950e-01  9.6253542e-01  1.4202000e+02]
 [ 9.9538164e-01  7.3875780e-02 -5.6961620e-02 -1.1674700e+03]
 [ 0.0000000e+00  0.0000000e+00  0.0000000e+00  1.0000000e+00]]
[-0094.05, +0007.03, -1079.72]
1618, 1800, 1618
[[-8.6688160e-02  9.6031160e-01 -2.6431640e-01 -2.7230000e+01]
 [ 3.5567600e-02  2.6833712e-01  9.6252008e-01  1.4205000e+02]
 [ 9.9538760e-01  7.4240080e-02 -5.7269280e-02 -1.1674600e+03]
 [ 0.0000000e+00  0.0000000e+00  0.0000000e+00  1.0000000e+00]]
[-0103.97, +0024.16, -1080.67]
1810, 1800, 1810
[[-8.7163600e-02  9.6012256e-01 -2.6479012e-01 -2.7300000e+01]
 [ 3.5378560e-02  2.6883974e-01  9.6237656e-01  1.4207000e+02]
 [ 9.9533788e-01  7.4732560e-02 -5.7242100e-02 -1.1674600e+03]
 [ 0.0000000e+00  0.0000000e+00  0.0000000e+00  1.0000000e+00]]
[-0112.04, +0041.04, -1085.26]
2002, 1800, 2002
[[-8.7655300e-02  9.6009374e-01 -2.6512382e-01 -2.7370000e+01]
 [ 3.6720700e-02  2.6920230e-01  9.6229750e-01  1.4210000e+02]
 [ 9.9535030e-01  7.4732180e-02 -5.8766440e-02 -1.1674200e+03]
 [ 0.0000000e+00  0.0000000e+00  0.0000000e+00  1.0000000e+00]]
[-0123.55, +0055.20, -1094.15]
2194, 1800, 2194
[[-8.9066960e-02  9.5984832e-01 -2.6559816e-01 -2.7500000e+01]
 [ 3.5802240e-02  2.6967664e-01  9.6220992e-01  1.4211000e+02]
 [ 9.9527352e-01  7.6295040e-02 -5.8308560e-02 -1.1674000e+03]
 [ 0.0000000e+00  0.0000000e+00  0.0000000e+00  1.0000000e+00]]
[-0129.08, +0064.74, -1104.28]
850, 850, 800
[[-8.3938000e-02  9.6119764e-01 -2.6204248e-01 -2.6890000e+01]
 [ 3.4133320e-02  2.6577950e-01  9.6329324e-01  1.4187000e+02]
 [ 9.9569176e-01  7.2097480e-02 -5.4981540e-02 -1.1674800e+03]
 [ 0.0000000e+00  0.0000000e+00  0.0000000e+00  1.0000000e+00]]
[-0109.45, +0035.30, -1047.90]
1042, 1042, 800
[[-8.5011600e-02  9.6093404e-01 -2.6234128e-01 -2.6980000e+01]
 [ 3.5167400e-02  2.6629680e-01  9.6305420e-01  1.4191000e+02]
 [ 9.9548000e-01  7.2910280e-02 -5.6236560e-02 -1.1674400e+03]
 [ 0.0000000e+00  0.0000000e+00  0.0000000e+00  1.0000000e+00]]
[-0083.46, +0034.99, -1054.93]
1234, 1234, 800
[[-8.5486240e-02  9.6089596e-01 -2.6252196e-01 -2.7040000e+01]
 [ 3.5303960e-02  2.6646470e-01  9.6303888e-01  1.4195000e+02]
 [ 9.9548604e-01  7.3274880e-02 -5.6543300e-02 -1.1674700e+03]
 [ 0.0000000e+00  0.0000000e+00  0.0000000e+00  1.0000000e+00]]
[-0063.07, +0036.27, -1066.17]
1426, 1426, 800
[[-8.4962500e-02  9.6075248e-01 -2.6301114e-01 -2.7040000e+01]
 [ 3.5447440e-02  2.6698844e-01  9.6285072e-01  1.4198000e+02]
 [ 9.9547158e-01  7.2750960e-02 -5.6543300e-02 -1.1674500e+03]
 [ 0.0000000e+00  0.0000000e+00  0.0000000e+00  1.0000000e+00]]
[-0045.43, +0038.08, -1081.31]
1618, 1618, 800
[[-8.6673540e-02  9.6051566e-01 -2.6345710e-01 -2.7110000e+01]
 [ 3.5098300e-02  2.6747126e-01  9.6275566e-01  1.4204000e+02]
 [ 9.9537334e-01  7.4431300e-02 -5.6724040e-02 -1.1675000e+03]
 [ 0.0000000e+00  0.0000000e+00  0.0000000e+00  1.0000000e+00]]
[-0031.33, +0037.69, -1099.53]
1810, 1810, 800
[[-8.6513700e-02  9.6050652e-01 -2.6381364e-01 -2.7140000e+01]
 [ 3.6323400e-02  2.6784086e-01  9.6265748e-01  1.4208000e+02]
 [ 9.9541500e-01  7.3865000e-02 -5.7940000e-02 -1.1674700e+03]
 [ 0.0000000e+00  0.0000000e+00  0.0000000e+00  1.0000000e+00]]
[-0024.04, +0037.89, -1117.37]
2002, 2002, 800
[[-8.6610100e-02  9.6002106e-01 -2.6539732e-01 -2.7250000e+01]
 [ 3.7745220e-02  2.6957694e-01  9.6209124e-01  1.4225000e+02]
 [ 9.9531476e-01  7.3510680e-02 -5.9437000e-02 -1.1675300e+03]
 [ 0.0000000e+00  0.0000000e+00  0.0000000e+00  1.0000000e+00]]
[-0023.75, +0035.77, -1130.43]
850, 850, 1220
[[-8.4425140e-02  9.6098716e-01 -2.6287766e-01 -2.7030000e+01]
 [ 3.4946360e-02  2.6664600e-01  9.6306548e-01  1.4187000e+02]
 [ 9.9568054e-01  7.2249880e-02 -5.5999300e-02 -1.1674800e+03]
 [ 0.0000000e+00  0.0000000e+00  0.0000000e+00  1.0000000e+00]]
[-0160.97, +0034.54, -1067.25]
1042, 1042, 1220
[[-8.5325800e-02  9.6073652e-01 -2.6317244e-01 -2.7120000e+01]
 [ 3.6204520e-02  2.6716950e-01  9.6281314e-01  1.4191000e+02]
 [ 9.9547156e-01  7.2837140e-02 -5.7423460e-02 -1.1674400e+03]
 [ 0.0000000e+00  0.0000000e+00  0.0000000e+00  1.0000000e+00]]
[-0134.95, +0034.34, -1062.31]
1234, 1234, 1220
[[-8.6436000e-02  9.6063792e-01 -2.6338256e-01 -2.7140000e+01]
 [ 3.5045920e-02  2.6730360e-01  9.6285816e-01  1.4192000e+02]
 [ 9.9547344e-01  7.4154160e-02 -5.6654160e-02 -1.1674900e+03]
 [ 0.0000000e+00  0.0000000e+00  0.0000000e+00  1.0000000e+00]]
[-0112.66, +0035.90, -1063.41]
1426, 1426, 1220
[[-8.5912260e-02  9.6055744e-01 -2.6345956e-01 -2.7170000e+01]
 [ 3.5601440e-02  2.6749190e-01  9.6271388e-01  1.4194000e+02]
 [ 9.9539644e-01  7.3585880e-02 -5.6989600e-02 -1.1675000e+03]
 [ 0.0000000e+00  0.0000000e+00  0.0000000e+00  1.0000000e+00]]
[-0091.38, +0038.60, -1069.02]
1618, 1618, 1220
[[-8.6276040e-02  9.6035944e-01 -2.6411976e-01 -2.7180000e+01]
 [ 3.5827440e-02  2.6817630e-01  9.6252602e-01  1.4200000e+02]
 [ 9.9537224e-01  7.3822020e-02 -5.7366900e-02 -1.1674800e+03]
 [ 0.0000000e+00  0.0000000e+00  0.0000000e+00  1.0000000e+00]]
[-0070.96, +0038.84, -1078.84]
1810, 1810, 1220
[[-8.6989140e-02  9.6031764e-01 -2.6428722e-01 -2.7250000e+01]
 [ 3.6134520e-02  2.6834396e-01  9.6251404e-01  1.4204000e+02]
 [ 9.9536526e-01  7.4357320e-02 -5.7912340e-02 -1.1675000e+03]
 [ 0.0000000e+00  0.0000000e+00  0.0000000e+00  1.0000000e+00]]
[-0054.34, +0039.00, -1091.81]
2002, 2002, 1220
[[-8.6593040e-02  9.6004260e-01 -2.6503716e-01 -2.7290000e+01]
 [ 3.6744840e-02  2.6921566e-01  9.6217770e-01  1.4210000e+02]
 [ 9.9527700e-01  7.3853340e-02 -5.8387940e-02 -1.1674900e+03]
 [ 0.0000000e+00  0.0000000e+00  0.0000000e+00  1.0000000e+00]]
[-0045.69, +0037.23, -1105.35]
2194, 2194, 1220
[[-8.7469000e-02  9.5884570e-01 -2.6903850e-01 -2.7430000e+01]
 [ 4.0172500e-02  2.7353612e-01  9.6082002e-01  1.4255000e+02]
 [ 9.9506430e-01  7.3510980e-02 -6.2243880e-02 -1.1675400e+03]
 [ 0.0000000e+00  0.0000000e+00  0.0000000e+00  1.0000000e+00]]
[-0043.82, +0034.80, -1113.70]
850, 850, 1800
[[-8.6149800e-02  9.6037224e-01 -2.6394612e-01 -2.7130000e+01]
 [ 3.5241720e-02  2.6799500e-01  9.6256696e-01  1.4190000e+02]
 [ 9.9535944e-01  7.3907320e-02 -5.6724040e-02 -1.1674700e+03]
 [ 0.0000000e+00  0.0000000e+00  0.0000000e+00  1.0000000e+00]]
[-0200.89, +0033.54, -1123.64]
1042, 1042, 1800
[[-8.6038420e-02  9.6033124e-01 -2.6433858e-01 -2.7200000e+01]
 [ 3.5450360e-02  2.6834396e-01  9.6250044e-01  1.4194000e+02]
 [ 9.9541662e-01  7.3673160e-02 -5.6961620e-02 -1.1674700e+03]
 [ 0.0000000e+00  0.0000000e+00  0.0000000e+00  1.0000000e+00]]
[-0185.52, +0033.37, -1105.82]
1234, 1234, 1800
[[-8.6402600e-02  9.6031512e-01 -2.6449944e-01 -2.7240000e+01]
 [ 3.6207120e-02  2.6852510e-01  9.6246274e-01  1.4197000e+02]
 [ 9.9541656e-01  7.3758740e-02 -5.7842260e-02 -1.1674700e+03]
 [ 0.0000000e+00  0.0000000e+00  0.0000000e+00  1.0000000e+00]]
[-0167.79, +0034.84, -1093.01]
1426, 1426, 1800
[[-8.6513700e-02  9.6014236e-01 -2.6481232e-01 -2.7250000e+01]
 [ 3.5261480e-02  2.6884670e-01  9.6235676e-01  1.4199000e+02]
 [ 9.9536704e-01  7.4165720e-02 -5.6934160e-02 -1.1674900e+03]
 [ 0.0000000e+00  0.0000000e+00  0.0000000e+00  1.0000000e+00]]
[-0149.00, +0037.84, -1086.06]
1618, 1618, 1800
[[-8.6941600e-02  9.6010388e-01 -2.6516276e-01 -2.7310000e+01]
 [ 3.6207880e-02  2.6920230e-01  9.6228736e-01  1.4203000e+02]
 [ 9.9538924e-01  7.4219360e-02 -5.8052740e-02 -1.1674800e+03]
 [ 0.0000000e+00  0.0000000e+00  0.0000000e+00  1.0000000e+00]]
[-0129.66, +0039.89, -1083.40]
1810, 1810, 1800
[[-8.6593040e-02  9.5986008e-01 -2.6553636e-01 -2.7330000e+01]
 [ 3.6213840e-02  2.6971840e-01  9.6202728e-01  1.4206000e+02]
 [ 9.9525348e-01  7.4003760e-02 -5.7885200e-02 -1.1674600e+03]
 [ 0.0000000e+00  0.0000000e+00  0.0000000e+00  1.0000000e+00]]
[-0109.32, +0039.78, -1084.95]
2002, 2002, 1800
[[-8.7655300e-02  9.5979214e-01 -2.6571042e-01 -2.7370000e+01]
 [ 3.6070460e-02  2.6987222e-01  9.6204114e-01  1.4210000e+02]
 [ 9.9523962e-01  7.4988540e-02 -5.8096520e-02 -1.1674900e+03]
 [ 0.0000000e+00  0.0000000e+00  0.0000000e+00  1.0000000e+00]]
[-0091.23, +0037.91, -1090.51]
2194, 2194, 1800
[[-8.8450900e-02  9.5958696e-01 -2.6651342e-01 -2.7450000e+01]
 [ 3.7447440e-02  2.7074332e-01  9.6180456e-01  1.4220000e+02]
 [ 9.9520562e-01  7.5254160e-02 -5.9763220e-02 -1.1674700e+03]
 [ 0.0000000e+00  0.0000000e+00  0.0000000e+00  1.0000000e+00]]
[-0079.36, +0036.04, -1098.69]
1800, 2002, 2002
[[-8.5816260e-02  9.6018560e-01 -2.6553558e-01 -2.7310000e+01]
 [ 3.5455920e-02  2.6937660e-01  9.6232256e-01  1.4202000e+02]
 [ 9.9559450e-01  7.3249200e-02 -5.7101700e-02 -1.1674800e+03]
 [ 0.0000000e+00  0.0000000e+00  0.0000000e+00  1.0000000e+00]]
[-0129.10, +0019.38, -1094.72]
1800, 1810, 1810
[[-8.6339280e-02  9.6009188e-01 -2.6522096e-01 -2.7310000e+01]
 [ 3.5074280e-02  2.6918862e-01  9.6229936e-01  1.4201000e+02]
 [ 9.9543376e-01  7.3985440e-02 -5.6766660e-02 -1.1675000e+03]
 [ 0.0000000e+00  0.0000000e+00  0.0000000e+00  1.0000000e+00]]
[-0118.47, +0035.50, -1086.00]
1800, 1618, 1618
[[-8.6276040e-02  9.6014582e-01 -2.6482510e-01 -2.7260000e+01]
 [ 3.5090500e-02  2.6884670e-01  9.6235330e-01  1.4201000e+02]
 [ 9.9537982e-01  7.3994740e-02 -5.6696500e-02 -1.1675100e+03]
 [ 0.0000000e+00  0.0000000e+00  0.0000000e+00  1.0000000e+00]]
[-0106.37, +0050.63, -1081.41]
1800, 1426, 1426
[[-8.7338100e-02  9.6026018e-01 -2.6450024e-01 -2.7240000e+01]
 [ 3.5478700e-02  2.6849774e-01  9.6251768e-01  1.4199000e+02]
 [ 9.9539000e-01  7.4829200e-02 -5.7409600e-02 -1.1675000e+03]
 [ 0.0000000e+00  0.0000000e+00  0.0000000e+00  1.0000000e+00]]
[-0095.04, +0065.97, -1081.17]
1800, 1234, 1234
[[-8.6688160e-02  9.6046204e-01 -2.6402308e-01 -2.7200000e+01]
 [ 3.5892520e-02  2.6800184e-01  9.6264824e-01  1.4198000e+02]
 [ 9.9544324e-01  7.4111920e-02 -5.7604560e-02 -1.1675000e+03]
 [ 0.0000000e+00  0.0000000e+00  0.0000000e+00  1.0000000e+00]]
[-0085.90, +0082.22, -1085.35]
1800, 1042, 1042
[[-8.6799540e-02  9.6038406e-01 -2.6371788e-01 -2.7180000e+01]
 [ 3.5565180e-02  2.6782046e-01  9.6260884e-01  1.4194000e+02]
 [ 9.9529884e-01  7.4452120e-02 -5.7199240e-02 -1.1675100e+03]
 [ 0.0000000e+00  0.0000000e+00  0.0000000e+00  1.0000000e+00]]
[-0076.60, +0097.02, -1093.76]
1800, 850, 850
[[-8.6610660e-02  9.6065658e-01 -2.6317996e-01 -2.7140000e+01]
 [ 3.5027260e-02  2.6712894e-01  9.6289308e-01  1.4189000e+02]
 [ 9.9543852e-01  7.4356760e-02 -5.6654160e-02 -1.1674800e+03]
 [ 0.0000000e+00  0.0000000e+00  0.0000000e+00  1.0000000e+00]]
[-0067.98, +0110.43, -1106.75]
1220, 2194, 2194
[[-8.3727780e-02  9.5951154e-01 -2.6810888e-01 -2.7190000e+01]
 [ 3.5416940e-02  2.7196758e-01  9.6149904e-01  1.4220000e+02]
 [ 9.9563568e-01  7.1220560e-02 -5.6599200e-02 -1.1676000e+03]
 [ 0.0000000e+00  0.0000000e+00  0.0000000e+00  1.0000000e+00]]
[-0141.49, -0022.86, -1125.53]
1220, 2002, 2002
[[-8.4376200e-02  9.6056802e-01 -2.6372206e-01 -2.6970000e+01]
 [ 3.4989380e-02  2.6767308e-01  9.6264966e-01  1.4200000e+02]
 [ 9.9549786e-01  7.2302860e-02 -5.5970280e-02 -1.1675700e+03]
 [ 0.0000000e+00  0.0000000e+00  0.0000000e+00  1.0000000e+00]]
[-0140.94, -0017.77, -1112.33]
1220, 1810, 1810
[[-8.4013380e-02  9.6082168e-01 -2.6338584e-01 -2.6930000e+01]
 [ 3.4469520e-02  2.6715630e-01  9.6289916e-01  1.4197000e+02]
 [ 9.9567176e-01  7.2004440e-02 -5.5426320e-02 -1.1675800e+03]
 [ 0.0000000e+00  0.0000000e+00  0.0000000e+00  1.0000000e+00]]
[-0137.10, -0008.11, -1095.46]
1220, 1618, 1618
[[-8.3727220e-02  9.6088720e-01 -2.6315772e-01 -2.6920000e+01]
 [ 3.5520800e-02  2.6700800e-01  9.6288720e-01  1.4195000e+02]
 [ 9.9563772e-01  7.1479200e-02 -5.6335220e-02 -1.1675400e+03]
 [ 0.0000000e+00  0.0000000e+00  0.0000000e+00  1.0000000e+00]]
[-0131.94, +0003.83, -1081.64]
1220, 1426, 1426
[[-8.3490000e-02  9.6104040e-01 -2.6287720e-01 -2.6890000e+01]
 [ 3.5674000e-02  2.6667192e-01  9.6301224e-01  1.4195000e+02]
 [ 9.9570600e-01  7.1179760e-02 -5.6434080e-02 -1.1675400e+03]
 [ 0.0000000e+00  0.0000000e+00  0.0000000e+00  1.0000000e+00]]
[-0122.91, +0018.41, -1070.60]
1220, 1234, 1234
[[-8.3252820e-02  9.6095636e-01 -2.6277108e-01 -2.6870000e+01]
 [ 3.5589960e-02  2.6667192e-01  9.6292504e-01  1.4193000e+02]
 [ 9.9559988e-01  7.1092560e-02 -5.6196900e-02 -1.1675400e+03]
 [ 0.0000000e+00  0.0000000e+00  0.0000000e+00  1.0000000e+00]]
[-0114.46, +0036.48, -1063.46]
1220, 1042, 1042
[[-8.4187920e-02  9.6105312e-01 -2.6247840e-01 -2.6880000e+01]
 [ 3.5186880e-02  2.6631008e-01  9.6310640e-01  1.4191000e+02]
 [ 9.9563040e-01  7.2034400e-02 -5.6098000e-02 -1.1675300e+03]
 [ 0.0000000e+00  0.0000000e+00  0.0000000e+00  1.0000000e+00]]
[-0103.40, +0055.25, -1060.17]
1220, 850, 850
[[-8.3700980e-02  9.6123216e-01 -2.6184900e-01 -2.6870000e+01]
 [ 3.4167840e-02  2.6561152e-01  9.6331200e-01  1.4187000e+02]
 [ 9.9567300e-01  7.1904000e-02 -5.4912500e-02 -1.1675700e+03]
 [ 0.0000000e+00  0.0000000e+00  0.0000000e+00  1.0000000e+00]]
[-0091.61, +0075.71, -1061.60]
800, 2002, 2002
[[-8.4454100e-02  9.6024654e-01 -2.6538948e-01 -2.7110000e+01]
 [ 3.5032140e-02  2.6921566e-01  9.6231564e-01  1.4203000e+02]
 [ 9.9562932e-01  7.2147240e-02 -5.6249000e-02 -1.1675400e+03]
 [ 0.0000000e+00  0.0000000e+00  0.0000000e+00  1.0000000e+00]]
[-0149.13, -0038.69, -1144.87]
800, 1810, 1810
[[-8.3601700e-02  9.6086876e-01 -2.6318912e-01 -2.6780000e+01]
 [ 3.4728920e-02  2.6699504e-01  9.6290564e-01  1.4198000e+02]
 [ 9.9565616e-01  7.1586280e-02 -5.5524900e-02 -1.1675100e+03]
 [ 0.0000000e+00  0.0000000e+00  0.0000000e+00  1.0000000e+00]]
[-0149.29, -0034.59, -1125.73]
800, 1618, 1618
[[-8.4299940e-02  9.6096892e-01 -2.6290934e-01 -2.6770000e+01]
 [ 3.4154440e-02  2.6663256e-01  9.6308372e-01  1.4197000e+02]
 [ 9.9569878e-01  7.2356840e-02 -5.5189140e-02 -1.1675500e+03]
 [ 0.0000000e+00  0.0000000e+00  0.0000000e+00  1.0000000e+00]]
[-0147.16, -0029.96, -1106.52]
800, 1426, 1426
[[-8.4237460e-02  9.6102236e-01 -2.6251338e-01 -2.6750000e+01]
 [ 3.4170280e-02  2.6629004e-01  9.6313716e-01  1.4194000e+02]
 [ 9.9564534e-01  7.2365880e-02 -5.5119860e-02 -1.1675600e+03]
 [ 0.0000000e+00  0.0000000e+00  0.0000000e+00  1.0000000e+00]]
[-0143.87, -0021.20, -1088.69]
800, 1234, 1234
[[-8.3114640e-02  9.6107940e-01 -2.6235364e-01 -2.6720000e+01]
 [ 3.3915640e-02  2.6612886e-01  9.6313350e-01  1.4194000e+02]
 [ 9.9566700e-01  7.1433860e-02 -5.4507540e-02 -1.1675500e+03]
 [ 0.0000000e+00  0.0000000e+00  0.0000000e+00  1.0000000e+00]]
[-0138.27, -0007.49, -1071.78]
800, 1042, 1042
[[-8.3177000e-02  9.6132540e-01 -2.6216340e-01 -2.6860000e+01]
 [ 3.4548600e-02  2.6579942e-01  9.6333682e-01  1.4191000e+02]
 [ 9.9583260e-01  7.1168180e-02 -5.5248580e-02 -1.1675500e+03]
 [ 0.0000000e+00  0.0000000e+00  0.0000000e+00  1.0000000e+00]]
[-0129.33, +0009.44, -1058.16]
800, 850, 850
[[-8.3114640e-02  9.6140984e-01 -2.6156160e-01 -2.6820000e+01]
 [ 3.4770000e-02  2.6528856e-01  9.6341216e-01  1.4188000e+02]
 [ 9.9574816e-01  7.1155200e-02 -5.5347840e-02 -1.1675400e+03]
 [ 0.0000000e+00  0.0000000e+00  0.0000000e+00  1.0000000e+00]]
[-0118.27, +0030.34, -1048.48]
2194, 1800, 2194
[[-8.8543700e-02  9.5980050e-01 -2.6546850e-01 -2.7450000e+01]
 [ 3.6564300e-02  2.6969788e-01  9.6208686e-01  1.4214000e+02]
 [ 9.9516510e-01  7.5703860e-02 -5.8810580e-02 -1.1675000e+03]
 [ 0.0000000e+00  0.0000000e+00  0.0000000e+00  1.0000000e+00]]
[-0128.92, +0063.04, -1103.70]
2002, 1800, 2002
[[-8.5626420e-02  9.6034736e-01 -2.6434794e-01 -2.7210000e+01]
 [ 3.5504160e-02  2.6835072e-01  9.6248432e-01  1.4207000e+02]
 [ 9.9543274e-01  7.3277280e-02 -5.6891700e-02 -1.1675500e+03]
 [ 0.0000000e+00  0.0000000e+00  0.0000000e+00  1.0000000e+00]]
[-0119.28, +0049.05, -1092.25]
1810, 1800, 1810
[[-8.4739540e-02  9.6063902e-01 -2.6400232e-01 -2.7140000e+01]
 [ 3.5659220e-02  2.6785406e-01  9.6269608e-01  1.4203000e+02]
 [ 9.9561688e-01  7.2304880e-02 -5.6850240e-02 -1.1675200e+03]
 [ 0.0000000e+00  0.0000000e+00  0.0000000e+00  1.0000000e+00]]
[-0112.64, +0033.17, -1085.21]
1618, 1800, 1618
[[-8.4850920e-02  9.6064860e-01 -2.6381560e-01 -2.7120000e+01]
 [ 3.5244400e-02  2.6767308e-01  9.6274020e-01  1.4205000e+02]
 [ 9.9559140e-01  7.2561200e-02 -5.6445000e-02 -1.1675400e+03]
 [ 0.0000000e+00  0.0000000e+00  0.0000000e+00  1.0000000e+00]]
[-0104.15, +0018.19, -1081.06]
1426, 1800, 1426
[[-8.5151380e-02  9.6068618e-01 -2.6358108e-01 -2.7090000e+01]
 [ 3.6017380e-02  2.6751182e-01  9.6275628e-01  1.4204000e+02]
 [ 9.9553788e-01  7.2656520e-02 -5.7255560e-02 -1.1675500e+03]
 [ 0.0000000e+00  0.0000000e+00  0.0000000e+00  1.0000000e+00]]
[-0093.00, +0004.16, -1080.27]
1234, 1800, 1234
[[-8.4201780e-02  9.6081788e-01 -2.6354436e-01 -2.7070000e+01]
 [ 3.5451480e-02  2.6734392e-01  9.6284936e-01  1.4202000e+02]
 [ 9.9567556e-01  7.1865840e-02 -5.6473860e-02 -1.1675400e+03]
 [ 0.0000000e+00  0.0000000e+00  0.0000000e+00  1.0000000e+00]]
[-0083.98, -0011.85, -1084.10]
1042, 1800, 1042
[[-8.4425140e-02  9.6086854e-01 -2.6296494e-01 -2.7000000e+01]
 [ 3.4827740e-02  2.6681390e-01  9.6295938e-01  1.4201000e+02]
 [ 9.9559326e-01  7.2355980e-02 -5.5831400e-02 -1.1675800e+03]
 [ 0.0000000e+00  0.0000000e+00  0.0000000e+00  1.0000000e+00]]
[-0074.92, -0027.26, -1092.84]
850, 1800, 850
[[-8.4062800e-02  9.6115336e-01 -2.6242268e-01 -2.6910000e+01]
 [ 3.4513520e-02  2.6612886e-01  9.6323084e-01  1.4199000e+02]
 [ 9.9573604e-01  7.2035080e-02 -5.5455700e-02 -1.1675700e+03]
 [ 0.0000000e+00  0.0000000e+00  0.0000000e+00  1.0000000e+00]]
[-0065.91, -0041.17, -1106.37]
2194, 1220, 2194
[[-9.3533380e-02  9.5950790e-01 -2.6500094e-01 -2.7930000e+01]
 [ 3.8914900e-02  2.6966940e-01  9.6203770e-01  1.4203000e+02]
 [ 9.9466906e-01  7.9846700e-02 -6.2433220e-02 -1.1672600e+03]
 [ 0.0000000e+00  0.0000000e+00  0.0000000e+00  1.0000000e+00]]
[-0144.23, +0090.79, -1124.78]
2002, 1220, 2002
[[-8.6659920e-02  9.6093212e-01 -2.6189200e-01 -2.7200000e+01]
 [ 3.5366120e-02  2.6593368e-01  9.6316280e-01  1.4193000e+02]
 [ 9.9535280e-01  7.4450000e-02 -5.6850240e-02 -1.1674700e+03]
 [ 0.0000000e+00  0.0000000e+00  0.0000000e+00  1.0000000e+00]]
[-0141.75, +0088.41, -1113.31]
1810, 1220, 1810
[[-8.6122600e-02  9.6111100e-01 -2.6143420e-01 -2.7120000e+01]
 [ 3.5158360e-02  2.6542310e-01  9.6331502e-01  1.4192000e+02]
 [ 9.9541252e-01  7.4010700e-02 -5.6473860e-02 -1.1675000e+03]
 [ 0.0000000e+00  0.0000000e+00  0.0000000e+00  1.0000000e+00]]
[-0138.47, +0078.51, -1096.98]
1618, 1220, 1618
[[-8.6235060e-02  9.6108906e-01 -2.6145392e-01 -2.7090000e+01]
 [ 3.4537820e-02  2.6540910e-01  9.6333696e-01  1.4192000e+02]
 [ 9.9541824e-01  7.4288480e-02 -5.5900800e-02 -1.1675000e+03]
 [ 0.0000000e+00  0.0000000e+00  0.0000000e+00  1.0000000e+00]]
[-0132.24, +0067.38, -1082.49]
1426, 1220, 1426
[[-8.5410820e-02  9.6132740e-01 -2.6150342e-01 -2.7080000e+01]
 [ 3.4675400e-02  2.6525516e-01  9.6349460e-01  1.4192000e+02]
 [ 9.9565658e-01  7.3306600e-02 -5.5930020e-02 -1.1674800e+03]
 [ 0.0000000e+00  0.0000000e+00  0.0000000e+00  1.0000000e+00]]
[-0125.41, +0054.12, -1071.82]
1234, 1220, 1234
[[-8.5585680e-02  9.6137712e-01 -2.6109480e-01 -2.7020000e+01]
 [ 3.4862880e-02  2.6491232e-01  9.6355120e-01  1.4192000e+02]
 [ 9.9559080e-01  7.3487200e-02 -5.6098000e-02 -1.1674800e+03]
 [ 0.0000000e+00  0.0000000e+00  0.0000000e+00  1.0000000e+00]]
[-0115.18, +0036.24, -1063.53]
1042, 1220, 1042
[[-8.5523400e-02  9.6139908e-01 -2.6090484e-01 -2.6950000e+01]
 [ 3.4672920e-02  2.6473742e-01  9.6358234e-01  1.4190000e+02]
 [ 9.9556884e-01  7.3518340e-02 -5.5860820e-02 -1.1675200e+03]
 [ 0.0000000e+00  0.0000000e+00  0.0000000e+00  1.0000000e+00]]
[-0104.59, +0016.79, -1059.51]
850, 1220, 850
[[-8.4575080e-02  9.6138754e-01 -2.6042458e-01 -2.6880000e+01]
 [ 3.4486460e-02  2.6440134e-01  9.6352846e-01  1.4188000e+02]
 [ 9.9543842e-01  7.2872540e-02 -5.5248580e-02 -1.1675200e+03]
 [ 0.0000000e+00  0.0000000e+00  0.0000000e+00  1.0000000e+00]]
[-0092.49, -0003.76, -1060.27]
2002, 800, 2002
[[-9.1115140e-02  9.6034040e-01 -2.6295302e-01 -2.7540000e+01]
 [ 3.6835520e-02  2.6726780e-01  9.6281336e-01  1.4195000e+02]
 [ 9.9500810e-01  7.8184000e-02 -5.9621700e-02 -1.1673900e+03]
 [ 0.0000000e+00  0.0000000e+00  0.0000000e+00  1.0000000e+00]]
[-0150.18, +0107.85, -1144.54]
1810, 800, 1810
[[-8.5648040e-02  9.6114912e-01 -2.6125356e-01 -2.7100000e+01]
 [ 3.5021640e-02  2.6525516e-01  9.6333008e-01  1.4188000e+02]
 [ 9.9540672e-01  7.3645960e-02 -5.6167240e-02 -1.1674800e+03]
 [ 0.0000000e+00  0.0000000e+00  0.0000000e+00  1.0000000e+00]]
[-0148.63, +0105.16, -1126.88]
1618, 800, 1618
[[-8.5286260e-02  9.6137144e-01 -2.6112346e-01 -2.7050000e+01]
 [ 3.4295440e-02  2.6490540e-01  9.6355688e-01  1.4187000e+02]
 [ 9.9561254e-01  7.3368880e-02 -5.5455700e-02 -1.1674900e+03]
 [ 0.0000000e+00  0.0000000e+00  0.0000000e+00  1.0000000e+00]]
[-0147.66, +0099.52, -1107.17]
1426, 800, 1426
[[-8.5173640e-02  9.6133690e-01 -2.6077942e-01 -2.7030000e+01]
 [ 3.5209420e-02  2.6475110e-01  9.6347306e-01  1.4186000e+02]
 [ 9.9545710e-01  7.3153300e-02 -5.6196900e-02 -1.1674600e+03]
 [ 0.0000000e+00  0.0000000e+00  0.0000000e+00  1.0000000e+00]]
[-0143.07, +0091.64, -1089.06]
1234, 800, 1234
[[-8.5523400e-02  9.6134274e-01 -2.6058022e-01 -2.7010000e+01]
 [ 3.4966420e-02  2.6456940e-01  9.6352026e-01  1.4186000e+02]
 [ 9.9541914e-01  7.3580420e-02 -5.6028840e-02 -1.1674700e+03]
 [ 0.0000000e+00  0.0000000e+00  0.0000000e+00  1.0000000e+00]]
[-0138.15, +0078.22, -1072.29]
1042, 800, 1042
[[-8.4688020e-02  9.6160296e-01 -2.6026900e-01 -2.6930000e+01]
 [ 3.4102960e-02  2.6405142e-01  9.6376200e-01  1.4185000e+02]
 [ 9.9561900e-01  7.2938000e-02 -5.5011600e-02 -1.1675100e+03]
 [ 0.0000000e+00  0.0000000e+00  0.0000000e+00  1.0000000e+00]]
[-0129.74, +0060.83, -1058.42]
850, 800, 850
[[-8.4564260e-02  9.6173442e-01 -2.6000736e-01 -2.6870000e+01]
 [ 3.3635340e-02  2.6370134e-01  9.6390792e-01  1.4183000e+02]
 [ 9.9569352e-01  7.2915840e-02 -5.4537760e-02 -1.1675300e+03]
 [ 0.0000000e+00  0.0000000e+00  0.0000000e+00  1.0000000e+00]]
[-0118.55, +0040.20, -1048.51]
2194, 2194, 1800
[[-8.8939920e-02  9.6032120e-01 -2.6380680e-01 -2.7390000e+01]
 [ 3.6898800e-02  2.6798808e-01  9.6261800e-01  1.4216000e+02]
 [ 9.9521320e-01  7.6014000e-02 -5.9172000e-02 -1.1674700e+03]
 [ 0.0000000e+00  0.0000000e+00  0.0000000e+00  1.0000000e+00]]
[-0081.93, +0035.53, -1098.27]
2002, 2002, 1800
[[-8.6198500e-02  9.6088582e-01 -2.6248374e-01 -2.7200000e+01]
 [ 3.5817740e-02  2.6646470e-01  9.6304902e-01  1.4202000e+02]
 [ 9.9544782e-01  7.3788660e-02 -5.7255560e-02 -1.1674900e+03]
 [ 0.0000000e+00  0.0000000e+00  0.0000000e+00  1.0000000e+00]]
[-0098.72, +0037.23, -1090.31]
1810, 1810, 1800
[[-8.5710480e-02  9.6088356e-01 -2.6235504e-01 -2.7190000e+01]
 [ 3.4268760e-02  2.6626928e-01  9.6310468e-01  1.4198000e+02]
 [ 9.9546624e-01  7.3808920e-02 -5.5565200e-02 -1.1675200e+03]
 [ 0.0000000e+00  0.0000000e+00  0.0000000e+00  1.0000000e+00]]
[-0118.72, +0036.50, -1086.12]
1618, 1618, 1800
[[-8.6597320e-02  9.6092282e-01 -2.6190830e-01 -2.7140000e+01]
 [ 3.4970180e-02  2.6592668e-01  9.6317210e-01  1.4197000e+02]
 [ 9.9536210e-01  7.4503300e-02 -5.6445000e-02 -1.1675000e+03]
 [ 0.0000000e+00  0.0000000e+00  0.0000000e+00  1.0000000e+00]]
[-0134.04, +0035.76, -1084.49]
1426, 1426, 1800
[[-8.6597320e-02  9.6104152e-01 -2.6182088e-01 -2.7120000e+01]
 [ 3.5088880e-02  2.6575886e-01  9.6327802e-01  1.4196000e+02]
 [ 9.9544952e-01  7.4397380e-02 -5.6612820e-02 -1.1675200e+03]
 [ 0.0000000e+00  0.0000000e+00  0.0000000e+00  1.0000000e+00]]
[-0150.79, +0035.31, -1086.84]
1234, 1234, 1800
[[-8.6359940e-02  9.6107628e-01 -2.6162754e-01 -2.7110000e+01]
 [ 3.5123640e-02  2.6559100e-01  9.6329652e-01  1.4192000e+02]
 [ 9.9543102e-01  7.4204040e-02 -5.6543300e-02 -1.1674800e+03]
 [ 0.0000000e+00  0.0000000e+00  0.0000000e+00  1.0000000e+00]]
[-0168.94, +0035.15, -1093.78]
1042, 1042, 1800
[[-8.5760580e-02  9.6133334e-01 -2.6130432e-01 -2.7030000e+01]
 [ 3.4432260e-02  2.6507334e-01  9.6354184e-01  1.4190000e+02]
 [ 9.9561848e-01  7.3733760e-02 -5.5762080e-02 -1.1675100e+03]
 [ 0.0000000e+00  0.0000000e+00  0.0000000e+00  1.0000000e+00]]
[-0184.78, +0034.04, -1104.88]
850, 850, 1800
[[-8.5636180e-02  9.6149594e-01 -2.6083694e-01 -2.6970000e+01]
 [ 3.4170940e-02  2.6455548e-01  9.6371002e-01  1.4186000e+02]
 [ 9.9566194e-01  7.3689980e-02 -5.5455700e-02 -1.1675100e+03]
 [ 0.0000000e+00  0.0000000e+00  0.0000000e+00  1.0000000e+00]]
[-0199.27, +0033.78, -1121.69]
2194, 2194, 1220
[[-8.8433160e-02  9.6034878e-01 -2.6341838e-01 -2.7290000e+01]
 [ 3.9278980e-02  2.6786694e-01  9.6247302e-01  1.4239000e+02]
 [ 9.9504582e-01  7.5015820e-02 -6.1228260e-02 -1.1675400e+03]
 [ 0.0000000e+00  0.0000000e+00  0.0000000e+00  1.0000000e+00]]
[-0045.57, +0034.84, -1112.51]
2002, 2002, 1220
[[-8.6472360e-02  9.6151004e-01 -2.6002956e-01 -2.6990000e+01]
 [ 3.6183240e-02  2.6406510e-01  9.6368338e-01  1.4192000e+02]
 [ 9.9539324e-01  7.4116980e-02 -5.7482100e-02 -1.1674600e+03]
 [ 0.0000000e+00  0.0000000e+00  0.0000000e+00  1.0000000e+00]]
[-0049.68, +0036.57, -1103.35]
1810, 1810, 1220
[[-8.6285520e-02  9.6166272e-01 -2.5957852e-01 -2.7070000e+01]
 [ 3.5526080e-02  2.6354016e-01  9.6386088e-01  1.4191000e+02]
 [ 9.9544668e-01  7.4126320e-02 -5.6770320e-02 -1.1674900e+03]
 [ 0.0000000e+00  0.0000000e+00  0.0000000e+00  1.0000000e+00]]
[-0063.04, +0037.47, -1088.91]
1618, 1618, 1220
[[-8.611050e-02  9.616755e-01 -2.595751e-01 -2.706000e+01]
 [ 3.575050e-02  2.635470e-01  9.638481e-01  1.418800e+02]
 [ 9.954501e-01  7.390190e-02 -5.693850e-02 -1.167460e+03]
 [ 0.000000e+00  0.000000e+00  0.000000e+00  1.000000e+00]]
[-0077.55, +0036.14, -1077.13]
1426, 1426, 1220
[[-8.5162020e-02  9.6172012e-01 -2.5941988e-01 -2.7050000e+01]
 [ 3.5270120e-02  2.6337878e-01  9.6385628e-01  1.4184000e+02]
 [ 9.9546988e-01  7.3193720e-02 -5.6158240e-02 -1.1674800e+03]
 [ 0.0000000e+00  0.0000000e+00  0.0000000e+00  1.0000000e+00]]
[-0093.71, +0037.01, -1068.82]
1234, 1234, 1220
[[-8.6161360e-02  9.6173720e-01 -2.5899260e-01 -2.7040000e+01]
 [ 3.5352400e-02  2.6302182e-01  9.6394468e-01  1.4184000e+02]
 [ 9.9537220e-01  7.4166680e-02 -5.6464180e-02 -1.1674700e+03]
 [ 0.0000000e+00  0.0000000e+00  0.0000000e+00  1.0000000e+00]]
[-0114.53, +0036.33, -1063.38]
1042, 1042, 1220
[[-8.5625320e-02  9.6200286e-01 -2.5865294e-01 -2.6970000e+01]
 [ 3.5056140e-02  2.6251020e-01  9.6418038e-01  1.4180000e+02]
 [ 9.9555106e-01  7.3642620e-02 -5.6089480e-02 -1.1674800e+03]
 [ 0.0000000e+00  0.0000000e+00  0.0000000e+00  1.0000000e+00]]
[-0136.31, +0035.35, -1062.54]
850, 850, 1220
[[-8.4739360e-02  9.6205660e-01 -2.5848132e-01 -2.6910000e+01]
 [ 3.4971320e-02  2.6234870e-01  9.6417924e-01  1.4176000e+02]
 [ 9.9556140e-01  7.2881400e-02 -5.5715300e-02 -1.1674800e+03]
 [ 0.0000000e+00  0.0000000e+00  0.0000000e+00  1.0000000e+00]]
[-0160.02, +0034.71, -1066.89]
2002, 2002, 800
[[-8.6834740e-02  9.6137584e-01 -2.6027768e-01 -2.7120000e+01]
 [ 3.6821920e-02  2.6441486e-01  9.6354016e-01  1.4209000e+02]
 [ 9.9530504e-01  7.4310080e-02 -5.8194240e-02 -1.1675300e+03]
 [ 0.0000000e+00  0.0000000e+00  0.0000000e+00  1.0000000e+00]]
[-0025.32, +0036.21, -1128.55]
1810, 1810, 800
[[-8.5800500e-02  9.6202110e-01 -2.5845030e-01 -2.6990000e+01]
 [ 3.5037900e-02  2.6233502e-01  9.6421474e-01  1.4187000e+02]
 [ 9.9551670e-01  7.3845260e-02 -5.6089480e-02 -1.1675000e+03]
 [ 0.0000000e+00  0.0000000e+00  0.0000000e+00  1.0000000e+00]]
[-0031.06, +0037.27, -1112.37]
1618, 1618, 800
[[-8.5450180e-02  9.6195890e-01 -2.5832496e-01 -2.6960000e+01]
 [ 3.5574100e-02  2.6234870e-01  9.6410520e-01  1.4184000e+02]
 [ 9.9540504e-01  7.3480800e-02 -5.6426120e-02 -1.1674800e+03]
 [ 0.0000000e+00  0.0000000e+00  0.0000000e+00  1.0000000e+00]]
[-0039.02, +0036.89, -1094.81]
1426, 1426, 800
[[-8.5800500e-02  9.6193350e-01 -2.5833180e-01 -2.6960000e+01]
 [ 3.5125500e-02  2.6233502e-01  9.6413060e-01  1.4182000e+02]
 [ 9.9539820e-01  7.3929400e-02 -5.6089480e-02 -1.1674900e+03]
 [ 0.0000000e+00  0.0000000e+00  0.0000000e+00  1.0000000e+00]]
[-0050.14, +0037.31, -1079.46]
1234, 1234, 800
[[-8.5089680e-02  9.6209316e-01 -2.5807608e-01 -2.6950000e+01]
 [ 3.4934760e-02  2.6199838e-01  9.6424776e-01  1.4180000e+02]
 [ 9.9549288e-01  7.3286640e-02 -5.5715300e-02 -1.1674800e+03]
 [ 0.0000000e+00  0.0000000e+00  0.0000000e+00  1.0000000e+00]]
[-0067.04, +0036.79, -1065.17]
1042, 1042, 800
[[-8.5378600e-02  9.6212042e-01 -2.5768694e-01 -2.6890000e+01]
 [ 3.4502300e-02  2.6164094e-01  9.6432542e-01  1.4176000e+02]
 [ 9.9543350e-01  7.3744300e-02 -5.5310100e-02 -1.1674900e+03]
 [ 0.0000000e+00  0.0000000e+00  0.0000000e+00  1.0000000e+00]]
[-0088.09, +0035.97, -1054.35]
850, 800, 800
[[-8.5431140e-02  9.6226956e-01 -2.5722282e-01 -2.6840000e+01]
 [ 3.4016520e-02  2.6111480e-01  9.6450524e-01  1.4173000e+02]
 [ 9.9547434e-01  7.3924120e-02 -5.4836500e-02 -1.1675100e+03]
 [ 0.0000000e+00  0.0000000e+00  0.0000000e+00  1.0000000e+00]]
[-0116.30, +0041.31, -1047.69]
1042, 800, 800
[[-8.5440160e-02  9.6233564e-01 -2.5770164e-01 -2.6920000e+01]
 [ 3.4929160e-02  2.6147952e-01  9.6450628e-01  1.4173000e+02]
 [ 9.9563044e-01  7.3501880e-02 -5.5883680e-02 -1.1674700e+03]
 [ 0.0000000e+00  0.0000000e+00  0.0000000e+00  1.0000000e+00]]
[-0102.35, +0063.71, -1053.07]
1234, 800, 800
[[-8.6264640e-02  9.6218488e-01 -2.5777096e-01 -2.6930000e+01]
 [ 3.4705840e-02  2.6163390e-01  9.6443278e-01  1.4174000e+02]
 [ 9.9551048e-01  7.4399860e-02 -5.5852500e-02 -1.1674800e+03]
 [ 0.0000000e+00  0.0000000e+00  0.0000000e+00  1.0000000e+00]]
[-0090.49, +0082.06, -1063.30]
1426, 800, 800
[[-8.5501800e-02  9.6210794e-01 -2.5786082e-01 -2.6960000e+01]
 [ 3.5088340e-02  2.6182316e-01  9.6428546e-01  1.4175000e+02]
 [ 9.9544598e-01  7.3661060e-02 -5.5952200e-02 -1.1674700e+03]
 [ 0.0000000e+00  0.0000000e+00  0.0000000e+00  1.0000000e+00]]
[-0079.67, +0097.96, -1078.13]
1618, 800, 800
[[-8.6099400e-02  9.6208886e-01 -2.5800918e-01 -2.6980000e+01]
 [ 3.6017940e-02  2.6200518e-01  9.6425206e-01  1.4177000e+02]
 [ 9.9543278e-01  7.3921260e-02 -5.7068580e-02 -1.1674400e+03]
 [ 0.0000000e+00  0.0000000e+00  0.0000000e+00  1.0000000e+00]]
[-0070.69, +0110.08, -1095.85]
1810, 800, 800
[[-8.6212740e-02  9.6206672e-01 -2.5802880e-01 -2.7010000e+01]
 [ 3.5397600e-02  2.6199150e-01  9.6427420e-01  1.4179000e+02]
 [ 9.9543872e-01  7.4198040e-02 -5.6494800e-02 -1.1674700e+03]
 [ 0.0000000e+00  0.0000000e+00  0.0000000e+00  1.0000000e+00]]
[-0063.89, +0118.06, -1115.49]
2002, 800, 800
[[-8.6573640e-02  9.6193252e-01 -2.5827724e-01 -2.7050000e+01]
 [ 3.6036760e-02  2.6234190e-01  9.6413158e-01  1.4180000e+02]
 [ 9.9535052e-01  7.4392060e-02 -5.7206100e-02 -1.1675000e+03]
 [ 0.0000000e+00  0.0000000e+00  0.0000000e+00  1.0000000e+00]]
[-0059.60, +0121.42, -1135.50]
850, 1220, 1220
[[-8.5388340e-02  9.6203720e-01 -2.5845952e-01 -2.6980000e+01]
 [ 3.5090480e-02  2.6234190e-01  9.6419864e-01  1.4178000e+02]
 [ 9.9553280e-01  7.3449200e-02 -5.6020800e-02 -1.1674600e+03]
 [ 0.0000000e+00  0.0000000e+00  0.0000000e+00  1.0000000e+00]]
[-0137.59, -0002.69, -1069.32]
1042, 1220, 1220
[[-8.5625320e-02  9.6191528e-01 -2.5853444e-01 -2.7030000e+01]
 [ 3.5143720e-02  2.6251020e-01  9.6409624e-01  1.4180000e+02]
 [ 9.9543256e-01  7.3726760e-02 -5.6089480e-02 -1.1674600e+03]
 [ 0.0000000e+00  0.0000000e+00  0.0000000e+00  1.0000000e+00]]
[-0125.84, +0018.38, -1063.55]
1234, 1220, 1220
[[-8.6511680e-02  9.6186120e-01 -2.5870584e-01 -2.7040000e+01]
 [ 3.5228400e-02  2.6267150e-01  9.6409770e-01  1.4180000e+02]
 [ 9.9542184e-01  7.4487900e-02 -5.6464180e-02 -1.1674700e+03]
 [ 0.0000000e+00  0.0000000e+00  0.0000000e+00  1.0000000e+00]]
[-0114.53, +0038.05, -1063.37]
1426, 1220, 1220
[[-8.6099400e-02  9.6196502e-01 -2.5883366e-01 -2.7060000e+01]
 [ 3.5193460e-02  2.6267846e-01  9.6416558e-01  1.4181000e+02]
 [ 9.9555662e-01  7.4007740e-02 -5.6395300e-02 -1.1674800e+03]
 [ 0.0000000e+00  0.0000000e+00  0.0000000e+00  1.0000000e+00]]
[-0102.78, +0057.17, -1067.89]
1618, 1220, 1220
[[-8.6748820e-02  9.6173912e-01 -2.5878064e-01 -2.7080000e+01]
 [ 3.5281520e-02  2.6283968e-01  9.6399544e-01  1.4182000e+02]
 [ 9.9532144e-01  7.4765360e-02 -5.6533140e-02 -1.1674800e+03]
 [ 0.0000000e+00  0.0000000e+00  0.0000000e+00  1.0000000e+00]]
[-0092.09, +0073.69, -1076.19]
1810, 1220, 1220
[[-8.6573640e-02  9.6172094e-01 -2.5898330e-01 -2.7110000e+01]
 [ 3.5299700e-02  2.6301486e-01  9.6396094e-01  1.4182000e+02]
 [ 9.9535594e-01  7.4562700e-02 -5.6533140e-02 -1.1674900e+03]
 [ 0.0000000e+00  0.0000000e+00  0.0000000e+00  1.0000000e+00]]
[-0082.34, +0087.74, -1088.43]
2002, 1220, 1220
[[-8.7110160e-02  9.6166120e-01 -2.5935364e-01 -2.7150000e+01]
 [ 3.5626640e-02  2.6335814e-01  9.6391520e-01  1.4185000e+02]
 [ 9.9538300e-01  7.4896640e-02 -5.7076660e-02 -1.1674900e+03]
 [ 0.0000000e+00  0.0000000e+00  0.0000000e+00  1.0000000e+00]]
[-0073.35, +0099.38, -1104.59]
2194, 1220, 1220
[[-8.8059600e-02  9.6152848e-01 -2.5938936e-01 -2.7210000e+01]
 [ 3.6194400e-02  2.6352624e-01  9.6382352e-01  1.4188000e+02]
 [ 9.9524360e-01  7.5688800e-02 -5.7858000e-02 -1.1674600e+03]
 [ 0.0000000e+00  0.0000000e+00  0.0000000e+00  1.0000000e+00]]
[-0068.89, +0104.39, -1119.21]
850, 1800, 1800
[[-8.6223400e-02  9.6162238e-01 -2.5980086e-01 -2.7080000e+01]
 [ 3.4923940e-02  2.6370134e-01  9.6384838e-01  1.4185000e+02]
 [ 9.9548702e-01  7.4200940e-02 -5.6196900e-02 -1.1674700e+03]
 [ 0.0000000e+00  0.0000000e+00  0.0000000e+00  1.0000000e+00]]
[-0152.66, -0036.76, -1126.89]
1042, 1800, 1800
[[-8.6997300e-02  9.6150260e-01 -2.5983370e-01 -2.7160000e+01]
 [ 3.5716040e-02  2.6387640e-01  9.6374372e-01  1.4186000e+02]
 [ 9.9535178e-01  7.4768600e-02 -5.7145860e-02 -1.1674700e+03]
 [ 0.0000000e+00  0.0000000e+00  0.0000000e+00  1.0000000e+00]]
[-0146.11, -0024.28, -1108.75]
1234, 1800, 1800
[[-8.6410000e-02  9.6161924e-01 -2.5995832e-01 -2.7150000e+01]
 [ 3.5905880e-02  2.6389016e-01  9.6379864e-01  1.4187000e+02]
 [ 9.9549016e-01  7.4064080e-02 -5.7244800e-02 -1.1674600e+03]
 [ 0.0000000e+00  0.0000000e+00  0.0000000e+00  1.0000000e+00]]
[-0139.23, -0009.62, -1096.23]
1426, 1800, 1800
[[-8.7297000e-02  9.6138990e-01 -2.5989190e-01 -2.7190000e+01]
 [ 3.6164900e-02  2.6405142e-01  9.6363198e-01  1.4188000e+02]
 [ 9.9524190e-01  7.4993020e-02 -5.7620580e-02 -1.1674400e+03]
 [ 0.0000000e+00  0.0000000e+00  0.0000000e+00  1.0000000e+00]]
[-0130.26, +0007.85, -1087.63]
1618, 1800, 1800
[[-8.6997300e-02  9.6138394e-01 -2.5992122e-01 -2.7180000e+01]
 [ 3.5597380e-02  2.6404446e-01  9.6363794e-01  1.4189000e+02]
 [ 9.9526426e-01  7.4874380e-02 -5.6977800e-02 -1.1674800e+03]
 [ 0.0000000e+00  0.0000000e+00  0.0000000e+00  1.0000000e+00]]
[-0121.15, +0025.09, -1084.49]
1810, 1800, 1800
[[-8.7297000e-02  9.6144620e-01 -2.6021680e-01 -2.7220000e+01]
 [ 3.5871200e-02  2.6421948e-01  9.6369428e-01  1.4189000e+02]
 [ 9.9539180e-01  7.4930720e-02 -5.7452520e-02 -1.1674700e+03]
 [ 0.0000000e+00  0.0000000e+00  0.0000000e+00  1.0000000e+00]]
[-0111.13, +0041.68, -1085.13]
2002, 1800, 1800
[[-8.6772180e-02  9.6145370e-01 -2.6041268e-01 -2.7250000e+01]
 [ 3.6338500e-02  2.6440814e-01  9.6363380e-01  1.4191000e+02]
 [ 9.9543332e-01  7.4279000e-02 -5.7788680e-02 -1.1674700e+03]
 [ 0.0000000e+00  0.0000000e+00  0.0000000e+00  1.0000000e+00]]
[-0102.01, +0056.19, -1089.39]
2194, 1800, 1800
[[-8.8784800e-02  9.6119736e-01 -2.6029688e-01 -2.7310000e+01]
 [ 3.7058640e-02  2.6456248e-01  9.6349416e-01  1.4195000e+02]
 [ 9.9512888e-01  7.6118160e-02 -5.8947280e-02 -1.1674400e+03]
 [ 0.0000000e+00  0.0000000e+00  0.0000000e+00  1.0000000e+00]]
[-0094.42, +0067.56, -1096.33]
800, 850, 800
[[-8.4905000e-02  9.6242562e-01 -2.5712466e-01 -2.6830000e+01]
 [ 3.4807500e-02  2.6096734e-01  9.6457338e-01  1.4171000e+02]
 [ 9.9557250e-01  7.3145700e-02 -5.5510100e-02 -1.1674700e+03]
 [ 0.0000000e+00  0.0000000e+00  0.0000000e+00  1.0000000e+00]]
[-0113.89, +0029.55, -1047.55]
800, 1042, 800
[[-8.5080340e-02  9.6232096e-01 -2.5774628e-01 -2.6860000e+01]
 [ 3.3965120e-02  2.6146560e-01  9.6452096e-01  1.4174000e+02]
 [ 9.9566116e-01  7.3434880e-02 -5.4836500e-02 -1.1675100e+03]
 [ 0.0000000e+00  0.0000000e+00  0.0000000e+00  1.0000000e+00]]
[-0099.96, +0006.81, -1052.91]
800, 1234, 800
[[-8.5203300e-02  9.6233908e-01 -2.5771424e-01 -2.6870000e+01]
 [ 3.4757320e-02  2.6147952e-01  9.6450284e-01  1.4177000e+02]
 [ 9.9564304e-01  7.3330040e-02 -5.5646820e-02 -1.1675100e+03]
 [ 0.0000000e+00  0.0000000e+00  0.0000000e+00  1.0000000e+00]]
[-0088.83, -0010.36, -1062.41]
800, 1426, 800
[[-8.4791220e-02  9.6220588e-01 -2.5801702e-01 -2.6880000e+01]
 [ 3.4485320e-02  2.6182316e-01  9.6435932e-01  1.4179000e+02]
 [ 9.9560218e-01  7.3061480e-02 -5.5241620e-02 -1.1675200e+03]
 [ 0.0000000e+00  0.0000000e+00  0.0000000e+00  1.0000000e+00]]
[-0079.32, -0024.59, -1075.58]
800, 1618, 800
[[-8.4389200e-02  9.6211264e-01 -2.5826868e-01 -2.6900000e+01]
 [ 3.5625920e-02  2.6219360e-01  9.6417576e-01  1.4181000e+02]
 [ 9.9553716e-01  7.2411120e-02 -5.6220560e-02 -1.1674700e+03]
 [ 0.0000000e+00  0.0000000e+00  0.0000000e+00  1.0000000e+00]]
[-0070.98, -0037.05, -1092.90]
800, 1810, 800
[[-8.4863040e-02  9.6216264e-01 -2.5856792e-01 -2.6910000e+01]
 [ 3.5675920e-02  2.6236206e-01  9.6424494e-01  1.4183000e+02]
 [ 9.9566136e-01  7.2692020e-02 -5.6525940e-02 -1.1674900e+03]
 [ 0.0000000e+00  0.0000000e+00  0.0000000e+00  1.0000000e+00]]
[-0064.25, -0045.47, -1111.75]
800, 2002, 800
[[-8.4801160e-02  9.6200398e-01 -2.5887738e-01 -2.6870000e+01]
 [ 3.4955380e-02  2.6269214e-01  9.6412662e-01  1.4185000e+02]
 [ 9.9561402e-01  7.2872220e-02 -5.5783860e-02 -1.1674600e+03]
 [ 0.0000000e+00  0.0000000e+00  0.0000000e+00  1.0000000e+00]]
[-0059.50, -0049.71, -1132.55]
1220, 850, 1220
[[-8.6326280e-02  9.6186456e-01 -2.5854852e-01 -2.7010000e+01]
 [ 3.4246440e-02  2.6248204e-01  9.6414696e-01  1.4173000e+02]
 [ 9.9541848e-01  7.4624040e-02 -5.5416680e-02 -1.1675000e+03]
 [ 0.0000000e+00  0.0000000e+00  0.0000000e+00  1.0000000e+00]]
[-0136.39, +0074.17, -1069.67]
1220, 1042, 1220
[[-8.5862340e-02  9.6188090e-01 -2.5872784e-01 -2.7020000e+01]
 [ 3.5109340e-02  2.6267846e-01  9.6407800e-01  1.4180000e+02]
 [ 9.9545080e-01  7.3920160e-02 -5.6158240e-02 -1.1674500e+03]
 [ 0.0000000e+00  0.0000000e+00  0.0000000e+00  1.0000000e+00]]
[-0124.34, +0052.58, -1063.66]
1220, 1234, 1220
[[-8.6161360e-02  9.6176820e-01 -2.5878648e-01 -2.6980000e+01]
 [ 3.5558520e-02  2.6285360e-01  9.6396636e-01  1.4178000e+02]
 [ 9.9534120e-01  7.4145000e-02 -5.6632400e-02 -1.1674300e+03]
 [ 0.0000000e+00  0.0000000e+00  0.0000000e+00  1.0000000e+00]]
[-0113.81, +0034.57, -1063.34]
1220, 1426, 1220
[[-8.5512100e-02  9.6196286e-01 -2.5904558e-01 -2.7020000e+01]
 [ 3.5264420e-02  2.6286044e-01  9.6411506e-01  1.4180000e+02]
 [ 9.9560714e-01  7.3409020e-02 -5.6326500e-02 -1.1674200e+03]
 [ 0.0000000e+00  0.0000000e+00  0.0000000e+00  1.0000000e+00]]
[-0103.72, +0017.91, -1066.54]
1220, 1618, 1220
[[-8.5038100e-02  9.6185118e-01 -2.5915836e-01 -2.6940000e+01]
 [ 3.4802580e-02  2.6302870e-01  9.6400236e-01  1.4181000e+02]
 [ 9.9554484e-01  7.3171560e-02 -5.5684240e-02 -1.1674200e+03]
 [ 0.0000000e+00  0.0000000e+00  0.0000000e+00  1.0000000e+00]]
[-0092.56, +0000.65, -1074.11]
1220, 1810, 1220
[[-8.5337040e-02  9.6182600e-01 -2.5933576e-01 -2.6950000e+01]
 [ 3.5164240e-02  2.6320376e-01  9.6397480e-01  1.4183000e+02]
 [ 9.9555400e-01  7.3312240e-02 -5.6158240e-02 -1.1673900e+03]
 [ 0.0000000e+00  0.0000000e+00  0.0000000e+00  1.0000000e+00]]
[-0083.13, -0013.37, -1085.17]
1220, 2002, 1220
[[-8.5512100e-02  9.6166386e-01 -2.5963278e-01 -2.6960000e+01]
 [ 3.4615260e-02  2.6353324e-01  9.6385974e-01  1.4186000e+02]
 [ 9.9549402e-01  7.3664340e-02 -5.5653700e-02 -1.1674100e+03]
 [ 0.0000000e+00  0.0000000e+00  0.0000000e+00  1.0000000e+00]]
[-0074.20, -0025.82, -1101.24]
1220, 2194, 1220
[[-8.5173640e-02  9.6151780e-01 -2.6028000e-01 -2.6980000e+01]
 [ 3.5740000e-02  2.6424668e-01  9.6362268e-01  1.4193000e+02]
 [ 9.9548220e-01  7.3003680e-02 -5.6701320e-02 -1.1674100e+03]
 [ 0.0000000e+00  0.0000000e+00  0.0000000e+00  1.0000000e+00]]
[-0068.67, -0032.42, -1117.86]
1800, 850, 1800
[[-8.7347460e-02  9.6150794e-01 -2.5963452e-01 -2.7220000e+01]
 [ 3.5473380e-02  2.6369430e-01  9.6379124e-01  1.4182000e+02]
 [ 9.9531364e-01  7.5195720e-02 -5.6977800e-02 -1.1674600e+03]
 [ 0.0000000e+00  0.0000000e+00  0.0000000e+00  1.0000000e+00]]
[-0151.62, +0107.62, -1127.67]
1800, 1042, 1800
[[-8.7584800e-02  9.6150440e-01 -2.5962160e-01 -2.7180000e+01]
 [ 3.5644960e-02  2.6369430e-01  9.6379478e-01  1.4182000e+02]
 [ 9.9530072e-01  7.5367300e-02 -5.7215140e-02 -1.1674400e+03]
 [ 0.0000000e+00  0.0000000e+00  0.0000000e+00  1.0000000e+00]]
[-0143.95, +0096.01, -1109.41]
1800, 1234, 1800
[[-8.7059620e-02  9.6163072e-01 -2.5972984e-01 -2.7160000e+01]
 [ 3.6230720e-02  2.6371518e-01  9.6384004e-01  1.4185000e+02]
 [ 9.9542984e-01  7.4609960e-02 -5.7719440e-02 -1.1674200e+03]
 [ 0.0000000e+00  0.0000000e+00  0.0000000e+00  1.0000000e+00]]
[-0137.31, +0083.35, -1097.67]
1800, 1426, 1800
[[-8.6884640e-02  9.6137508e-01 -2.6010756e-01 -2.7210000e+01]
 [ 3.6011640e-02  2.6422640e-01  9.6359388e-01  1.4184000e+02]
 [ 9.9528948e-01  7.4618760e-02 -5.7383200e-02 -1.1674200e+03]
 [ 0.0000000e+00  0.0000000e+00  0.0000000e+00  1.0000000e+00]]
[-0129.24, +0069.45, -1089.65]
1800, 1618, 1800
[[-8.7472020e-02  9.6134576e-01 -2.6010160e-01 -2.7210000e+01]
 [ 3.5734240e-02  2.6421248e-01  9.6362320e-01  1.4184000e+02]
 [ 9.9526960e-01  7.5239200e-02 -5.7284500e-02 -1.1674500e+03]
 [ 0.0000000e+00  0.0000000e+00  0.0000000e+00  1.0000000e+00]]
[-0121.10, +0054.86, -1085.51]
1800, 1810, 1800
[[-8.7709440e-02  9.6142976e-01 -2.6020736e-01 -2.7210000e+01]
 [ 3.5818240e-02  2.6421248e-01  9.6371072e-01  1.4190000e+02]
 [ 9.9537536e-01  7.5326720e-02 -5.7521920e-02 -1.1674400e+03]
 [ 0.0000000e+00  0.0000000e+00  0.0000000e+00  1.0000000e+00]]
[-0110.95, +0037.39, -1084.90]
1800, 2002, 1800
[[-8.6709700e-02  9.6138798e-01 -2.6010414e-01 -2.7160000e+01]
 [ 3.6236100e-02  2.6423324e-01  9.6358098e-01  1.4193000e+02]
 [ 9.9529290e-01  7.4394300e-02 -5.7551300e-02 -1.1674100e+03]
 [ 0.0000000e+00  0.0000000e+00  0.0000000e+00  1.0000000e+00]]
[-0101.69, +0021.07, -1088.24]
1800, 2194, 1800
[[-8.7547240e-02  9.6130310e-01 -2.6065102e-01 -2.7250000e+01]
 [ 3.6924020e-02  2.6475110e-01  9.6350686e-01  1.4197000e+02]
 [ 9.9532870e-01  7.4867900e-02 -5.8570500e-02 -1.1674300e+03]
 [ 0.0000000e+00  0.0000000e+00  0.0000000e+00  1.0000000e+00]]
[-0093.24, +0007.16, -1095.19]
800, 800, 850
[[-8.5369860e-02  9.6237896e-01 -2.5715120e-01 -2.6820000e+01]
 [ 3.3738800e-02  2.6093934e-01  9.6462004e-01  1.4171000e+02]
 [ 9.9557104e-01  7.3870600e-02 -5.4599760e-02 -1.1675100e+03]
 [ 0.0000000e+00  0.0000000e+00  0.0000000e+00  1.0000000e+00]]
[-0122.93, +0035.33, -1048.36]
800, 800, 1042
[[-8.4791220e-02  9.6223666e-01 -2.5781100e-01 -2.6890000e+01]
 [ 3.4691340e-02  2.6165478e-01  9.6438100e-01  1.4173000e+02]
 [ 9.9557140e-01  7.3039800e-02 -5.5410000e-02 -1.1674800e+03]
 [ 0.0000000e+00  0.0000000e+00  0.0000000e+00  1.0000000e+00]]
[-0149.32, +0034.66, -1057.60]
800, 800, 1234
[[-8.5501800e-02  9.6207710e-01 -2.5806690e-01 -2.6920000e+01]
 [ 3.4882260e-02  2.6199150e-01  9.6426382e-01  1.4171000e+02]
 [ 9.9547682e-01  7.3682700e-02 -5.5783860e-02 -1.1674800e+03]
 [ 0.0000000e+00  0.0000000e+00  0.0000000e+00  1.0000000e+00]]
[-0169.05, +0034.40, -1070.77]
800, 800, 1426
[[-8.5501800e-02  9.6207710e-01 -2.5806690e-01 -2.6960000e+01]
 [ 3.4882260e-02  2.6199150e-01  9.6426382e-01  1.4172000e+02]
 [ 9.9547682e-01  7.3682700e-02 -5.5783860e-02 -1.1674700e+03]
 [ 0.0000000e+00  0.0000000e+00  0.0000000e+00  1.0000000e+00]]
[-0184.87, +0034.02, -1087.45]
800, 800, 1618
[[-8.5615460e-02  9.6187536e-01 -2.5858638e-01 -2.6990000e+01]
 [ 3.3731280e-02  2.6248204e-01  9.6413616e-01  1.4173000e+02]
 [ 9.9545634e-01  7.4108880e-02 -5.4705860e-02 -1.1674900e+03]
 [ 0.0000000e+00  0.0000000e+00  0.0000000e+00  1.0000000e+00]]
[-0196.94, +0033.89, -1107.64]
800, 800, 1810
[[-8.5975720e-02  9.6188992e-01 -2.5854140e-01 -2.7010000e+01]
 [ 3.4695080e-02  2.6249628e-01  9.6412160e-01  1.4172000e+02]
 [ 9.9542560e-01  7.4175400e-02 -5.5753000e-02 -1.1674600e+03]
 [ 0.0000000e+00  0.0000000e+00  0.0000000e+00  1.0000000e+00]]
[-0203.14, +0033.77, -1126.93]
800, 800, 2002
[[-8.5450180e-02  9.6195364e-01 -2.5906164e-01 -2.7070000e+01]
 [ 3.4868360e-02  2.6285360e-01  9.6412428e-01  1.4173000e+02]
 [ 9.9561636e-01  7.3461720e-02 -5.5921220e-02 -1.1674300e+03]
 [ 0.0000000e+00  0.0000000e+00  0.0000000e+00  1.0000000e+00]]
[-0206.36, +0033.80, -1151.63]
1220, 1220, 850
[[-8.5213200e-02  9.6208076e-01 -2.5825008e-01 -2.6950000e+01]
 [ 3.5520840e-02  2.6218032e-01  9.6420764e-01  1.4177000e+02]
 [ 9.9550528e-01  7.3203240e-02 -5.6357520e-02 -1.1674600e+03]
 [ 0.0000000e+00  0.0000000e+00  0.0000000e+00  1.0000000e+00]]
[-0071.28, +0036.67, -1063.50]
1220, 1220, 1042
[[-8.5625320e-02  9.6179678e-01 -2.5862202e-01 -2.7000000e+01]
 [ 3.5025220e-02  2.6267846e-01  9.6399042e-01  1.4179000e+02]
 [ 9.9534498e-01  7.3832580e-02 -5.5921220e-02 -1.1674900e+03]
 [ 0.0000000e+00  0.0000000e+00  0.0000000e+00  1.0000000e+00]]
[-0096.12, +0036.48, -1061.10]
1220, 1220, 1234
[[-8.5975720e-02  9.6185904e-01 -2.5874752e-01 -2.7020000e+01]
 [ 3.4488960e-02  2.6266446e-01  9.6409986e-01  1.4179000e+02]
 [ 9.9545648e-01  7.4197140e-02 -5.5584820e-02 -1.1674900e+03]
 [ 0.0000000e+00  0.0000000e+00  0.0000000e+00  1.0000000e+00]]
[-0117.21, +0036.27, -1063.57]
1220, 1220, 1426
[[-8.5924260e-02  9.6189018e-01 -2.5871168e-01 -2.7040000e+01]
 [ 3.5505380e-02  2.6268534e-01  9.6406872e-01  1.4179000e+02]
 [ 9.9544152e-01  7.3867520e-02 -5.6563560e-02 -1.1674500e+03]
 [ 0.0000000e+00  0.0000000e+00  0.0000000e+00  1.0000000e+00]]
[-0137.76, +0036.03, -1070.54]
1220, 1220, 1618
[[-8.5749160e-02  9.6184092e-01 -2.5912044e-01 -2.7020000e+01]
 [ 3.5317560e-02  2.6302870e-01  9.6401262e-01  1.4178000e+02]
 [ 9.9550692e-01  7.3686540e-02 -5.6395300e-02 -1.1674600e+03]
 [ 0.0000000e+00  0.0000000e+00  0.0000000e+00  1.0000000e+00]]
[-0156.45, +0035.67, -1081.58]
1220, 1220, 1810
[[-8.5687200e-02  9.6183168e-01 -2.5913656e-01 -2.6960000e+01]
 [ 3.4921520e-02  2.6302182e-01  9.6402186e-01  1.4174000e+02]
 [ 9.9551616e-01  7.3739260e-02 -5.5990020e-02 -1.1674500e+03]
 [ 0.0000000e+00  0.0000000e+00  0.0000000e+00  1.0000000e+00]]
[-0170.24, +0035.27, -1094.70]
1220, 1220, 2002
[[-8.6986000e-02  9.6164260e-01 -2.5938640e-01 -2.7110000e+01]
 [ 3.4834600e-02  2.6334398e-01  9.6393380e-01  1.4178000e+02]
 [ 9.9540160e-01  7.5002200e-02 -5.6266020e-02 -1.1674500e+03]
 [ 0.0000000e+00  0.0000000e+00  0.0000000e+00  1.0000000e+00]]
[-0184.13, +0034.78, -1114.71]
1220, 1220, 2194
[[-8.7409700e-02  9.6148620e-01 -2.5982430e-01 -2.7210000e+01]
 [ 3.5663160e-02  2.6386940e-01  9.6376012e-01  1.4179000e+02]
 [ 9.9533538e-01  7.5164600e-02 -5.7215140e-02 -1.1674400e+03]
 [ 0.0000000e+00  0.0000000e+00  0.0000000e+00  1.0000000e+00]]
[-0189.80, +0034.60, -1132.05]
1800, 1800, 850
[[-8.5523400e-02  9.6176662e-01 -2.5916906e-01 -2.7050000e+01]
 [ 3.6439820e-02  2.6322380e-01  9.6386254e-01  1.4190000e+02]
 [ 9.9540734e-01  7.3238140e-02 -5.7374440e-02 -1.1674500e+03]
 [ 0.0000000e+00  0.0000000e+00  0.0000000e+00  1.0000000e+00]]
[-0027.73, +0037.49, -1112.14]
1800, 1800, 1042
[[-8.6709700e-02  9.6156910e-01 -2.5960440e-01 -2.7100000e+01]
 [ 3.6767060e-02  2.6372870e-01  9.6373008e-01  1.4188000e+02]
 [ 9.9531792e-01  7.4245200e-02 -5.8055840e-02 -1.1674600e+03]
 [ 0.0000000e+00  0.0000000e+00  0.0000000e+00  1.0000000e+00]]
[-0042.57, +0038.77, -1098.82]
1800, 1800, 1234
[[-8.6647300e-02  9.6155954e-01 -2.5962068e-01 -2.7130000e+01]
 [ 3.6371060e-02  2.6372198e-01  9.6373964e-01  1.4187000e+02]
 [ 9.9532748e-01  7.4298040e-02 -5.7650280e-02 -1.1674600e+03]
 [ 0.0000000e+00  0.0000000e+00  0.0000000e+00  1.0000000e+00]]
[-0058.43, +0039.40, -1089.96]
1800, 1800, 1426
[[-8.6884640e-02  9.6143748e-01 -2.5969524e-01 -2.7140000e+01]
 [ 3.6423960e-02  2.6389016e-01  9.6363728e-01  1.4187000e+02]
 [ 9.9522708e-01  7.4575360e-02 -5.7719440e-02 -1.1674200e+03]
 [ 0.0000000e+00  0.0000000e+00  0.0000000e+00  1.0000000e+00]]
[-0077.06, +0039.74, -1084.45]
1800, 1800, 1618
[[-8.7122020e-02  9.6143408e-01 -2.5968228e-01 -2.7170000e+01]
 [ 3.6595520e-02  2.6389016e-01  9.6364068e-01  1.4188000e+02]
 [ 9.9521412e-01  7.4746920e-02 -5.7956820e-02 -1.1674400e+03]
 [ 0.0000000e+00  0.0000000e+00  0.0000000e+00  1.0000000e+00]]
[-0096.48, +0039.78, -1082.97]
1800, 1800, 1810
[[-8.7297000e-02  9.6147740e-01 -2.6001060e-01 -2.7210000e+01]
 [ 3.6077400e-02  2.6405142e-01  9.6371602e-01  1.4187000e+02]
 [ 9.9536060e-01  7.4908980e-02 -5.7620580e-02 -1.1674500e+03]
 [ 0.0000000e+00  0.0000000e+00  0.0000000e+00  1.0000000e+00]]
[-0113.74, +0039.72, -1085.21]
1800, 1800, 2002
[[-8.7122020e-02  9.6145912e-01 -2.6021334e-01 -2.7230000e+01]
 [ 3.6095680e-02  2.6422640e-01  9.6368136e-01  1.4188000e+02]
 [ 9.9539526e-01  7.4706240e-02 -5.7620580e-02 -1.1674400e+03]
 [ 0.0000000e+00  0.0000000e+00  0.0000000e+00  1.0000000e+00]]
[-0134.38, +0039.37, -1092.63]
1800, 1800, 2194
[[-8.7771880e-02  9.6125802e-01 -2.6069086e-01 -2.7270000e+01]
 [ 3.5683020e-02  2.6472342e-01  9.6355194e-01  1.4189000e+02]
 [ 9.9534086e-01  7.5423060e-02 -5.7423460e-02 -1.1674400e+03]
 [ 0.0000000e+00  0.0000000e+00  0.0000000e+00  1.0000000e+00]]
[-0148.57, +0038.79, -1102.21]
2002, 1800, 1800
[[-8.6709700e-02  9.6150666e-01 -2.6001668e-01 -2.7190000e+01]
 [ 3.6354780e-02  2.6406510e-01  9.6368676e-01  1.4189000e+02]
 [ 9.9538036e-01  7.4288520e-02 -5.7719440e-02 -1.1674600e+03]
 [ 0.0000000e+00  0.0000000e+00  0.0000000e+00  1.0000000e+00]]
[-0100.34, +0057.04, -1089.85]
1810, 1800, 1800
[[-8.5636180e-02  9.6153268e-01 -2.5989414e-01 -2.7130000e+01]
 [ 3.5082680e-02  2.6388332e-01  9.6371364e-01  1.4184000e+02]
 [ 9.9541914e-01  7.3686360e-02 -5.6127860e-02 -1.1674800e+03]
 [ 0.0000000e+00  0.0000000e+00  0.0000000e+00  1.0000000e+00]]
[-0112.11, +0037.51, -1085.05]
1618, 1800, 1800
[[-8.5811200e-02  9.6155104e-01 -2.5969152e-01 -2.7100000e+01]
 [ 3.5064320e-02  2.6370830e-01  9.6374814e-01  1.4185000e+02]
 [ 9.9538464e-01  7.3888980e-02 -5.6127860e-02 -1.1674700e+03]
 [ 0.0000000e+00  0.0000000e+00  0.0000000e+00  1.0000000e+00]]
[-0122.41, +0019.62, -1085.14]
1426, 1800, 1800
[[-8.6872900e-02  9.6151502e-01 -2.5966024e-01 -2.7120000e+01]
 [ 3.5130220e-02  2.6369430e-01  9.6378416e-01  1.4184000e+02]
 [ 9.9533936e-01  7.4852560e-02 -5.6503240e-02 -1.1674600e+03]
 [ 0.0000000e+00  0.0000000e+00  0.0000000e+00  1.0000000e+00]]
[-0131.22, +0005.57, -1088.79]
1234, 1800, 1800
[[-8.6522740e-02  9.6177790e-01 -2.5947820e-01 -2.7100000e+01]
 [ 3.5816300e-02  2.6337198e-01  9.6397012e-01  1.4184000e+02]
 [ 9.9552140e-01  7.4192120e-02 -5.7175720e-02 -1.1674500e+03]
 [ 0.0000000e+00  0.0000000e+00  0.0000000e+00  1.0000000e+00]]
[-0138.80, -0009.74, -1096.59]
1042, 1800, 1800
[[-8.5986260e-02  9.6171894e-01 -2.5919526e-01 -2.7030000e+01]
 [ 3.5370660e-02  2.6319692e-01  9.6391022e-01  1.4183000e+02]
 [ 9.9540666e-01  7.3964020e-02 -5.6464180e-02 -1.1674800e+03]
 [ 0.0000000e+00  0.0000000e+00  0.0000000e+00  1.0000000e+00]]
[-0145.43, -0023.55, -1108.85]
850, 1800, 1800
[[-8.5450180e-02  9.6183514e-01 -2.5914920e-01 -2.7000000e+01]
 [ 3.4749860e-02  2.6302182e-01  9.6401840e-01  1.4181000e+02]
 [ 9.9552880e-01  7.3567600e-02 -5.5753000e-02 -1.1675100e+03]
 [ 0.0000000e+00  0.0000000e+00  0.0000000e+00  1.0000000e+00]]
[-0150.49, -0035.39, -1125.09]
2194, 1220, 1220
[[-8.7759940e-02  9.6155366e-01 -2.5921264e-01 -2.7150000e+01]
 [ 3.5833060e-02  2.6335110e-01  9.6385112e-01  1.4187000e+02]
 [ 9.9523496e-01  7.5548320e-02 -5.7383200e-02 -1.1674800e+03]
 [ 0.0000000e+00  0.0000000e+00  0.0000000e+00  1.0000000e+00]]
[-0068.78, +0104.20, -1118.34]
2002, 1220, 1220
[[-8.6573640e-02  9.6195810e-01 -2.5880814e-01 -2.7060000e+01]
 [ 3.5536860e-02  2.6267846e-01  9.6417250e-01  1.4180000e+02]
 [ 9.9553110e-01  7.4351140e-02 -5.6869540e-02 -1.1674600e+03]
 [ 0.0000000e+00  0.0000000e+00  0.0000000e+00  1.0000000e+00]]
[-0077.48, +0093.51, -1100.07]
1810, 1220, 1220
[[-8.6274580e-02  9.6198324e-01 -2.5863100e-01 -2.7020000e+01]
 [ 3.5175240e-02  2.6250328e-01  9.6420000e-01  1.4180000e+02]
 [ 9.9552220e-01  7.4210400e-02 -5.6395300e-02 -1.1674700e+03]
 [ 0.0000000e+00  0.0000000e+00  0.0000000e+00  1.0000000e+00]]
[-0084.95, +0083.47, -1086.36]
1618, 1220, 1220
[[-8.5625320e-02  9.6200286e-01 -2.5865294e-01 -2.7020000e+01]
 [ 3.5056140e-02  2.6251020e-01  9.6418038e-01  1.4177000e+02]
 [ 9.9555106e-01  7.3642620e-02 -5.6089480e-02 -1.1674500e+03]
 [ 0.0000000e+00  0.0000000e+00  0.0000000e+00  1.0000000e+00]]
[-0093.66, +0070.92, -1075.24]
1426, 1220, 1220
[[-8.5625320e-02  9.6200286e-01 -2.5865294e-01 -2.7010000e+01]
 [ 3.5056140e-02  2.6251020e-01  9.6418038e-01  1.4177000e+02]
 [ 9.9555106e-01  7.3642620e-02 -5.6089480e-02 -1.1674500e+03]
 [ 0.0000000e+00  0.0000000e+00  0.0000000e+00  1.0000000e+00]]
[-0103.37, +0055.70, -1067.59]
1234, 1220, 1220
[[-8.5574100e-02  9.6203420e-01 -2.5861740e-01 -2.7000000e+01]
 [ 3.6072600e-02  2.6253048e-01  9.6414904e-01  1.4179000e+02]
 [ 9.9553580e-01  7.3313040e-02 -5.7068580e-02 -1.1674300e+03]
 [ 0.0000000e+00  0.0000000e+00  0.0000000e+00  1.0000000e+00]]
[-0114.37, +0037.20, -1063.28]
1042, 1220, 1220
[[-8.4976260e-02  9.6208412e-01 -2.5826272e-01 -2.6940000e+01]
 [ 3.5349080e-02  2.6218032e-01  9.6420428e-01  1.4177000e+02]
 [ 9.9551792e-01  7.3031480e-02 -5.6120580e-02 -1.1674600e+03]
 [ 0.0000000e+00  0.0000000e+00  0.0000000e+00  1.0000000e+00]]
[-0125.39, +0017.81, -1063.59]
850, 1220, 1220
[[-8.5264900e-02  9.6204974e-01 -2.5828558e-01 -2.6920000e+01]
 [ 3.4504420e-02  2.6215980e-01  9.6423866e-01  1.4175000e+02]
 [ 9.9552026e-01  7.3532620e-02 -5.5378660e-02 -1.1674700e+03]
 [ 0.0000000e+00  0.0000000e+00  0.0000000e+00  1.0000000e+00]]
[-0136.37, -0002.65, -1069.11]
2002, 800, 800
[[-8.5862340e-02  9.6221076e-01 -2.5793438e-01 -2.6990000e+01]
 [ 3.5964680e-02  2.6183676e-01  9.6435444e-01  1.4177000e+02]
 [ 9.9553314e-01  7.3643720e-02 -5.6999940e-02 -1.1674600e+03]
 [ 0.0000000e+00  0.0000000e+00  0.0000000e+00  1.0000000e+00]]
[-0058.94, +0121.85, -1135.58]
1810, 800, 800
[[-8.5203300e-02  9.6222066e-01 -2.5780188e-01 -2.6900000e+01]
 [ 3.4638900e-02  2.6164790e-01  9.6439700e-01  1.4172000e+02]
 [ 9.9555540e-01  7.3435880e-02 -5.5478440e-02 -1.1674900e+03]
 [ 0.0000000e+00  0.0000000e+00  0.0000000e+00  1.0000000e+00]]
[-0065.34, +0114.52, -1112.69]
1618, 800, 800
[[-8.5615460e-02  9.6223536e-01 -2.5758666e-01 -2.6910000e+01]
 [ 3.4792560e-02  2.6147260e-01  9.6443472e-01  1.4172000e+02]
 [ 9.9550854e-01  7.3810320e-02 -5.5715300e-02 -1.1674900e+03]
 [ 0.0000000e+00  0.0000000e+00  0.0000000e+00  1.0000000e+00]]
[-0071.33, +0106.61, -1093.47]
1426, 800, 800
[[-8.5966180e-02  9.6221008e-01 -2.5759370e-01 -2.6890000e+01]
 [ 3.4344080e-02  2.6145852e-01  9.6446000e-01  1.4172000e+02]
 [ 9.9550150e-01  7.4258800e-02 -5.5378660e-02 -1.1674700e+03]
 [ 0.0000000e+00  0.0000000e+00  0.0000000e+00  1.0000000e+00]]
[-0078.58, +0096.54, -1077.77]
1234, 800, 800
[[-8.5317120e-02  9.6222976e-01 -2.5761536e-01 -2.6890000e+01]
 [ 3.4224640e-02  2.6146560e-01  9.6444032e-01  1.4172000e+02]
 [ 9.9553024e-01  7.3690880e-02 -5.5073280e-02 -1.1674900e+03]
 [ 0.0000000e+00  0.0000000e+00  0.0000000e+00  1.0000000e+00]]
[-0088.68, +0081.71, -1063.37]
1042, 800, 800
[[-8.5080340e-02  9.6238236e-01 -2.5733416e-01 -2.6850000e+01]
 [ 3.4377240e-02  2.6112888e-01  9.6456432e-01  1.4170000e+02]
 [ 9.9559976e-01  7.3391520e-02 -5.5173220e-02 -1.1674900e+03]
 [ 0.0000000e+00  0.0000000e+00  0.0000000e+00  1.0000000e+00]]
[-0100.64, +0062.88, -1052.87]
850, 800, 800
[[-8.4782280e-02  9.6240750e-01 -2.5715662e-01 -2.6820000e+01]
 [ 3.4015300e-02  2.6095350e-01  9.6459150e-01  1.4170000e+02]
 [ 9.9559062e-01  7.3250300e-02 -5.4699780e-02 -1.1675100e+03]
 [ 0.0000000e+00  0.0000000e+00  0.0000000e+00  1.0000000e+00]]
[-0113.70, +0041.39, -1047.44]
1800, 2194, 1800
[[-8.7784820e-02  9.6129972e-01 -2.6063796e-01 -2.7250000e+01]
 [ 3.7095480e-02  2.6475110e-01  9.6351024e-01  1.4198000e+02]
 [ 9.9531564e-01  7.5039360e-02 -5.8808080e-02 -1.1674500e+03]
 [ 0.0000000e+00  0.0000000e+00  0.0000000e+00  1.0000000e+00]]
[-0095.52, +0007.64, -1094.95]
1800, 2002, 1800
[[-8.7472020e-02  9.6143328e-01 -2.6022030e-01 -2.7210000e+01]
 [ 3.5646720e-02  2.6421248e-01  9.6370720e-01  1.4190000e+02]
 [ 9.9538830e-01  7.5155200e-02 -5.7284500e-02 -1.1674600e+03]
 [ 0.0000000e+00  0.0000000e+00  0.0000000e+00  1.0000000e+00]]
[-0105.75, +0026.92, -1087.94]
1800, 1810, 1800
[[-8.8234740e-02  9.6133444e-01 -2.5989308e-01 -2.7210000e+01]
 [ 3.5438680e-02  2.6402310e-01  9.6368744e-01  1.4188000e+02]
 [ 9.9521476e-01  7.6062320e-02 -5.7186000e-02 -1.1674600e+03]
 [ 0.0000000e+00  0.0000000e+00  0.0000000e+00  1.0000000e+00]]
[-0114.33, +0042.24, -1085.55]
1800, 1618, 1800
[[-8.7234640e-02  9.6146796e-01 -2.6002700e-01 -2.7190000e+01]
 [ 3.5681400e-02  2.6404446e-01  9.6372546e-01  1.4185000e+02]
 [ 9.9537004e-01  7.4961900e-02 -5.7215140e-02 -1.1674600e+03]
 [ 0.0000000e+00  0.0000000e+00  0.0000000e+00  1.0000000e+00]]
[-0122.75, +0056.87, -1086.38]
1800, 1426, 1800
[[-8.6647300e-02  9.6152836e-01 -2.5982682e-01 -2.7180000e+01]
 [ 3.6164920e-02  2.6389016e-01  9.6371796e-01  1.4185000e+02]
 [ 9.9535866e-01  7.4319720e-02 -5.7482100e-02 -1.1674300e+03]
 [ 0.0000000e+00  0.0000000e+00  0.0000000e+00  1.0000000e+00]]
[-0130.63, +0070.93, -1090.60]
1800, 1234, 1800
[[-8.7647080e-02  9.6151384e-01 -2.5960512e-01 -2.7180000e+01]
 [ 3.6040960e-02  2.6370134e-01  9.6378534e-01  1.4183000e+02]
 [ 9.9529128e-01  7.5314460e-02 -5.7620580e-02 -1.1674300e+03]
 [ 0.0000000e+00  0.0000000e+00  0.0000000e+00  1.0000000e+00]]
[-0138.56, +0085.24, -1099.43]
1800, 1042, 1800
[[-8.7709440e-02  9.6164208e-01 -2.5950112e-01 -2.7190000e+01]
 [ 3.6555680e-02  2.6354016e-01  9.6388152e-01  1.4182000e+02]
 [ 9.9536928e-01  7.5155920e-02 -5.8194240e-02 -1.1674100e+03]
 [ 0.0000000e+00  0.0000000e+00  0.0000000e+00  1.0000000e+00]]
[-0144.95, +0097.45, -1111.39]
1800, 850, 1800
[[-8.7285300e-02  9.6167938e-01 -2.5915094e-01 -2.7140000e+01]
 [ 3.5608460e-02  2.6318300e-01  9.6394978e-01  1.4178000e+02]
 [ 9.9534842e-01  7.5099340e-02 -5.7076660e-02 -1.1674500e+03]
 [ 0.0000000e+00  0.0000000e+00  0.0000000e+00  1.0000000e+00]]
[-0149.34, +0108.03, -1126.63]
1220, 2194, 1220
[[-8.6110500e-02  9.6164440e-01 -2.5978120e-01 -2.7080000e+01]
 [ 3.5544400e-02  2.6371518e-01  9.6382636e-01  1.4197000e+02]
 [ 9.9548120e-01  7.3923640e-02 -5.6770320e-02 -1.1674800e+03]
 [ 0.0000000e+00  0.0000000e+00  0.0000000e+00  1.0000000e+00]]
[-0069.19, -0032.71, -1117.86]
1220, 2002, 1220
[[-8.5636180e-02  9.6174442e-01 -2.5918846e-01 -2.7020000e+01]
 [ 3.5819420e-02  2.6321052e-01  9.6388474e-01  1.4185000e+02]
 [ 9.9541346e-01  7.3515260e-02 -5.6800660e-02 -1.1674600e+03]
 [ 0.0000000e+00  0.0000000e+00  0.0000000e+00  1.0000000e+00]]
[-0078.19, -0021.31, -1098.08]
1220, 1810, 1220
[[-8.5924260e-02  9.6182822e-01 -2.5912388e-01 -2.7020000e+01]
 [ 3.5093180e-02  2.6302182e-01  9.6402532e-01  1.4182000e+02]
 [ 9.9550348e-01  7.3910920e-02 -5.6227080e-02 -1.1674800e+03]
 [ 0.0000000e+00  0.0000000e+00  0.0000000e+00  1.0000000e+00]]
[-0086.12, -0009.91, -1083.55]
1220, 1618, 1220
[[-8.5038100e-02  9.6188212e-01 -2.5895234e-01 -2.7020000e+01]
 [ 3.5008600e-02  2.6286044e-01  9.6402412e-01  1.4183000e+02]
 [ 9.9551390e-01  7.3149800e-02 -5.5852500e-02 -1.1674600e+03]
 [ 0.0000000e+00  0.0000000e+00  0.0000000e+00  1.0000000e+00]]
[-0094.71, +0003.44, -1073.21]
1220, 1426, 1220
[[-8.5151400e-02  9.6197886e-01 -2.5888422e-01 -2.7000000e+01]
 [ 3.4506660e-02  2.6267846e-01  9.6415174e-01  1.4181000e+02]
 [ 9.9560718e-01  7.3320940e-02 -5.5447300e-02 -1.1674700e+03]
 [ 0.0000000e+00  0.0000000e+00  0.0000000e+00  1.0000000e+00]]
[-0103.94, +0018.45, -1066.67]
1220, 1234, 1220
[[-8.5625320e-02  9.6197194e-01 -2.5885902e-01 -2.7010000e+01]
 [ 3.4850060e-02  2.6267846e-01  9.6415866e-01  1.4178000e+02]
 [ 9.9558198e-01  7.3664340e-02 -5.5921220e-02 -1.1674600e+03]
 [ 0.0000000e+00  0.0000000e+00  0.0000000e+00  1.0000000e+00]]
[-0114.38, +0036.46, -1063.36]
1220, 1042, 1220
[[-8.5790800e-02  9.6198124e-01 -2.5850232e-01 -2.6990000e+01]
 [ 3.3625400e-02  2.6230670e-01  9.6425460e-01  1.4176000e+02]
 [ 9.9554040e-01  7.4227320e-02 -5.4705860e-02 -1.1675000e+03]
 [ 0.0000000e+00  0.0000000e+00  0.0000000e+00  1.0000000e+00]]
[-0124.93, +0054.86, -1064.09]
1220, 850, 1220
[[-8.5615460e-02  9.6202458e-01 -2.5829262e-01 -2.6980000e+01]
 [ 3.4055820e-02  2.6214572e-01  9.6426382e-01  1.4175000e+02]
 [ 9.9551322e-01  7.3981220e-02 -5.5042180e-02 -1.1674900e+03]
 [ 0.0000000e+00  0.0000000e+00  0.0000000e+00  1.0000000e+00]]
[-0135.77, +0074.56, -1069.85]
800, 2002, 800
[[-8.4502500e-02  9.6194156e-01 -2.5858142e-01 -2.6890000e+01]
 [ 3.4681160e-02  2.6251704e-01  9.6406996e-01  1.4187000e+02]
 [ 9.9548638e-01  7.2815560e-02 -5.5310100e-02 -1.1675100e+03]
 [ 0.0000000e+00  0.0000000e+00  0.0000000e+00  1.0000000e+00]]
[-0059.05, -0049.66, -1132.26]
800, 1810, 800
[[-8.5028040e-02  9.6211482e-01 -2.5788606e-01 -2.6870000e+01]
 [ 3.4744740e-02  2.6182316e-01  9.6427858e-01  1.4179000e+02]
 [ 9.9547122e-01  7.3317460e-02 -5.5478440e-02 -1.1675000e+03]
 [ 0.0000000e+00  0.0000000e+00  0.0000000e+00  1.0000000e+00]]
[-0066.68, -0042.01, -1108.19]
800, 1618, 800
[[-8.4606900e-02  9.6220966e-01 -2.5785888e-01 -2.6850000e+01]
 [ 3.3503100e-02  2.6163390e-01  9.6440800e-01  1.4179000e+02]
 [ 9.9559840e-01  7.3197120e-02 -5.4194760e-02 -1.1675200e+03]
 [ 0.0000000e+00  0.0000000e+00  0.0000000e+00  1.0000000e+00]]
[-0072.87, -0034.51, -1090.63]
800, 1426, 800
[[-8.4616000e-02  9.6224920e-01 -2.5780760e-01 -2.6860000e+01]
 [ 3.4915600e-02  2.6166158e-01  9.6436846e-01  1.4176000e+02]
 [ 9.9557480e-01  7.2815540e-02 -5.5578420e-02 -1.1674900e+03]
 [ 0.0000000e+00  0.0000000e+00  0.0000000e+00  1.0000000e+00]]
[-0080.21, -0024.48, -1075.65]
800, 1234, 800
[[-8.4081000e-02  9.6227764e-01 -2.5764248e-01 -2.6840000e+01]
 [ 3.4381840e-02  2.6148636e-01  9.6439244e-01  1.4175000e+02]
 [ 9.9557812e-01  7.2502640e-02 -5.4868200e-02 -1.1674900e+03]
 [ 0.0000000e+00  0.0000000e+00  0.0000000e+00  1.0000000e+00]]
[-0090.19, -0009.55, -1061.89]
800, 1042, 800
[[-8.5141780e-02  9.6224232e-01 -2.5761186e-01 -2.6840000e+01]
 [ 3.4448880e-02  2.6147260e-01  9.6442776e-01  1.4175000e+02]
 [ 9.9553374e-01  7.3466640e-02 -5.5241620e-02 -1.1675100e+03]
 [ 0.0000000e+00  0.0000000e+00  0.0000000e+00  1.0000000e+00]]
[-0101.32, +0008.31, -1052.54]
800, 850, 800
[[-8.4782280e-02  9.6240750e-01 -2.5715662e-01 -2.6840000e+01]
 [ 3.4015300e-02  2.6095350e-01  9.6459150e-01  1.4171000e+02]
 [ 9.9559062e-01  7.3250300e-02 -5.4699780e-02 -1.1675000e+03]
 [ 0.0000000e+00  0.0000000e+00  0.0000000e+00  1.0000000e+00]]
[-0114.07, +0029.40, -1047.49]
1800, 1800, 2194
[[-8.8184400e-02  9.6121024e-01 -2.6088772e-01 -2.7330000e+01]
 [ 3.5423680e-02  2.6488416e-01  9.6354664e-01  1.4193000e+02]
 [ 9.9535556e-01  7.5840880e-02 -5.7325200e-02 -1.1674600e+03]
 [ 0.0000000e+00  0.0000000e+00  0.0000000e+00  1.0000000e+00]]
[-0148.16, +0037.84, -1101.88]
1800, 1800, 2002
[[-8.7059620e-02  9.6136218e-01 -2.6011102e-01 -2.7230000e+01]
 [ 3.5787180e-02  2.6421948e-01  9.6360678e-01  1.4190000e+02]
 [ 9.9528602e-01  7.4843220e-02 -5.7215140e-02 -1.1674600e+03]
 [ 0.0000000e+00  0.0000000e+00  0.0000000e+00  1.0000000e+00]]
[-0126.74, +0039.33, -1090.48]
1800, 1800, 1810
[[-8.6709700e-02  9.6138798e-01 -2.6010414e-01 -2.7210000e+01]
 [ 3.6236100e-02  2.6423324e-01  9.6358098e-01  1.4191000e+02]
 [ 9.9529290e-01  7.4394300e-02 -5.7551300e-02 -1.1674500e+03]
 [ 0.0000000e+00  0.0000000e+00  0.0000000e+00  1.0000000e+00]]
[-0111.44, +0039.87, -1085.36]
1800, 1800, 1618
[[-8.7297000e-02  9.6150860e-01 -2.5980440e-01 -2.7170000e+01]
 [ 3.6283600e-02  2.6388332e-01  9.6373772e-01  1.4190000e+02]
 [ 9.9532940e-01  7.4887280e-02 -5.7788680e-02 -1.1674800e+03]
 [ 0.0000000e+00  0.0000000e+00  0.0000000e+00  1.0000000e+00]]
[-0091.21, +0040.26, -1083.24]
1800, 1800, 1426
[[-8.6822280e-02  9.6154664e-01 -2.5962408e-01 -2.7150000e+01]
 [ 3.6146640e-02  2.6371518e-01  9.6375254e-01  1.4190000e+02]
 [ 9.9532408e-01  7.4522460e-02 -5.7482100e-02 -1.1674400e+03]
 [ 0.0000000e+00  0.0000000e+00  0.0000000e+00  1.0000000e+00]]
[-0073.05, +0039.97, -1085.35]
1800, 1800, 1234
[[-8.6584980e-02  9.6166870e-01 -2.5954946e-01 -2.7140000e+01]
 [ 3.6093700e-02  2.6354700e-01  9.6385490e-01  1.4189000e+02]
 [ 9.9542446e-01  7.4245100e-02 -5.7412980e-02 -1.1674600e+03]
 [ 0.0000000e+00  0.0000000e+00  0.0000000e+00  1.0000000e+00]]
[-0056.61, +0039.52, -1090.80]
1800, 1800, 1042
[[-8.6347720e-02  9.6170322e-01 -2.5935618e-01 -2.7120000e+01]
 [ 3.6128220e-02  2.6337878e-01  9.6387318e-01  1.4189000e+02]
 [ 9.9540618e-01  7.4051820e-02 -5.7343940e-02 -1.1674700e+03]
 [ 0.0000000e+00  0.0000000e+00  0.0000000e+00  1.0000000e+00]]
[-0041.20, +0038.94, -1099.85]
1800, 1800, 850
[[-8.6285520e-02  9.6172488e-01 -2.5916628e-01 -2.7070000e+01]
 [ 3.5938320e-02  2.6320376e-01  9.6390428e-01  1.4191000e+02]
 [ 9.9538452e-01  7.4082920e-02 -5.7106720e-02 -1.1675100e+03]
 [ 0.0000000e+00  0.0000000e+00  0.0000000e+00  1.0000000e+00]]
[-0027.49, +0038.26, -1113.10]
1220, 1220, 2194
[[-8.6760000e-02  9.6147496e-01 -2.6005272e-01 -2.7220000e+01]
 [ 3.5338320e-02  2.6404446e-01  9.6371846e-01  1.4181000e+02]
 [ 9.9539576e-01  7.4618820e-02 -5.6740500e-02 -1.1674100e+03]
 [ 0.0000000e+00  0.0000000e+00  0.0000000e+00  1.0000000e+00]]
[-0189.81, +0035.28, -1131.86]
1220, 1220, 2002
[[-8.7110160e-02  9.6169228e-01 -2.5914744e-01 -2.7120000e+01]
 [ 3.5832840e-02  2.6319000e-01  9.6393688e-01  1.4180000e+02]
 [ 9.9535192e-01  7.4874960e-02 -5.7244800e-02 -1.1674300e+03]
 [ 0.0000000e+00  0.0000000e+00  0.0000000e+00  1.0000000e+00]]
[-0179.31, +0035.63, -1109.96]
1220, 1220, 1810
[[-8.6511680e-02  9.6183024e-01 -2.5891200e-01 -2.7070000e+01]
 [ 3.5022240e-02  2.6283968e-01  9.6407600e-01  1.4179000e+02]
 [ 9.9545280e-01  7.4509600e-02 -5.6296000e-02 -1.1674600e+03]
 [ 0.0000000e+00  0.0000000e+00  0.0000000e+00  1.0000000e+00]]
[-0168.19, +0036.04, -1093.90]
1220, 1220, 1618
[[-8.5687200e-02  9.6186264e-01 -2.5893048e-01 -2.7070000e+01]
 [ 3.5127600e-02  2.6285360e-01  9.6404360e-01  1.4180000e+02]
 [ 9.9548520e-01  7.3717520e-02 -5.6158240e-02 -1.1674500e+03]
 [ 0.0000000e+00  0.0000000e+00  0.0000000e+00  1.0000000e+00]]
[-0153.05, +0036.41, -1079.73]
1220, 1220, 1426
[[-8.5625320e-02  9.6194102e-01 -2.5906510e-01 -2.7050000e+01]
 [ 3.4643980e-02  2.6284668e-01  9.6413690e-01  1.4177000e+02]
 [ 9.9561290e-01  7.3686100e-02 -5.5753000e-02 -1.1674600e+03]
 [ 0.0000000e+00  0.0000000e+00  0.0000000e+00  1.0000000e+00]]
[-0134.98, +0036.81, -1069.54]
1220, 1220, 1234
[[-8.5151400e-02  9.6192216e-01 -2.5855972e-01 -2.7010000e+01]
 [ 3.4800280e-02  2.6251020e-01  9.6408936e-01  1.4179000e+02]
 [ 9.9545784e-01  7.3383320e-02 -5.5615560e-02 -1.1674700e+03]
 [ 0.0000000e+00  0.0000000e+00  0.0000000e+00  1.0000000e+00]]
[-0115.73, +0037.08, -1063.51]
1220, 1220, 1042
[[-8.5388340e-02  9.6191872e-01 -2.5854710e-01 -2.6930000e+01]
 [ 3.4972000e-02  2.6251020e-01  9.6409280e-01  1.4178000e+02]
 [ 9.9544522e-01  7.3555040e-02 -5.5852500e-02 -1.1674600e+03]
 [ 0.0000000e+00  0.0000000e+00  0.0000000e+00  1.0000000e+00]]
[-0094.20, +0037.26, -1061.26]
1220, 1220, 850
[[-8.5264900e-02  9.6216818e-01 -2.5819796e-01 -2.6800000e+01]
 [ 3.4622860e-02  2.6199150e-01  9.6434452e-01  1.4174000e+02]
 [ 9.9560788e-01  7.3426760e-02 -5.5546960e-02 -1.1674700e+03]
 [ 0.0000000e+00  0.0000000e+00  0.0000000e+00  1.0000000e+00]]
[-0071.10, +0037.05, -1063.64]
800, 800, 2002
[[-8.6212740e-02  9.6185550e-01 -2.5873484e-01 -2.7030000e+01]
 [ 3.4660660e-02  2.6266446e-01  9.6410340e-01  1.4169000e+02]
 [ 9.9544380e-01  7.4368840e-02 -5.5821840e-02 -1.1674400e+03]
 [ 0.0000000e+00  0.0000000e+00  0.0000000e+00  1.0000000e+00]]
[-0206.73, +0034.47, -1151.56]
800, 800, 1810
[[-8.4852820e-02  9.6224582e-01 -2.5779504e-01 -2.6910000e+01]
 [ 3.5087420e-02  2.6166158e-01  9.6437184e-01  1.4167000e+02]
 [ 9.9556224e-01  7.2987360e-02 -5.5815240e-02 -1.1674500e+03]
 [ 0.0000000e+00  0.0000000e+00  0.0000000e+00  1.0000000e+00]]
[-0200.82, +0034.28, -1125.69]
800, 800, 1618
[[-8.5203300e-02  9.6222066e-01 -2.5780188e-01 -2.6910000e+01]
 [ 3.4638900e-02  2.6164790e-01  9.6439700e-01  1.4167000e+02]
 [ 9.9555540e-01  7.3435880e-02 -5.5478440e-02 -1.1674700e+03]
 [ 0.0000000e+00  0.0000000e+00  0.0000000e+00  1.0000000e+00]]
[-0193.26, +0034.22, -1103.57]
800, 800, 1426
[[-8.5553940e-02  9.6234466e-01 -2.5751510e-01 -2.6890000e+01]
 [ 3.4514900e-02  2.6129726e-01  9.6454966e-01  1.4168000e+02]
 [ 9.9560534e-01  7.3756900e-02 -5.5478440e-02 -1.1674800e+03]
 [ 0.0000000e+00  0.0000000e+00  0.0000000e+00  1.0000000e+00]]
[-0182.56, +0034.30, -1086.16]
800, 800, 1234
[[-8.4729700e-02  9.6225832e-01 -2.5762094e-01 -2.6870000e+01]
 [ 3.4501280e-02  2.6147952e-01  9.6441176e-01  1.4168000e+02]
 [ 9.9554974e-01  7.3070560e-02 -5.5173220e-02 -1.1674900e+03]
 [ 0.0000000e+00  0.0000000e+00  0.0000000e+00  1.0000000e+00]]
[-0166.43, +0034.52, -1069.85]
800, 800, 1042
[[-8.5255720e-02  9.6222076e-01 -2.5763144e-01 -2.6860000e+01]
 [ 3.3828560e-02  2.6145852e-01  9.6444932e-01  1.4168000e+02]
 [ 9.9553924e-01  7.3743280e-02 -5.4668200e-02 -1.1674900e+03]
 [ 0.0000000e+00  0.0000000e+00  0.0000000e+00  1.0000000e+00]]
[-0146.26, +0034.85, -1056.98]
