1220, 1220, 1220
[[-5.8427220e-02  9.9525642e-01 -7.3446560e-02 -2.6030000e+01]
 [ 4.1195620e-02  7.6239180e-02  9.9595056e-01  1.6960000e+02]
 [ 9.9711216e-01  5.5491040e-02 -4.5164040e-02 -1.1719100e+03]
 [ 0.0000000e+00  0.0000000e+00  0.0000000e+00  1.0000000e+00]]
[-0134.08, +0079.50, -1068.36]
802, 2230, 898
[[-5.8668200e-02  9.9540984e-01 -7.4464080e-02 -2.5980000e+01]
 [ 4.0771920e-02  7.7005100e-02  9.9612126e-01  1.6975000e+02]
 [ 9.9735816e-01  5.5490220e-02 -4.5026260e-02 -1.1719400e+03]
 [ 0.0000000e+00  0.0000000e+00  0.0000000e+00  1.0000000e+00]]
[-0100.41, -0009.49, -1158.61]
1078, 1247, 1871
[[-5.8838100e-02  9.9522130e-01 -7.3848800e-02 -2.6060000e+01]
 [ 4.0769740e-02  7.6617900e-02  9.9595568e-01  1.6959000e+02]
 [ 9.9712432e-01  5.5896800e-02 -4.4808960e-02 -1.1719100e+03]
 [ 0.0000000e+00  0.0000000e+00  0.0000000e+00  1.0000000e+00]]
[-0200.10, +0078.22, -1110.51]
1334, 1854, 858
[[-5.7629380e-02  9.9538460e-01 -7.3561240e-02 -2.5990000e+01]
 [ 4.1528200e-02  7.6247100e-02  9.9601460e-01  1.6965000e+02]
 [ 9.9723476e-01  5.4581800e-02 -4.5519520e-02 -1.1719300e+03]
 [ 0.0000000e+00  0.0000000e+00  0.0000000e+00  1.0000000e+00]]
[-0070.03, +0028.34, -1110.00]
810, 1334, 1442
[[-5.8356660e-02  9.9545956e-01 -7.3081740e-02 -2.5980000e+01]
 [ 4.0419960e-02  7.5658200e-02  9.9617668e-01  1.6957000e+02]
 [ 9.9731986e-01  5.5335480e-02 -4.4512500e-02 -1.1719300e+03]
 [ 0.0000000e+00  0.0000000e+00  0.0000000e+00  1.0000000e+00]]
[-0181.06, +0037.35, -1094.32]
1863, 782, 990
[[-5.7945860e-02  9.9537408e-01 -7.2981720e-02 -2.6020000e+01]
 [ 4.0531680e-02  7.5661040e-02  9.9606988e-01  1.6956000e+02]
 [ 9.9722268e-01  5.5031480e-02 -4.4486260e-02 -1.1719500e+03]
 [ 0.0000000e+00  0.0000000e+00  0.0000000e+00  1.0000000e+00]]
[-0082.63, +0159.18, -1119.87]
1073, 1103, 1679
[[-5.8861780e-02  9.9544726e-01 -7.3643680e-02 -2.6070000e+01]
 [ 4.1386460e-02  7.6239180e-02  9.9614416e-01  1.6960000e+02]
 [ 9.9730928e-01  5.5684640e-02 -4.5598600e-02 -1.1718900e+03]
 [ 0.0000000e+00  0.0000000e+00  0.0000000e+00  1.0000000e+00]]
[-0192.24, +0086.95, -1096.56]
1181, 1020, 1116
[[-5.8403620e-02  9.9547676e-01 -7.3058940e-02 -2.6020000e+01]
 [ 4.1218840e-02  7.5663800e-02  9.9615948e-01  1.6955000e+02]
 [ 9.9730266e-01  5.5305720e-02 -4.5328580e-02 -1.1719000e+03]
 [ 0.0000000e+00  0.0000000e+00  0.0000000e+00  1.0000000e+00]]
[-0132.60, +0095.41, -1064.75]
2059, 792, 928
[[-5.8257360e-02  9.9529900e-01 -7.3023000e-02 -2.6050000e+01]
 [ 4.2213000e-02  7.5862620e-02  9.9593782e-01  1.6960000e+02]
 [ 9.9708100e-01  5.5262820e-02 -4.6144980e-02 -1.1719300e+03]
 [ 0.0000000e+00  0.0000000e+00  0.0000000e+00  1.0000000e+00]]
[-0070.66, +0159.05, -1140.42]
1194, 1555, 1340
[[-5.9055400e-02  9.9521984e-01 -7.3838720e-02 -2.6060000e+01]
 [ 4.0961920e-02  7.6617900e-02  9.9595714e-01  1.6965000e+02]
 [ 9.9711424e-01  5.6088980e-02 -4.5026260e-02 -1.1719300e+03]
 [ 0.0000000e+00  0.0000000e+00  0.0000000e+00  1.0000000e+00]]
[-0136.03, +0048.41, -1079.38]
1645, 1707, 779
[[-5.828116e-02  9.953689e-01 -7.373646e-02 -2.602000e+01]
 [ 4.189946e-02  7.643804e-02  9.960153e-01  1.696700e+02]
 [ 9.972165e-01  5.516154e-02 -4.598036e-02 -1.171930e+03]
 [ 0.000000e+00  0.000000e+00  0.000000e+00  1.000000e+00]]
[-0049.50, +0060.67, -1114.28]
2096, 1185, 1052
[[-5.8498500e-02  9.9536762e-01 -7.3726340e-02 -2.6090000e+01]
 [ 4.2091660e-02  7.6438040e-02  9.9601658e-01  1.6967000e+02]
 [ 9.9720638e-01  5.5353740e-02 -4.6197700e-02 -1.1719400e+03]
 [ 0.0000000e+00  0.0000000e+00  0.0000000e+00  1.0000000e+00]]
[-0065.34, +0135.57, -1121.85]
1421, 1148, 1518
[[-5.8668200e-02  9.9536058e-01 -7.3533660e-02 -2.6070000e+01]
 [ 4.1690460e-02  7.6241900e-02  9.9603862e-01  1.6962000e+02]
 [ 9.9720198e-01  5.5572860e-02 -4.5789460e-02 -1.1719200e+03]
 [ 0.0000000e+00  0.0000000e+00  0.0000000e+00  1.0000000e+00]]
[-0152.51, +0108.55, -1081.27]
1853, 1136, 2215
[[-6.0891880e-02  9.9526842e-01 -7.5051860e-02 -2.6300000e+01]
 [ 4.2766380e-02  7.7773500e-02  9.9600966e-01  1.6972000e+02]
 [ 9.9717754e-01  5.7488940e-02 -4.7255620e-02 -1.1719000e+03]
 [ 0.0000000e+00  0.0000000e+00  0.0000000e+00  1.0000000e+00]]
[-0173.49, +0137.76, -1134.02]
821, 2022, 1208
[[-5.7218740e-02  9.9538396e-01 -7.3775280e-02 -2.5970000e+01]
 [ 4.1337880e-02  7.6440560e-02  9.9600024e-01  1.6967000e+02]
 [ 9.9725784e-01  5.4185520e-02 -4.5302340e-02 -1.1719400e+03]
 [ 0.0000000e+00  0.0000000e+00  0.0000000e+00  1.0000000e+00]]
[-0127.82, -0009.56, -1135.24]
1196, 1253, 1674
[[-5.8814500e-02  9.9542998e-01 -7.3666640e-02 -2.6130000e+01]
 [ 4.0587580e-02  7.6233500e-02  9.9616144e-01  1.6962000e+02]
 [ 9.9732656e-01  5.5714640e-02 -4.4782440e-02 -1.1719800e+03]
 [ 0.0000000e+00  0.0000000e+00  0.0000000e+00  1.0000000e+00]]
[-0179.45, +0084.13, -1090.21]
1804, 1212, 1011
[[-5.8427220e-02  9.9546184e-01 -7.3458380e-02 -2.6080000e+01]
 [ 4.1207440e-02  7.6048320e-02  9.9614456e-01  1.6962000e+02]
 [ 9.9731758e-01  5.5297040e-02 -4.5354900e-02 -1.1719900e+03]
 [ 0.0000000e+00  0.0000000e+00  0.0000000e+00  1.0000000e+00]]
[-0071.90, +0120.62, -1097.59]
1819, 878, 812
[[-5.8403620e-02  9.9548854e-01 -7.2853520e-02 -2.6090000e+01]
 [ 4.1424260e-02  7.5472860e-02  9.9616256e-01  1.6960000e+02]
 [ 9.9729088e-01  5.5302640e-02 -4.5519520e-02 -1.1720000e+03]
 [ 0.0000000e+00  0.0000000e+00  0.0000000e+00  1.0000000e+00]]
[-0064.16, +0145.16, -1115.84]
1679, 1135, 1207
[[-5.8427220e-02  9.9535322e-01 -7.3555180e-02 -2.6050000e+01]
 [ 4.1098820e-02  7.6239180e-02  9.9604598e-01  1.6960000e+02]
 [ 9.9722078e-01  5.5395620e-02 -4.5164040e-02 -1.1719200e+03]
 [ 0.0000000e+00  0.0000000e+00  0.0000000e+00  1.0000000e+00]]
[-0103.30, +0121.06, -1083.82]
921, 1558, 732
[[-5.751178e-02  9.955087e-01 -7.249400e-02 -2.592000e+01]
 [ 4.066630e-02  7.508822e-02  9.961720e-01  1.695900e+02]
 [ 9.973160e-01  5.454200e-02 -4.462500e-02 -1.171940e+03]
 [ 0.000000e+00  0.000000e+00  0.000000e+00  1.000000e+00]]
[-0090.85, +0014.08, -1093.58]
700, 1121, 1997
[[-5.7435920e-02  9.9549132e-01 -7.3668600e-02 -2.6040000e+01]
 [ 4.1638680e-02  7.6249580e-02  9.9610010e-01  1.6959000e+02]
 [ 9.9734460e-01  5.4279100e-02 -4.5710500e-02 -1.1719900e+03]
 [ 0.0000000e+00  0.0000000e+00  0.0000000e+00  1.0000000e+00]]
[-0221.51, +0065.01, -1150.95]
1498, 1628, 1474
[[-5.6517300e-02  9.9543860e-01 -7.3942800e-02 -2.6040000e+01]
 [ 4.3159800e-02  7.6647180e-02  9.9593056e-01  1.6969000e+02]
 [ 9.9724760e-01  5.3314560e-02 -4.7100480e-02 -1.1720500e+03]
 [ 0.0000000e+00  0.0000000e+00  0.0000000e+00  1.0000000e+00]]
[-0123.45, +0069.59, -1080.70]
1709, 1739, 1584
[[-5.6541460e-02  9.9542350e-01 -7.4342220e-02 -2.6090000e+01]
 [ 4.3148780e-02  7.7031500e-02  9.9591546e-01  1.6973000e+02]
 [ 9.9726270e-01  5.3305500e-02 -4.7126600e-02 -1.1720600e+03]
 [ 0.0000000e+00  0.0000000e+00  0.0000000e+00  1.0000000e+00]]
[-0117.48, +0078.03, -1085.80]
952, 2041, 884
[[-5.646922e-02  9.954446e-01 -7.355440e-02 -2.602000e+01]
 [ 4.277140e-02  7.626078e-02  9.959546e-01  1.697100e+02]
 [ 9.972416e-01  5.333860e-02 -4.666600e-02 -1.172130e+03]
 [ 0.000000e+00  0.000000e+00  0.000000e+00  1.000000e+00]]
[-0092.77, -0004.99, -1136.12]
762, 1879, 896
[[-5.7171460e-02  9.9561914e-01 -7.2988220e-02 -2.5970000e+01]
 [ 4.1372020e-02  7.5480540e-02  9.9622426e-01  1.6963000e+02]
 [ 9.9743326e-01  5.4008780e-02 -4.5441160e-02 -1.1721300e+03]
 [ 0.0000000e+00  0.0000000e+00  0.0000000e+00  1.0000000e+00]]
[-0109.15, -0008.91, -1126.68]
1673, 808, 1790
[[-5.7338340e-02  9.9544052e-01 -7.3514080e-02 -2.6170000e+01]
 [ 4.3540280e-02  7.6260780e-02  9.9595868e-01  1.6965000e+02]
 [ 9.9720128e-01  5.4107480e-02 -4.7535120e-02 -1.1721000e+03]
 [ 0.0000000e+00  0.0000000e+00  0.0000000e+00  1.0000000e+00]]
[-0162.62, +0156.56, -1127.54]
2058, 949, 1512
[[-5.7338340e-02  9.9542846e-01 -7.3719380e-02 -2.6170000e+01]
 [ 4.3334980e-02  7.6451960e-02  9.9595574e-01  1.6971000e+02]
 [ 9.9721334e-01  5.4110420e-02 -4.7343940e-02 -1.1721500e+03]
 [ 0.0000000e+00  0.0000000e+00  0.0000000e+00  1.0000000e+00]]
[-0111.73, +0160.32, -1125.82]
2238, 1669, 740
[[-5.4761300e-02  9.9551940e-01 -7.5295800e-02 -2.6100000e+01]
 [ 4.6593000e-02  7.8011120e-02  9.9574336e-01  1.6995000e+02]
 [ 9.9727500e-01  5.1155360e-02 -5.0536420e-02 -1.1722700e+03]
 [ 0.0000000e+00  0.0000000e+00  0.0000000e+00  1.0000000e+00]]
[-0042.07, +0096.39, -1143.07]
1427, 1096, 2297
[[-5.7870580e-02  9.9539018e-01 -7.4886020e-02 -2.6310000e+01]
 [ 4.4085020e-02  7.7606840e-02  9.9590318e-01  1.6971000e+02]
 [ 9.9722918e-01  5.4452020e-02 -4.8266580e-02 -1.1721300e+03]
 [ 0.0000000e+00  0.0000000e+00  0.0000000e+00  1.0000000e+00]]
[-0200.83, +0116.62, -1144.61]
1274, 2143, 1409
[[-5.6253060e-02  9.9545618e-01 -7.4706940e-02 -2.6110000e+01]
 [ 4.4750660e-02  7.7424540e-02  9.9585242e-01  1.6981000e+02]
 [ 9.9725198e-01  5.2836140e-02 -4.8761160e-02 -1.1721700e+03]
 [ 0.0000000e+00  0.0000000e+00  0.0000000e+00  1.0000000e+00]]
[-0114.44, +0010.94, -1117.48]
1326, 2275, 895
[[-5.6737620e-02  9.9525606e-01 -7.4857300e-02 -2.6120000e+01]
 [ 4.5716060e-02  7.7810220e-02  9.9563790e-01  1.6993000e+02]
 [ 9.9701970e-01  5.3386900e-02 -4.9631400e-02 -1.1721800e+03]
 [ 0.0000000e+00  0.0000000e+00  0.0000000e+00  1.0000000e+00]]
[-0074.65, +0012.53, -1143.18]
809, 2192, 2245
[[-5.2923700e-02  9.9578850e-01 -7.3790500e-02 -2.5940000e+01]
 [ 4.5110100e-02  7.6282380e-02  9.9599514e-01  1.6960000e+02]
 [ 9.9749930e-01  4.9462140e-02 -4.8887080e-02 -1.1723300e+03]
 [ 0.0000000e+00  0.0000000e+00  0.0000000e+00  1.0000000e+00]]
[-0147.80, -0003.77, -1150.27]
2282, 1513, 1811
[[-5.2954640e-02  9.9568188e-01 -7.3685520e-02 -2.6100000e+01]
 [ 4.8899880e-02  7.6478960e-02  9.9570232e-01  1.6964000e+02]
 [ 9.9720648e-01  4.9314320e-02 -5.2570240e-02 -1.1723100e+03]
 [ 0.0000000e+00  0.0000000e+00  0.0000000e+00  1.0000000e+00]]
[-0092.52, +0128.86, -1112.31]
2174, 761, 908
[[-5.3575120e-02  9.9578916e-01 -7.2012840e-02 -2.6020000e+01]
 [ 4.7422440e-02  7.4746700e-02  9.9592098e-01  1.6948000e+02]
 [ 9.9726276e-01  5.0114220e-02 -5.1074180e-02 -1.1723100e+03]
 [ 0.0000000e+00  0.0000000e+00  0.0000000e+00  1.0000000e+00]]
[-0118.05, +0167.59, -1146.45]
1575, 1504, 1374
[[-5.379234e-02  9.957397e-01 -7.282244e-02 -2.601000e+01]
 [ 4.679506e-02  7.551486e-02  9.959114e-01  1.695600e+02]
 [ 9.973018e-01  5.031644e-02 -5.052324e-02 -1.172340e+03]
 [ 0.000000e+00  0.000000e+00  0.000000e+00  1.000000e+00]]
[-0135.45, +0085.55, -1081.25]
1121, 1371, 1692
[[-5.3718900e-02  9.9572296e-01 -7.2648820e-02 -2.6030000e+01]
 [ 4.5801680e-02  7.5320600e-02  9.9594296e-01  1.6951000e+02]
 [ 9.9731854e-01  5.0358320e-02 -4.9487860e-02 -1.1723800e+03]
 [ 0.0000000e+00  0.0000000e+00  0.0000000e+00  1.0000000e+00]]
[-0170.13, +0063.43, -1085.46]
1653, 1256, 1952
[[-5.4009600e-02  9.9564304e-01 -7.2703680e-02 -2.6060000e+01]
 [ 4.7083680e-02  7.5514860e-02  9.9581576e-01  1.6955000e+02]
 [ 9.9718304e-01  5.0604720e-02 -5.0740500e-02 -1.1723800e+03]
 [ 0.0000000e+00  0.0000000e+00  0.0000000e+00  1.0000000e+00]]
[-0134.95, +0118.17, -1086.31]
1653, 1135, 2183
[[-5.3575120e-02  9.9576460e-01 -7.2422680e-02 -2.6060000e+01]
 [ 4.7012600e-02  7.5130860e-02  9.9591610e-01  1.6953000e+02]
 [ 9.9728732e-01  5.0119100e-02 -5.0690020e-02 -1.1723700e+03]
 [ 0.0000000e+00  0.0000000e+00  0.0000000e+00  1.0000000e+00]]
[-0138.54, +0129.01, -1090.84]
1336, 752, 1661
[[-5.3887400e-02  9.9576408e-01 -7.1634960e-02 -2.6000000e+01]
 [ 4.6219920e-02  7.4359180e-02  9.9597534e-01  1.6949000e+02]
 [ 9.9726696e-01  5.0567340e-02 -4.9846580e-02 -1.1723500e+03]
 [ 0.0000000e+00  0.0000000e+00  0.0000000e+00  1.0000000e+00]]
[-0172.48, +0141.37, -1104.05]
2170, 2178, 1186
[[-5.4016980e-02  9.9558272e-01 -7.5078960e-02 -2.6140000e+01]
 [ 4.8026880e-02  7.7822700e-02  9.9569536e-01  1.6983000e+02]
 [ 9.9725384e-01  5.0307840e-02 -5.1904320e-02 -1.1724400e+03]
 [ 0.0000000e+00  0.0000000e+00  0.0000000e+00  1.0000000e+00]]
[-0084.92, +0070.17, -1109.02]
1465, 1066, 1388
[[-5.3575120e-02  9.9576460e-01 -7.2422680e-02 -2.6010000e+01]
 [ 4.7012600e-02  7.5130860e-02  9.9591610e-01  1.6951000e+02]
 [ 9.9728732e-01  5.0119100e-02 -5.0690020e-02 -1.1723500e+03]
 [ 0.0000000e+00  0.0000000e+00  0.0000000e+00  1.0000000e+00]]
[-0156.26, +0120.12, -1087.69]
1406, 1481, 1213
[[-5.3599720e-02  9.9564118e-01 -7.2918420e-02 -2.5950000e+01]
 [ 4.6893580e-02  7.5707480e-02  9.9580278e-01  1.6954000e+02]
 [ 9.9720582e-01  5.0207820e-02 -5.0523240e-02 -1.1722900e+03]
 [ 0.0000000e+00  0.0000000e+00  0.0000000e+00  1.0000000e+00]]
[-0147.27, +0076.30, -1080.85]
735, 1343, 2043
[[-5.2441060e-02  9.9587972e-01 -7.1987080e-02 -2.5840000e+01]
 [ 4.5770120e-02  7.4553440e-02  9.9603748e-01  1.6947000e+02]
 [ 9.9742852e-01  4.9083080e-02 -4.9362660e-02 -1.1722800e+03]
 [ 0.0000000e+00  0.0000000e+00  0.0000000e+00  1.0000000e+00]]
[-0193.52, +0034.81, -1108.99]
2297, 2263, 929
[[-5.1565140e-02  9.9546028e-01 -7.7433320e-02 -2.6170000e+01]
 [ 5.2055480e-02  8.0314160e-02  9.9523192e-01  1.7018000e+02]
 [ 9.9710948e-01  4.7488720e-02 -5.5784740e-02 -1.1724900e+03]
 [ 0.0000000e+00  0.0000000e+00  0.0000000e+00  1.0000000e+00]]
[-0087.71, +0072.15, -1110.21]
2237, 1260, 1635
[[-5.2202820e-02  9.9572906e-01 -7.2323100e-02 -2.5990000e+01]
 [ 4.8159060e-02  7.5133020e-02  9.9575930e-01  1.6959000e+02]
 [ 9.9718990e-01  4.8780300e-02 -5.1625800e-02 -1.1723400e+03]
 [ 0.0000000e+00  0.0000000e+00  0.0000000e+00  1.0000000e+00]]
[-0105.73, +0144.20, -1117.69]
1612, 2235, 864
[[-5.2662100e-02  9.9566432e-01 -7.3521560e-02 -2.5990000e+01]
 [ 4.7714240e-02  7.6286300e-02  9.9573488e-01  1.6972000e+02]
 [ 9.9723428e-01  4.9164640e-02 -5.1316560e-02 -1.1723800e+03]
 [ 0.0000000e+00  0.0000000e+00  0.0000000e+00  1.0000000e+00]]
[-0113.61, +0027.84, -1110.46]
892, 1688, 1109
[[-5.232144e-02  9.958224e-01 -7.184784e-02 -2.585000e+01]
 [ 4.727184e-02  7.455536e-02  9.959024e-01  1.695300e+02]
 [ 9.972912e-01  4.892816e-02 -5.078224e-02 -1.172340e+03]
 [ 0.000000e+00  0.000000e+00  0.000000e+00  1.000000e+00]]
[-0173.15, +0022.20, -1111.46]
1824, 1251, 1398
[[-5.2395240e-02  9.9582756e-01 -7.2226960e-02 -2.5980000e+01]
 [ 4.8060560e-02  7.4940600e-02  9.9586788e-01  1.6958000e+02]
 [ 9.9728604e-01  4.8888880e-02 -5.1625800e-02 -1.1723300e+03]
 [ 0.0000000e+00  0.0000000e+00  0.0000000e+00  1.0000000e+00]]
[-0126.52, +0130.72, -1094.85]
730, 877, 2005
[[-5.1019920e-02  9.9587184e-01 -7.1088400e-02 -2.5800000e+01]
 [ 4.6936160e-02  7.3786080e-02  9.9591120e-01  1.6942000e+02]
 [ 9.9730200e-01  4.7764000e-02 -5.0250000e-02 -1.1723100e+03]
 [ 0.0000000e+00  0.0000000e+00  0.0000000e+00  1.0000000e+00]]
[-0214.33, +0080.96, -1110.33]
778, 1999, 1759
[[-5.2587700e-02  9.9569656e-01 -7.2528120e-02 -2.5900000e+01]
 [ 4.7540080e-02  7.5324800e-02  9.9577704e-01  1.6959000e+02]
 [ 9.9720204e-01  4.9196880e-02 -5.1049140e-02 -1.1723500e+03]
 [ 0.0000000e+00  0.0000000e+00  0.0000000e+00  1.0000000e+00]]
[-0161.06, -0000.60, -1142.81]
2262, 767, 1533
[[-5.3506500e-02  9.9581240e-01 -7.2575500e-02 -2.6160000e+01]
 [ 4.9012000e-02  7.5325280e-02  9.9585352e-01  1.6966000e+02]
 [ 9.9724990e-01  4.9840480e-02 -5.2737220e-02 -1.1723800e+03]
 [ 0.0000000e+00  0.0000000e+00  0.0000000e+00  1.0000000e+00]]
[-0105.57, +0166.73, -1149.06]
1946, 2261, 826
[[-5.3172100e-02  9.9563136e-01 -7.4494720e-02 -2.6070000e+01]
 [ 4.8272640e-02  7.7247280e-02  9.9569244e-01  1.6987000e+02]
 [ 9.9724672e-01  4.9516440e-02 -5.2019380e-02 -1.1724300e+03]
 [ 0.0000000e+00  0.0000000e+00  0.0000000e+00  1.0000000e+00]]
[-0084.76, +0046.31, -1113.15]
1578, 2203, 1922
[[-5.2035280e-02  9.9572436e-01 -7.2722480e-02 -2.5980000e+01]
 [ 4.8356040e-02  7.5517740e-02  9.9573444e-01  1.6967000e+02]
 [ 9.9720472e-01  4.8563160e-02 -5.1842980e-02 -1.1723600e+03]
 [ 0.0000000e+00  0.0000000e+00  0.0000000e+00  1.0000000e+00]]
[-0104.61, +0028.97, -1109.04]
1976, 1209, 1971
[[-5.3071780e-02  9.9572882e-01 -7.2282460e-02 -2.6030000e+01]
 [ 4.8928420e-02  7.5133020e-02  9.9575954e-01  1.6963000e+02]
 [ 9.9714926e-01  4.9549660e-02 -5.2494760e-02 -1.1723400e+03]
 [ 0.0000000e+00  0.0000000e+00  0.0000000e+00  1.0000000e+00]]
[-0103.96, +0138.86, -1102.84]
1500, 1139, 2035
[[-5.2563060e-02  9.9584446e-01 -7.1622800e-02 -2.5960000e+01]
 [ 4.8068500e-02  7.4363340e-02  9.9589496e-01  1.6957000e+02]
 [ 9.9725896e-01  4.9103600e-02 -5.1600960e-02 -1.1723400e+03]
 [ 0.0000000e+00  0.0000000e+00  0.0000000e+00  1.0000000e+00]]
[-0140.17, +0112.86, -1079.82]
1533, 841, 1450
[[-5.2948180e-02  9.9583652e-01 -7.1418220e-02 -2.5950000e+01]
 [ 4.7859320e-02  7.4170520e-02  9.9591748e-01  1.6953000e+02]
 [ 9.9724642e-01  4.9515320e-02 -5.1408660e-02 -1.1723500e+03]
 [ 0.0000000e+00  0.0000000e+00  0.0000000e+00  1.0000000e+00]]
[-0144.94, +0146.39, -1097.50]
962, 1008, 1951
[[-5.2587700e-02  9.9577060e-01 -7.1299200e-02 -2.5880000e+01]
 [ 4.8769000e-02  7.4171120e-02  9.9579096e-01  1.6951000e+02]
 [ 9.9712800e-01  4.9182960e-02 -5.2202820e-02 -1.1722900e+03]
 [ 0.0000000e+00  0.0000000e+00  0.0000000e+00  1.0000000e+00]]
[-0184.02, +0082.04, -1082.79]
1741, 717, 2044
[[-5.2780200e-02  9.9565184e-01 -7.1395520e-02 -2.5980000e+01]
 [ 4.8453440e-02  7.4363340e-02  9.9570274e-01  1.6953000e+02]
 [ 9.9703168e-01  4.9488340e-02 -5.1818100e-02 -1.1723400e+03]
 [ 0.0000000e+00  0.0000000e+00  0.0000000e+00  1.0000000e+00]]
[-0132.96, +0166.42, -1120.83]
716, 1617, 1149
[[-5.3116360e-02  9.9570798e-01 -7.1525060e-02 -2.5870000e+01]
 [ 4.7144340e-02  7.4361900e-02  9.9583902e-01  1.6955000e+02]
 [ 9.9715978e-01  4.9835340e-02 -5.0614900e-02 -1.1723200e+03]
 [ 0.0000000e+00  0.0000000e+00  0.0000000e+00  1.0000000e+00]]
[-0172.44, +0009.71, -1116.02]
2130, 731, 1145
[[-5.3481540e-02  9.9573094e-01 -7.2067380e-02 -2.6080000e+01]
 [ 4.9118580e-02  7.4940600e-02  9.9577214e-01  1.6960000e+02]
 [ 9.9712646e-01  4.9946820e-02 -5.2712100e-02 -1.1723200e+03]
 [ 0.0000000e+00  0.0000000e+00  0.0000000e+00  1.0000000e+00]]
[-0111.26, +0169.94, -1145.95]
2092, 1028, 1737
[[-5.2780200e-02  9.9581972e-01 -7.2022360e-02 -2.6030000e+01]
 [ 4.7851240e-02  7.4747900e-02  9.9589042e-01  1.6959000e+02]
 [ 9.9727348e-01  4.9300660e-02 -5.1433540e-02 -1.1723500e+03]
 [ 0.0000000e+00  0.0000000e+00  0.0000000e+00  1.0000000e+00]]
[-0104.94, +0153.05, -1119.59]
759, 1585, 1970
[[-5.229700e-02  9.957163e-01 -7.174950e-02 -2.587000e+01]
 [ 4.696870e-02  7.455500e-02  9.958161e-01  1.695500e+02]
 [ 9.971925e-01  4.903890e-02 -5.037300e-02 -1.172340e+03]
 [ 0.000000e+00  0.000000e+00  0.000000e+00  1.000000e+00]]
[-0171.57, +0013.81, -1110.38]
1434, 1687, 1093
[[-5.2202820e-02  9.9574144e-01 -7.2118320e-02 -2.5960000e+01]
 [ 4.8363840e-02  7.4940720e-02  9.9576164e-01  1.6961000e+02]
 [ 9.9717752e-01  4.8777960e-02 -5.1818100e-02 -1.1723200e+03]
 [ 0.0000000e+00  0.0000000e+00  0.0000000e+00  1.0000000e+00]]
[-0124.08, +0058.80, -1082.41]
1381, 1457, 1268
[[-5.2587700e-02  9.9573358e-01 -7.1913660e-02 -2.6030000e+01]
 [ 4.8154540e-02  7.4748140e-02  9.9578418e-01  1.6959000e+02]
 [ 9.9716502e-01  4.9189740e-02 -5.1625800e-02 -1.1723900e+03]
 [ 0.0000000e+00  0.0000000e+00  0.0000000e+00  1.0000000e+00]]
[-0136.91, +0073.88, -1077.18]
1515, 1931, 1910
[[-5.3289120e-02  9.9560760e-01 -7.2573280e-02 -2.6090000e+01]
 [ 4.8807200e-02  7.5517500e-02  9.9565890e-01  1.6967000e+02]
 [ 9.9705528e-01  4.9842700e-02 -5.2327620e-02 -1.1723900e+03]
 [ 0.0000000e+00  0.0000000e+00  0.0000000e+00  1.0000000e+00]]
[-0109.68, +0043.08, -1093.52]
966, 1121, 1614
[[-5.2465300e-02  9.9584152e-01 -7.1049140e-02 -2.5880000e+01]
 [ 4.7085200e-02  7.3785240e-02  9.9594152e-01  1.6955000e+02]
 [ 9.9726190e-01  4.9154800e-02 -5.0540500e-02 -1.1723700e+03]
 [ 0.0000000e+00  0.0000000e+00  0.0000000e+00  1.0000000e+00]]
[-0179.74, +0071.78, -1081.93]
1691, 1266, 2219
[[-5.2972740e-02  9.9580962e-01 -7.2022520e-02 -2.6080000e+01]
 [ 4.7644180e-02  7.4747580e-02  9.9590052e-01  1.6958000e+02]
 [ 9.9727332e-01  4.9507720e-02 -5.1241320e-02 -1.1724300e+03]
 [ 0.0000000e+00  0.0000000e+00  0.0000000e+00  1.0000000e+00]]
[-0119.99, +0118.03, -1084.51]
1850, 1001, 2047
[[-5.2370560e-02  9.9584224e-01 -7.1827520e-02 -2.5980000e+01]
 [ 4.8070720e-02  7.4555840e-02  9.9588256e-01  1.6958000e+02]
 [ 9.9727136e-01  4.8898880e-02 -5.1600960e-02 -1.1723300e+03]
 [ 0.0000000e+00  0.0000000e+00  0.0000000e+00  1.0000000e+00]]
[-0117.07, +0150.75, -1106.33]
2160, 2251, 1556
[[-5.2635300e-02  9.9558002e-01 -7.5727840e-02 -2.6130000e+01]
 [ 5.1359020e-02  7.8590300e-02  9.9544456e-01  1.7008000e+02]
 [ 9.9713416e-01  4.8662560e-02 -5.5131040e-02 -1.1724400e+03]
 [ 0.0000000e+00  0.0000000e+00  0.0000000e+00  1.0000000e+00]]
[-0080.51, +0063.81, -1112.62]
1546, 1601, 2176
[[-5.256306e-02  9.957359e-01 -7.171906e-02 -2.595000e+01]
 [ 4.795994e-02  7.455564e-02  9.957965e-01  1.695800e+02]
 [ 9.971627e-01  4.920206e-02 -5.140866e-02 -1.172340e+03]
 [ 0.000000e+00  0.000000e+00  0.000000e+00  1.000000e+00]]
[-0124.21, +0072.44, -1080.46]
1163, 1201, 1125
[[-5.2297000e-02  9.9575290e-01 -7.1135100e-02 -2.5920000e+01]
 [ 4.7583100e-02  7.3978220e-02  9.9582318e-01  1.6952000e+02]
 [ 9.9715590e-01  4.9031820e-02 -5.0949780e-02 -1.1723600e+03]
 [ 0.0000000e+00  0.0000000e+00  0.0000000e+00  1.0000000e+00]]
[-0163.00, +0080.51, -1077.14]
998, 1722, 741
[[-5.2345960e-02  9.9595310e-01 -7.1536620e-02 -2.5900000e+01]
 [ 4.7984620e-02  7.4171000e-02  9.9599334e-01  1.6955000e+02]
 [ 9.9736530e-01  4.8812700e-02 -5.1576200e-02 -1.1723200e+03]
 [ 0.0000000e+00  0.0000000e+00  0.0000000e+00  1.0000000e+00]]
[-0152.37, +0019.84, -1100.52]
1527, 920, 941
[[-5.2899300e-02  9.9594964e-01 -7.0932720e-02 -2.5940000e+01]
 [ 4.7578680e-02  7.3592940e-02  9.9604036e-01  1.6951000e+02]
 [ 9.9733816e-01  4.9441320e-02 -5.1166800e-02 -1.1723500e+03]
 [ 0.0000000e+00  0.0000000e+00  0.0000000e+00  1.0000000e+00]]
[-0142.49, +0140.16, -1092.45]
1959, 2080, 1032
[[-5.3071780e-02  9.9559524e-01 -7.2788380e-02 -2.6080000e+01]
 [ 4.8410040e-02  7.5709680e-02  9.9565644e-01  1.6975000e+02]
 [ 9.9707798e-01  4.9652760e-02 -5.1918100e-02 -1.1724400e+03]
 [ 0.0000000e+00  0.0000000e+00  0.0000000e+00  1.0000000e+00]]
[-0083.28, +0062.13, -1104.94]
1520, 1277, 1996
[[-5.2780200e-02  9.9585668e-01 -7.1407840e-02 -2.6000000e+01]
 [ 4.8465760e-02  7.4171000e-02  9.9589732e-01  1.6956000e+02]
 [ 9.9723652e-01  4.9293760e-02 -5.2010440e-02 -1.1723700e+03]
 [ 0.0000000e+00  0.0000000e+00  0.0000000e+00  1.0000000e+00]]
[-0135.11, +0102.25, -1078.17]
1417, 1421, 1431
[[-5.3165320e-02  9.9583636e-01 -7.1408080e-02 -2.6000000e+01]
 [ 4.8051760e-02  7.4170520e-02  9.9591764e-01  1.6956000e+02]
 [ 9.9723628e-01  4.9707760e-02 -5.1625800e-02 -1.1723900e+03]
 [ 0.0000000e+00  0.0000000e+00  0.0000000e+00  1.0000000e+00]]
[-0136.59, +0079.89, -1076.83]
1112, 2001, 2245
[[-5.2178100e-02  9.9583998e-01 -7.2032240e-02 -2.5990000e+01]
 [ 4.8072980e-02  7.4748300e-02  9.9587016e-01  1.6962000e+02]
 [ 9.9728376e-01  4.8694160e-02 -5.1600960e-02 -1.1723900e+03]
 [ 0.0000000e+00  0.0000000e+00  0.0000000e+00  1.0000000e+00]]
[-0133.51, +0008.91, -1113.98]
2114, 1882, 1353
[[-5.3121780e-02  9.9583296e-01 -7.2575420e-02 -2.6110000e+01]
 [ 4.9426240e-02  7.5325440e-02  9.9583296e-01  1.6970000e+02]
 [ 9.9724998e-01  4.9426240e-02 -5.3121780e-02 -1.1724100e+03]
 [ 0.0000000e+00  0.0000000e+00  0.0000000e+00  1.0000000e+00]]
[-0079.77, +0090.42, -1104.23]
1783, 1865, 1623
[[-5.3357940e-02  9.9570536e-01 -7.1709480e-02 -2.6030000e+01]
 [ 4.7531280e-02  7.4554560e-02  9.9582704e-01  1.6961000e+02]
 [ 9.9715204e-01  5.0015520e-02 -5.1049140e-02 -1.1724200e+03]
 [ 0.0000000e+00  0.0000000e+00  0.0000000e+00  1.0000000e+00]]
[-0101.53, +0066.59, -1091.59]
1868, 962, 823
[[-5.3357940e-02  9.9574214e-01 -7.1094780e-02 -2.6030000e+01]
 [ 4.8145980e-02  7.3977900e-02  9.9583394e-01  1.6951000e+02]
 [ 9.9711526e-01  5.0008620e-02 -5.1625800e-02 -1.1723800e+03]
 [ 0.0000000e+00  0.0000000e+00  0.0000000e+00  1.0000000e+00]]
[-0120.23, +0151.08, -1108.18]
1884, 1822, 2158
[[-5.3624400e-02  9.9578436e-01 -7.2401880e-02 -2.6070000e+01]
 [ 4.7811480e-02  7.5131900e-02  9.9589634e-01  1.6966000e+02]
 [ 9.9726756e-01  5.0089580e-02 -5.1508660e-02 -1.1724300e+03]
 [ 0.0000000e+00  0.0000000e+00  0.0000000e+00  1.0000000e+00]]
[-0093.08, +0076.31, -1093.24]
1239, 1121, 2015
[[-5.3140800e-02  9.9585088e-01 -7.1008640e-02 -2.5990000e+01]
 [ 4.8062080e-02  7.3785600e-02  9.9593216e-01  1.6952000e+02]
 [ 9.9722176e-01  4.9717760e-02 -5.1600960e-02 -1.1723700e+03]
 [ 0.0000000e+00  0.0000000e+00  0.0000000e+00  1.0000000e+00]]
[-0159.68, +0095.52, -1077.09]
2280, 1853, 1759
[[-5.3966500e-02  9.9568864e-01 -7.3050480e-02 -2.6140000e+01]
 [ 4.9277440e-02  7.5902060e-02  9.9574044e-01  1.6976000e+02]
 [ 9.9714792e-01  5.0313240e-02 -5.3005200e-02 -1.1724600e+03]
 [ 0.0000000e+00  0.0000000e+00  0.0000000e+00  1.0000000e+00]]
[-0076.05, +0098.74, -1111.14]
2117, 1634, 1334
[[-5.3214600e-02  9.9583180e-01 -7.1797200e-02 -2.6040000e+01]
 [ 4.8440880e-02  7.4555640e-02  9.9589300e-01  1.6959000e+02]
 [ 9.9724084e-01  4.9683120e-02 -5.2060200e-02 -1.1723900e+03]
 [ 0.0000000e+00  0.0000000e+00  0.0000000e+00  1.0000000e+00]]
[-0089.88, +0108.16, -1100.60]
1406, 2158, 1799
[[-5.2804880e-02  9.9569640e-01 -7.2518040e-02 -2.6080000e+01]
 [ 4.7732400e-02  7.5324800e-02  9.9577720e-01  1.6964000e+02]
 [ 9.9719196e-01  4.9389200e-02 -5.1266320e-02 -1.1724300e+03]
 [ 0.0000000e+00  0.0000000e+00  0.0000000e+00  1.0000000e+00]]
[-0111.48, +0018.60, -1112.70]
776, 2192, 2188
[[-5.2780200e-02  9.9569882e-01 -7.2323460e-02 -2.5950000e+01]
 [ 4.7537820e-02  7.5132300e-02  9.9578954e-01  1.6965000e+02]
 [ 9.9718954e-01  4.9401540e-02 -5.1049140e-02 -1.1724100e+03]
 [ 0.0000000e+00  0.0000000e+00  0.0000000e+00  1.0000000e+00]]
[-0140.27, -0007.22, -1152.16]
932, 1523, 1072
[[-5.3092000e-02  9.9584320e-01 -7.0824400e-02 -2.5970000e+01]
 [ 4.7468080e-02  7.3592540e-02  9.9595430e-01  1.6955000e+02]
 [ 9.9722944e-01  4.9744420e-02 -5.0974500e-02 -1.1724200e+03]
 [ 0.0000000e+00  0.0000000e+00  0.0000000e+00  1.0000000e+00]]
[-0164.97, +0032.53, -1093.09]
2154, 1628, 870
[[-5.3096740e-02  9.9572654e-01 -7.2477020e-02 -2.6150000e+01]
 [ 4.9122980e-02  7.5325400e-02  9.9574706e-01  1.6970000e+02]
 [ 9.9715154e-01  4.9537180e-02 -5.2712100e-02 -1.1724300e+03]
 [ 0.0000000e+00  0.0000000e+00  0.0000000e+00  1.0000000e+00]]
[-0083.47, +0112.58, -1104.55]
2163, 841, 1844
[[-5.4009600e-02  9.9583792e-01 -7.1172640e-02 -2.6130000e+01]
 [ 4.8627040e-02  7.3977900e-02  9.9593062e-01  1.6965000e+02]
 [ 9.9719312e-01  5.0489860e-02 -5.2277460e-02 -1.1724200e+03]
 [ 0.0000000e+00  0.0000000e+00  0.0000000e+00  1.0000000e+00]]
[-0106.78, +0165.66, -1139.94]
2299, 1067, 2066
[[-5.3749000e-02  9.9575154e-01 -7.2036220e-02 -2.6200000e+01]
 [ 5.0109780e-02  7.4940760e-02  9.9575154e-01  1.6967000e+02]
 [ 9.9709546e-01  5.0109780e-02 -5.3749000e-02 -1.1724200e+03]
 [ 0.0000000e+00  0.0000000e+00  0.0000000e+00  1.0000000e+00]]
[-0095.13, +0153.24, -1132.94]
1994, 2207, 1682
[[-5.3774160e-02  9.9557764e-01 -7.3351480e-02 -2.6150000e+01]
 [ 4.9170920e-02  7.6286540e-02  9.9562934e-01  1.6982000e+02]
 [ 9.9706444e-01  5.0206820e-02 -5.2813060e-02 -1.1724400e+03]
 [ 0.0000000e+00  0.0000000e+00  0.0000000e+00  1.0000000e+00]]
[-0082.60, +0052.62, -1111.69]
1488, 974, 1114
[[-5.3333460e-02  9.9594928e-01 -7.0912480e-02 -2.6040000e+01]
 [ 4.7963680e-02  7.3592940e-02  9.9604072e-01  1.6952000e+02]
 [ 9.9731792e-01  4.9826320e-02 -5.1600960e-02 -1.1723800e+03]
 [ 0.0000000e+00  0.0000000e+00  0.0000000e+00  1.0000000e+00]]
[-0146.44, +0129.32, -1086.49]
1054, 1896, 1550
[[-5.3382500e-02  9.9582390e-01 -7.1602800e-02 -2.6040000e+01]
 [ 4.8039300e-02  7.4362780e-02  9.9591552e-01  1.6959000e+02]
 [ 9.9723840e-01  4.9902480e-02 -5.1650720e-02 -1.1723900e+03]
 [ 0.0000000e+00  0.0000000e+00  0.0000000e+00  1.0000000e+00]]
[-0141.35, +0011.72, -1108.92]
1019, 746, 1469
[[-5.2874980e-02  9.9587984e-01 -7.0219900e-02 -2.5980000e+01]
 [ 4.7890160e-02  7.3015520e-02  9.9596080e-01  1.6944000e+02]
 [ 9.9720310e-01  4.9545200e-02 -5.1334500e-02 -1.1723700e+03]
 [ 0.0000000e+00  0.0000000e+00  0.0000000e+00  1.0000000e+00]]
[-0187.84, +0118.52, -1091.43]
853, 1289, 1979
[[-5.3092000e-02  9.9585536e-01 -7.0619520e-02 -2.5960000e+01]
 [ 4.7672960e-02  7.3400240e-02  9.9595656e-01  1.6950000e+02]
 [ 9.9721728e-01  4.9742160e-02 -5.1166800e-02 -1.1723700e+03]
 [ 0.0000000e+00  0.0000000e+00  0.0000000e+00  1.0000000e+00]]
[-0181.01, +0045.11, -1090.44]
1966, 2199, 735
[[-5.3749000e-02  9.9567618e-01 -7.3265740e-02 -2.6120000e+01]
 [ 4.8880260e-02  7.6094200e-02  9.9573798e-01  1.6980000e+02]
 [ 9.9717082e-01  5.0123340e-02 -5.2595560e-02 -1.1724400e+03]
 [ 0.0000000e+00  0.0000000e+00  0.0000000e+00  1.0000000e+00]]
[-0083.03, +0054.12, -1110.59]
1031, 1155, 744
[[-5.270664e-02  9.958634e-01 -7.082404e-02 -2.597000e+01]
 [ 4.788196e-02  7.359326e-02  9.959341e-01  1.695100e+02]
 [ 9.972298e-01  4.933054e-02 -5.135914e-02 -1.172360e+03]
 [ 0.000000e+00  0.000000e+00  0.000000e+00  1.000000e+00]]
[-0174.12, +0073.76, -1080.16]
2060, 1125, 1402
[[-5.3239360e-02  9.9574568e-01 -7.1678240e-02 -2.6140000e+01]
 [ 4.8936560e-02  7.4555840e-02  9.9578672e-01  1.6960000e+02]
 [ 9.9712208e-01  4.9764640e-02 -5.2469760e-02 -1.1723900e+03]
 [ 0.0000000e+00  0.0000000e+00  0.0000000e+00  1.0000000e+00]]
[-0101.62, +0148.69, -1114.22]
1116, 1396, 769
[[-5.3189920e-02  9.9595500e-01 -7.1301480e-02 -2.6040000e+01]
 [ 4.8559800e-02  7.3978460e-02  9.9600600e-01  1.6952000e+02]
 [ 9.9732252e-01  4.9594800e-02 -5.2227620e-02 -1.1723700e+03]
 [ 0.0000000e+00  0.0000000e+00  0.0000000e+00  1.0000000e+00]]
[-0158.76, +0057.77, -1080.28]
1474, 2005, 1731
[[-5.3239360e-02  9.9581712e-01 -7.2196640e-02 -2.6030000e+01]
 [ 4.8430560e-02  7.4940400e-02  9.9587832e-01  1.6960000e+02]
 [ 9.9725552e-01  4.9673040e-02 -5.2085200e-02 -1.1723800e+03]
 [ 0.0000000e+00  0.0000000e+00  0.0000000e+00  1.0000000e+00]]
[-0110.17, +0033.84, -1098.90]
1379, 1817, 1761
[[-5.2153460e-02  9.9575838e-01 -7.1524260e-02 -2.6020000e+01]
 [ 4.8179340e-02  7.4363500e-02  9.9578862e-01  1.6958000e+02]
 [ 9.9716058e-01  4.8800340e-02 -5.1576200e-02 -1.1723800e+03]
 [ 0.0000000e+00  0.0000000e+00  0.0000000e+00  1.0000000e+00]]
[-0125.98, +0042.50, -1089.04]
1831, 1467, 807
[[-5.2972740e-02  9.9583422e-01 -7.1612800e-02 -2.6070000e+01]
 [ 4.8053900e-02  7.4363100e-02  9.9590520e-01  1.6960000e+02]
 [ 9.9724872e-01  4.9503040e-02 -5.1625800e-02 -1.1723900e+03]
 [ 0.0000000e+00  0.0000000e+00  0.0000000e+00  1.0000000e+00]]
[-0104.90, +0109.54, -1088.11]
965, 2210, 1311
[[-5.2804880e-02  9.9569640e-01 -7.2518040e-02 -2.5980000e+01]
 [ 4.7732400e-02  7.5324800e-02  9.9577720e-01  1.6967000e+02]
 [ 9.9719196e-01  4.9389200e-02 -5.1266320e-02 -1.1723900e+03]
 [ 0.0000000e+00  0.0000000e+00  0.0000000e+00  1.0000000e+00]]
[-0132.44, -0002.98, -1139.93]
1253, 1080, 1102
[[-5.3526160e-02  9.9584276e-01 -7.0804120e-02 -2.5980000e+01]
 [ 4.7853080e-02  7.3592540e-02  9.9595474e-01  1.6950000e+02]
 [ 9.9720916e-01  5.0129420e-02 -5.1408660e-02 -1.1723800e+03]
 [ 0.0000000e+00  0.0000000e+00  0.0000000e+00  1.0000000e+00]]
[-0159.29, +0102.03, -1077.92]
2175, 1932, 1116
[[-5.3774160e-02  9.9571160e-01 -7.2845480e-02 -2.6140000e+01]
 [ 4.9689520e-02  7.5710000e-02  9.9573236e-01  1.6974000e+02]
 [ 9.9713540e-01  5.0103800e-02 -5.3389600e-02 -1.1724100e+03]
 [ 0.0000000e+00  0.0000000e+00  0.0000000e+00  1.0000000e+00]]
[-0077.31, +0088.00, -1107.42]
1054, 1778, 768
[[-5.2923700e-02  9.9573028e-01 -7.1319960e-02 -2.5990000e+01]
 [ 4.7556200e-02  7.4170160e-02  9.9583128e-01  1.6955000e+02]
 [ 9.9714780e-01  4.9626000e-02 -5.0999300e-02 -1.1724000e+03]
 [ 0.0000000e+00  0.0000000e+00  0.0000000e+00  1.0000000e+00]]
[-0146.99, +0022.23, -1099.52]
1037, 1416, 1408
[[-5.2923700e-02  9.9585104e-01 -7.1018780e-02 -2.5980000e+01]
 [ 4.7869600e-02  7.3785600e-02  9.9593200e-01  1.6953000e+02]
 [ 9.9723190e-01  4.9525280e-02 -5.1383860e-02 -1.1723800e+03]
 [ 0.0000000e+00  0.0000000e+00  0.0000000e+00  1.0000000e+00]]
[-0163.07, +0048.72, -1084.03]
2140, 1775, 1114
[[-5.3264200e-02  9.9580236e-01 -7.2596080e-02 -2.6140000e+01]
 [ 4.8420240e-02  7.5325080e-02  9.9586356e-01  1.6969000e+02]
 [ 9.9727028e-01  4.9662960e-02 -5.2110280e-02 -1.1724300e+03]
 [ 0.0000000e+00  0.0000000e+00  0.0000000e+00  1.0000000e+00]]
[-0080.47, +0099.40, -1103.86]
786, 1790, 1160
[[-5.3309060e-02  9.9592716e-01 -7.1127720e-02 -2.5940000e+01]
 [ 4.7359320e-02  7.3784800e-02  9.9604836e-01  1.6953000e+02]
 [ 9.9734004e-01  4.9843080e-02 -5.0999300e-02 -1.1723700e+03]
 [ 0.0000000e+00  0.0000000e+00  0.0000000e+00  1.0000000e+00]]
[-0160.39, +0003.66, -1121.24]
753, 1497, 1107
[[-5.232144e-02  9.958836e-01 -7.082384e-02 -2.592000e+01]
 [ 4.829584e-02  7.359366e-02  9.959139e-01  1.695000e+02]
 [ 9.972300e-01  4.891666e-02 -5.174394e-02 -1.172350e+03]
 [ 0.000000e+00  0.000000e+00  0.000000e+00  1.000000e+00]]
[-0176.45, +0020.45, -1106.11]
1053, 1749, 772
[[-5.3357940e-02  9.9593478e-01 -7.1311940e-02 -2.5980000e+01]
 [ 4.7953340e-02  7.3977900e-02  9.9602622e-01  1.6958000e+02]
 [ 9.9733242e-01  4.9816340e-02 -5.1625800e-02 -1.1724000e+03]
 [ 0.0000000e+00  0.0000000e+00  0.0000000e+00  1.0000000e+00]]
[-0147.65, +0022.29, -1098.39]
817, 1236, 1416
[[-5.2658000e-02  9.9596424e-01 -7.0543320e-02 -2.5920000e+01]
 [ 4.7396400e-02  7.3207900e-02  9.9605460e-01  1.6947000e+02]
 [ 9.9733380e-01  4.9258680e-02 -5.0925140e-02 -1.1723500e+03]
 [ 0.0000000e+00  0.0000000e+00  0.0000000e+00  1.0000000e+00]]
[-0185.57, +0046.63, -1091.70]
1598, 2093, 1643
[[-5.2829640e-02  9.9571878e-01 -7.2302940e-02 -2.6060000e+01]
 [ 4.8336660e-02  7.5132860e-02  9.9576958e-01  1.6967000e+02]
 [ 9.9716958e-01  4.9372060e-02 -5.1867940e-02 -1.1724000e+03]
 [ 0.0000000e+00  0.0000000e+00  0.0000000e+00  1.0000000e+00]]
[-0100.91, +0035.93, -1103.29]
1065, 1145, 1446
[[-5.2489620e-02  9.9586354e-01 -7.0834120e-02 -2.5910000e+01]
 [ 4.7689460e-02  7.3593260e-02  9.9593396e-01  1.6949000e+02]
 [ 9.9723988e-01  4.9138040e-02 -5.1142120e-02 -1.1723300e+03]
 [ 0.0000000e+00  0.0000000e+00  0.0000000e+00  1.0000000e+00]]
[-0172.21, +0077.69, -1079.14]
1491, 859, 2272
[[-5.2826580e-02  9.9583596e-01 -7.0650180e-02 -2.5940000e+01]
 [ 4.6681560e-02  7.3399280e-02  9.9597596e-01  1.6947000e+02]
 [ 9.9724698e-01  4.9578440e-02 -5.0131300e-02 -1.1723400e+03]
 [ 0.0000000e+00  0.0000000e+00  0.0000000e+00  1.0000000e+00]]
[-0146.99, +0143.70, -1095.04]
1527, 2190, 2185
[[-5.2252500e-02  9.9572434e-01 -7.2712380e-02 -2.6020000e+01]
 [ 4.8548340e-02  7.5517740e-02  9.9573446e-01  1.6970000e+02]
 [ 9.9719462e-01  4.8755460e-02 -5.2060200e-02 -1.1723500e+03]
 [ 0.0000000e+00  0.0000000e+00  0.0000000e+00  1.0000000e+00]]
[-0102.90, +0026.11, -1111.18]
1803, 1702, 1985
[[-5.2587700e-02  9.9584216e-01 -7.1817420e-02 -2.6000000e+01]
 [ 4.8263120e-02  7.4555840e-02  9.9588264e-01  1.6960000e+02]
 [ 9.9726126e-01  4.9091280e-02 -5.1818100e-02 -1.1723500e+03]
 [ 0.0000000e+00  0.0000000e+00  0.0000000e+00  1.0000000e+00]]
[-0100.38, +0087.93, -1088.13]
1374, 1649, 1839
[[-5.2345960e-02  9.9576058e-01 -7.1319540e-02 -2.5950000e+01]
 [ 4.8177140e-02  7.4171000e-02  9.9580098e-01  1.6956000e+02]
 [ 9.9714822e-01  4.9005060e-02 -5.1576200e-02 -1.1723300e+03]
 [ 0.0000000e+00  0.0000000e+00  0.0000000e+00  1.0000000e+00]]
[-0132.04, +0055.86, -1082.07]
1871, 1273, 1053
[[-5.1936400e-02  9.9586696e-01 -7.1438080e-02 -2.6010000e+01]
 [ 4.8095440e-02  7.4171120e-02  9.9588704e-01  1.6957000e+02]
 [ 9.9726688e-01  4.8509440e-02 -5.1551520e-02 -1.1723400e+03]
 [ 0.0000000e+00  0.0000000e+00  0.0000000e+00  1.0000000e+00]]
[-0107.77, +0128.91, -1094.08]
1587, 1663, 786
[[-5.2178100e-02  9.9586466e-01 -7.1622680e-02 -2.5960000e+01]
 [ 4.8482540e-02  7.4363580e-02  9.9587476e-01  1.6958000e+02]
 [ 9.9725908e-01  4.8689560e-02 -5.1985680e-02 -1.1723400e+03]
 [ 0.0000000e+00  0.0000000e+00  0.0000000e+00  1.0000000e+00]]
[-0117.72, +0069.40, -1082.37]
1759, 1061, 1805
[[-5.2563060e-02  9.9586906e-01 -7.1213160e-02 -2.5990000e+01]
 [ 4.8478140e-02  7.3978620e-02  9.9589948e-01  1.6954000e+02]
 [ 9.9723436e-01  4.9099080e-02 -5.1985680e-02 -1.1723100e+03]
 [ 0.0000000e+00  0.0000000e+00  0.0000000e+00  1.0000000e+00]]
[-0122.13, +0139.95, -1095.73]
2045, 2072, 1402
[[-5.2929480e-02  9.9570942e-01 -7.3081260e-02 -2.6080000e+01]
 [ 4.9114980e-02  7.5902300e-02  9.9571966e-01  1.6975000e+02]
 [ 9.9717894e-01  4.9322140e-02 -5.2737220e-02 -1.1723700e+03]
 [ 0.0000000e+00  0.0000000e+00  0.0000000e+00  1.0000000e+00]]
[-0080.01, +0068.84, -1106.84]
1053, 1362, 2208
[[-5.3116360e-02  9.9593726e-01 -7.1127500e-02 -2.5930000e+01]
 [ 4.7566300e-02  7.3785240e-02  9.9603826e-01  1.6951000e+02]
 [ 9.9734026e-01  4.9636100e-02 -5.1191560e-02 -1.1723200e+03]
 [ 0.0000000e+00  0.0000000e+00  0.0000000e+00  1.0000000e+00]]
[-0164.22, +0055.99, -1081.53]
2019, 990, 1197
[[-5.256306e-02  9.957482e-01 -7.151424e-02 -2.603000e+01]
 [ 4.816476e-02  7.436334e-02  9.957988e-01  1.695600e+02]
 [ 9.971504e-01  4.919976e-02 -5.160096e-02 -1.172360e+03]
 [ 0.000000e+00  0.000000e+00  0.000000e+00  1.000000e+00]]
[-0107.87, +0157.13, -1119.69]
1659, 1275, 741
[[-5.2538500e-02  9.9585902e-01 -7.1223360e-02 -2.5970000e+01]
 [ 4.8078700e-02  7.3978460e-02  9.9590952e-01  1.6954000e+02]
 [ 9.9724440e-01  4.9113600e-02 -5.1576200e-02 -1.1723300e+03]
 [ 0.0000000e+00  0.0000000e+00  0.0000000e+00  1.0000000e+00]]
[-0124.43, +0111.12, -1082.03]
1711, 1818, 718
[[-5.2587700e-02  9.9581748e-01 -7.2227060e-02 -2.6020000e+01]
 [ 4.7853480e-02  7.4940400e-02  9.9587796e-01  1.6962000e+02]
 [ 9.9728594e-01  4.9095960e-02 -5.1433540e-02 -1.1723500e+03]
 [ 0.0000000e+00  0.0000000e+00  0.0000000e+00  1.0000000e+00]]
[-0102.68, +0065.27, -1089.09]
1757, 1097, 2070
[[-5.2563060e-02  9.9585676e-01 -7.1417980e-02 -2.5990000e+01]
 [ 4.8273320e-02  7.4171000e-02  9.9589724e-01  1.6954000e+02]
 [ 9.9724666e-01  4.9101320e-02 -5.1793300e-02 -1.1723200e+03]
 [ 0.0000000e+00  0.0000000e+00  0.0000000e+00  1.0000000e+00]]
[-0121.73, +0136.13, -1093.42]
1358, 1326, 2101
[[-5.2948180e-02  9.9583652e-01 -7.1418220e-02 -2.5960000e+01]
 [ 4.7859320e-02  7.4170520e-02  9.9591748e-01  1.6953000e+02]
 [ 9.9724642e-01  4.9515320e-02 -5.1408660e-02 -1.1723200e+03]
 [ 0.0000000e+00  0.0000000e+00  0.0000000e+00  1.0000000e+00]]
[-0143.65, +0084.52, -1075.86]
945, 1088, 2080
[[-5.3067720e-02  9.9574910e-01 -7.0521340e-02 -2.5900000e+01]
 [ 4.7369900e-02  7.3399800e-02  9.9587030e-01  1.6947000e+02]
 [ 9.9711866e-01  4.9852700e-02 -5.0757480e-02 -1.1723300e+03]
 [ 0.0000000e+00  0.0000000e+00  0.0000000e+00  1.0000000e+00]]
[-0182.57, +0073.59, -1082.79]
1302, 1572, 1108
[[-5.2948180e-02  9.9583652e-01 -7.1418220e-02 -2.6020000e+01]
 [ 4.7859320e-02  7.4170520e-02  9.9591748e-01  1.6956000e+02]
 [ 9.9724642e-01  4.9515320e-02 -5.1408660e-02 -1.1723800e+03]
 [ 0.0000000e+00  0.0000000e+00  0.0000000e+00  1.0000000e+00]]
[-0138.76, +0058.31, -1080.13]
1892, 1974, 768
[[-5.4083880e-02  9.9568530e-01 -7.2467220e-02 -2.6110000e+01]
 [ 4.8486900e-02  7.5324440e-02  9.9578830e-01  1.6968000e+02]
 [ 9.9714078e-01  5.0557900e-02 -5.2160680e-02 -1.1724300e+03]
 [ 0.0000000e+00  0.0000000e+00  0.0000000e+00  1.0000000e+00]]
[-0086.80, +0065.99, -1099.28]
1269, 1449, 809
[[-5.3165320e-02  9.9584864e-01 -7.1203200e-02 -2.6010000e+01]
 [ 4.8256640e-02  7.3978220e-02  9.9591990e-01  1.6955000e+02]
 [ 9.9722400e-01  4.9705500e-02 -5.1818100e-02 -1.1723700e+03]
 [ 0.0000000e+00  0.0000000e+00  0.0000000e+00  1.0000000e+00]]
[-0145.81, +0065.64, -1077.93]
1280, 2000, 1802
[[-5.3214600e-02  9.9581944e-01 -7.2002080e-02 -2.6050000e+01]
 [ 4.8236000e-02  7.4747900e-02  9.9589070e-01  1.6962000e+02]
 [ 9.9725320e-01  4.9685420e-02 -5.1867940e-02 -1.1723900e+03]
 [ 0.0000000e+00  0.0000000e+00  0.0000000e+00  1.0000000e+00]]
[-0123.31, +0019.89, -1104.72]
1018, 1577, 1948
[[-5.3382500e-02  9.9575220e-01 -7.1084400e-02 -2.5980000e+01]
 [ 4.8545400e-02  7.3978220e-02  9.9582388e-01  1.6955000e+02]
 [ 9.9710520e-01  4.9994120e-02 -5.2035280e-02 -1.1723600e+03]
 [ 0.0000000e+00  0.0000000e+00  0.0000000e+00  1.0000000e+00]]
[-0157.56, +0034.92, -1090.24]
1194, 2095, 1314
[[-5.3841700e-02  9.9570024e-01 -7.2078080e-02 -2.6050000e+01]
 [ 4.8305040e-02  7.4939760e-02  9.9580284e-01  1.6967000e+02]
 [ 9.9713632e-01  5.0375640e-02 -5.1918100e-02 -1.1724000e+03]
 [ 0.0000000e+00  0.0000000e+00  0.0000000e+00  1.0000000e+00]]
[-0125.01, +0009.12, -1117.15]
1928, 1625, 1048
[[-5.2804880e-02  9.9584208e-01 -7.1807280e-02 -2.6080000e+01]
 [ 4.8455520e-02  7.4555840e-02  9.9588272e-01  1.6962000e+02]
 [ 9.9725112e-01  4.9283680e-02 -5.2035280e-02 -1.1724000e+03]
 [ 0.0000000e+00  0.0000000e+00  0.0000000e+00  1.0000000e+00]]
[-0094.62, +0103.16, -1092.83]
1032, 1001, 1323
[[-5.3526160e-02  9.9584276e-01 -7.0804120e-02 -2.5980000e+01]
 [ 4.7853080e-02  7.3592540e-02  9.9595474e-01  1.6948000e+02]
 [ 9.9720916e-01  5.0129420e-02 -5.1408660e-02 -1.1723600e+03]
 [ 0.0000000e+00  0.0000000e+00  0.0000000e+00  1.0000000e+00]]
[-0179.63, +0091.23, -1081.50]
993, 1593, 701
[[-5.2948180e-02  9.9574022e-01 -7.1309660e-02 -2.5980000e+01]
 [ 4.7955620e-02  7.4170520e-02  9.9582134e-01  1.6957000e+02]
 [ 9.9713786e-01  4.9611460e-02 -5.1408660e-02 -1.1723900e+03]
 [ 0.0000000e+00  0.0000000e+00  0.0000000e+00  1.0000000e+00]]
[-0158.98, +0030.11, -1093.28]
2243, 975, 2037
[[-5.3264200e-02  9.9574346e-01 -7.1872780e-02 -2.6160000e+01]
 [ 4.9131100e-02  7.4748300e-02  9.9577430e-01  1.6964000e+02]
 [ 9.9712430e-01  4.9752220e-02 -5.2687060e-02 -1.1723700e+03]
 [ 0.0000000e+00  0.0000000e+00  0.0000000e+00  1.0000000e+00]]
[-0100.25, +0159.19, -1135.60]
1557, 2251, 1857
[[-5.3506500e-02  9.9578740e-01 -7.2985300e-02 -2.6090000e+01]
 [ 4.8602200e-02  7.5709680e-02  9.9584884e-01  1.6974000e+02]
 [ 9.9727490e-01  4.9845160e-02 -5.2352820e-02 -1.1723900e+03]
 [ 0.0000000e+00  0.0000000e+00  0.0000000e+00  1.0000000e+00]]
[-0102.51, +0023.49, -1115.43]
1657, 1121, 1874
[[-5.3140800e-02  9.9583864e-01 -7.1213520e-02 -2.6030000e+01]
 [ 4.7857200e-02  7.3977900e-02  9.9592990e-01  1.6955000e+02]
 [ 9.9723400e-01  4.9720020e-02 -5.1408660e-02 -1.1724000e+03]
 [ 0.0000000e+00  0.0000000e+00  0.0000000e+00  1.0000000e+00]]
[-0128.58, +0126.91, -1087.03]
1400, 806, 867
[[-5.3501800e-02  9.9584500e-01 -7.0609600e-02 -2.6000000e+01]
 [ 4.7658560e-02  7.3399800e-02  9.9596692e-01  1.6949000e+02]
 [ 9.9720692e-01  5.0141600e-02 -5.1191560e-02 -1.1723600e+03]
 [ 0.0000000e+00  0.0000000e+00  0.0000000e+00  1.0000000e+00]]
[-0156.61, +0140.74, -1094.15]
1957, 1246, 1328
[[-5.4202260e-02  9.9569438e-01 -7.1679140e-02 -2.6110000e+01]
 [ 4.7901460e-02  7.4554040e-02  9.9583802e-01  1.6961000e+02]
 [ 9.9712118e-01  5.0799740e-02 -5.1508660e-02 -1.1724100e+03]
 [ 0.0000000e+00  0.0000000e+00  0.0000000e+00  1.0000000e+00]]
[-0103.40, +0134.57, -1100.23]
1610, 1403, 1504
[[-5.3743300e-02  9.9580588e-01 -7.1408740e-02 -2.6050000e+01]
 [ 4.7430760e-02  7.4169200e-02  9.9594812e-01  1.6956000e+02]
 [ 9.9723562e-01  5.0328760e-02 -5.1049140e-02 -1.1724200e+03]
 [ 0.0000000e+00  0.0000000e+00  0.0000000e+00  1.0000000e+00]]
[-0124.51, +0094.88, -1079.19]
1995, 815, 950
[[-5.4034280e-02  9.9573942e-01 -7.1258460e-02 -2.6100000e+01]
 [ 4.8917820e-02  7.4170520e-02  9.9582214e-01  1.6956000e+02]
 [ 9.9708666e-01  5.0573660e-02 -5.2494760e-02 -1.1723700e+03]
 [ 0.0000000e+00  0.0000000e+00  0.0000000e+00  1.0000000e+00]]
[-0115.10, +0167.16, -1131.30]
973, 2053, 1908
[[-5.3140800e-02  9.9570560e-01 -7.1719600e-02 -2.6000000e+01]
 [ 4.7338880e-02  7.4554560e-02  9.9582680e-01  1.6961000e+02]
 [ 9.9716216e-01  4.9823120e-02 -5.0832000e-02 -1.1723900e+03]
 [ 0.0000000e+00  0.0000000e+00  0.0000000e+00  1.0000000e+00]]
[-0138.21, -0000.60, -1128.16]
2124, 1117, 1504
[[-5.3649160e-02  9.9562664e-01 -7.1764320e-02 -2.6140000e+01]
 [ 4.8813280e-02  7.4747900e-02  9.9569874e-01  1.6961000e+02]
 [ 9.9701544e-01  5.0262420e-02 -5.2302500e-02 -1.1723900e+03]
 [ 0.0000000e+00  0.0000000e+00  0.0000000e+00  1.0000000e+00]]
[-0099.18, +0150.49, -1119.27]
1166, 1197, 1322
[[-5.3960480e-02  9.9583008e-01 -7.0988640e-02 -2.6020000e+01]
 [ 4.8033120e-02  7.3784800e-02  9.9595296e-01  1.6952000e+02]
 [ 9.9720096e-01  5.0516640e-02 -5.1650720e-02 -1.1723800e+03]
 [ 0.0000000e+00  0.0000000e+00  0.0000000e+00  1.0000000e+00]]
[-0162.34, +0080.38, -1077.00]
1113, 2012, 2149
[[-5.3599720e-02  9.9570278e-01 -7.1893820e-02 -2.6040000e+01]
 [ 4.7918180e-02  7.4747180e-02  9.9581498e-01  1.6964000e+02]
 [ 9.9714422e-01  5.0195620e-02 -5.1483540e-02 -1.1723900e+03]
 [ 0.0000000e+00  0.0000000e+00  0.0000000e+00  1.0000000e+00]]
[-0132.71, +0008.22, -1114.98]
1807, 1774, 1691
[[-5.3214600e-02  9.9581944e-01 -7.2002080e-02 -2.6100000e+01]
 [ 4.8236000e-02  7.4747900e-02  9.9589070e-01  1.6961000e+02]
 [ 9.9725320e-01  4.9685420e-02 -5.1867940e-02 -1.1724000e+03]
 [ 0.0000000e+00  0.0000000e+00  0.0000000e+00  1.0000000e+00]]
[-0098.01, +0081.83, -1089.87]
933, 1666, 1560
[[-5.3284740e-02  9.9582096e-01 -7.1029540e-02 -2.5960000e+01]
 [ 4.7056240e-02  7.3784280e-02  9.9596208e-01  1.6952000e+02]
 [ 9.9724134e-01  4.9953680e-02 -5.0590020e-02 -1.1723800e+03]
 [ 0.0000000e+00  0.0000000e+00  0.0000000e+00  1.0000000e+00]]
[-0159.17, +0021.75, -1100.57]
2261, 1788, 2285
[[-5.3966500e-02  9.9571380e-01 -7.2640600e-02 -2.6160000e+01]
 [ 4.9687320e-02  7.5517660e-02  9.9574500e-01  1.6974000e+02]
 [ 9.9712276e-01  5.0308680e-02 -5.3389600e-02 -1.1724200e+03]
 [ 0.0000000e+00  0.0000000e+00  0.0000000e+00  1.0000000e+00]]
[-0077.39, +0103.80, -1110.00]
1820, 1862, 1272
[[-5.3214600e-02  9.9581944e-01 -7.2002080e-02 -2.6060000e+01]
 [ 4.8236000e-02  7.4747900e-02  9.9589070e-01  1.6962000e+02]
 [ 9.9725320e-01  4.9685420e-02 -5.1867940e-02 -1.1723900e+03]
 [ 0.0000000e+00  0.0000000e+00  0.0000000e+00  1.0000000e+00]]
[-0098.56, +0065.89, -1092.60]
2286, 1327, 2040
[[-5.3891380e-02  9.9572052e-01 -7.2057160e-02 -2.6150000e+01]
 [ 4.9103880e-02  7.4940400e-02  9.9578256e-01  1.6965000e+02]
 [ 9.9711604e-01  5.0346240e-02 -5.2737220e-02 -1.1724100e+03]
 [ 0.0000000e+00  0.0000000e+00  0.0000000e+00  1.0000000e+00]]
[-0088.02, +0138.53, -1120.03]
1228, 1613, 828
[[-5.3816980e-02  9.9583588e-01 -7.1377420e-02 -2.6040000e+01]
 [ 4.8629080e-02  7.4170520e-02  9.9591812e-01  1.6958000e+02]
 [ 9.9720562e-01  5.0285080e-02 -5.2277460e-02 -1.1723700e+03]
 [ 0.0000000e+00  0.0000000e+00  0.0000000e+00  1.0000000e+00]]
[-0142.73, +0047.56, -1083.48]
1846, 1364, 1138
[[-5.3382500e-02  9.9582390e-01 -7.1602800e-02 -2.6090000e+01]
 [ 4.8039300e-02  7.4362780e-02  9.9591552e-01  1.6960000e+02]
 [ 9.9723840e-01  4.9902480e-02 -5.1650720e-02 -1.1724200e+03]
 [ 0.0000000e+00  0.0000000e+00  0.0000000e+00  1.0000000e+00]]
[-0106.83, +0119.40, -1090.27]
1543, 1291, 2210
[[-5.3382500e-02  9.9584850e-01 -7.1193000e-02 -2.6040000e+01]
 [ 4.8449100e-02  7.3978220e-02  9.9592004e-01  1.6956000e+02]
 [ 9.9721380e-01  4.9897960e-02 -5.2035280e-02 -1.1723900e+03]
 [ 0.0000000e+00  0.0000000e+00  0.0000000e+00  1.0000000e+00]]
[-0132.23, +0101.74, -1078.58]
911, 1002, 2177
[[-5.2874980e-02  9.9596406e-01 -7.0533260e-02 -2.5930000e+01]
 [ 4.7588940e-02  7.3207900e-02  9.9605478e-01  1.6947000e+02]
 [ 9.9732374e-01  4.9451220e-02 -5.1142120e-02 -1.1723600e+03]
 [ 0.0000000e+00  0.0000000e+00  0.0000000e+00  1.0000000e+00]]
[-0188.61, +0079.24, -1085.00]
1937, 1127, 1117
[[-5.3792340e-02  9.9572948e-01 -7.1279240e-02 -2.6080000e+01]
 [ 4.8325960e-02  7.4170160e-02  9.9583208e-01  1.6959000e+02]
 [ 9.9710708e-01  5.0395760e-02 -5.1867940e-02 -1.1723800e+03]
 [ 0.0000000e+00  0.0000000e+00  0.0000000e+00  1.0000000e+00]]
[-0108.26, +0143.84, -1104.54]
1834, 1945, 1301
[[-5.2637220e-02  9.9574136e-01 -7.2098040e-02 -2.6070000e+01]
 [ 4.8748560e-02  7.4940720e-02  9.9576172e-01  1.6964000e+02]
 [ 9.9715724e-01  4.9162680e-02 -5.2252500e-02 -1.1723800e+03]
 [ 0.0000000e+00  0.0000000e+00  0.0000000e+00  1.0000000e+00]]
[-0092.76, +0061.96, -1096.25]
1071, 1623, 1446
[[-5.3575120e-02  9.9582600e-01 -7.1398080e-02 -2.6000000e+01]
 [ 4.8037200e-02  7.4170160e-02  9.9592800e-01  1.6956000e+02]
 [ 9.9722592e-01  5.0107200e-02 -5.1650720e-02 -1.1723800e+03]
 [ 0.0000000e+00  0.0000000e+00  0.0000000e+00  1.0000000e+00]]
[-0152.62, +0035.01, -1089.85]
2118, 1662, 1784
[[-5.3071780e-02  9.9572882e-01 -7.2282460e-02 -2.6130000e+01]
 [ 4.8928420e-02  7.5133020e-02  9.9575954e-01  1.6968000e+02]
 [ 9.9714926e-01  4.9549660e-02 -5.2494760e-02 -1.1723800e+03]
 [ 0.0000000e+00  0.0000000e+00  0.0000000e+00  1.0000000e+00]]
[-0083.46, +0108.68, -1102.96]
874, 1183, 2086
[[-5.3453320e-02  9.9583740e-01 -7.0425480e-02 -2.5920000e+01]
 [ 4.7064600e-02  7.3206460e-02  9.9598890e-01  1.6948000e+02]
 [ 9.9721452e-01  5.0168100e-02 -5.0565220e-02 -1.1723800e+03]
 [ 0.0000000e+00  0.0000000e+00  0.0000000e+00  1.0000000e+00]]
[-0184.06, +0056.66, -1087.11]
885, 1890, 1145
[[-5.2755600e-02  9.9573808e-01 -7.1514360e-02 -2.5970000e+01]
 [ 4.7957760e-02  7.4363100e-02  9.9580892e-01  1.6959000e+02]
 [ 9.9715028e-01  4.9406760e-02 -5.1408660e-02 -1.1723800e+03]
 [ 0.0000000e+00  0.0000000e+00  0.0000000e+00  1.0000000e+00]]
[-0151.12, +0001.96, -1122.26]
877, 1599, 1788
[[-5.3936040e-02  9.9582012e-01 -7.0999120e-02 -2.5970000e+01]
 [ 4.7633680e-02  7.3784280e-02  9.9596292e-01  1.6954000e+02]
 [ 9.9721092e-01  5.0531120e-02 -5.1241320e-02 -1.1723800e+03]
 [ 0.0000000e+00  0.0000000e+00  0.0000000e+00  1.0000000e+00]]
[-0165.56, +0022.05, -1101.38]
1704, 1135, 1089
[[-5.3140800e-02  9.9574232e-01 -7.1104960e-02 -2.6040000e+01]
 [ 4.7953520e-02  7.3977900e-02  9.9583376e-01  1.6957000e+02]
 [ 9.9712544e-01  4.9816160e-02 -5.1408660e-02 -1.1723900e+03]
 [ 0.0000000e+00  0.0000000e+00  0.0000000e+00  1.0000000e+00]]
[-0123.49, +0130.54, -1089.25]
1819, 974, 936
[[-5.2755600e-02  9.9576264e-01 -7.1104680e-02 -2.6060000e+01]
 [ 4.8367440e-02  7.3978460e-02  9.9581344e-01  1.6955000e+02]
 [ 9.9712572e-01  4.9402240e-02 -5.1793300e-02 -1.1723700e+03]
 [ 0.0000000e+00  0.0000000e+00  0.0000000e+00  1.0000000e+00]]
[-0120.56, +0151.70, -1106.14]
1752, 2052, 1571
[[-5.3214600e-02  9.9580708e-01 -7.2206960e-02 -2.6080000e+01]
 [ 4.8031120e-02  7.4940120e-02  9.9588836e-01  1.6965000e+02]
 [ 9.9726556e-01  4.9687760e-02 -5.1675720e-02 -1.1724000e+03]
 [ 0.0000000e+00  0.0000000e+00  0.0000000e+00  1.0000000e+00]]
[-0094.30, +0047.76, -1100.96]
819, 886, 853
[[-5.3043520e-02  9.9596832e-01 -7.0134000e-02 -2.5920000e+01]
 [ 4.7392320e-02  7.2822380e-02  9.9607920e-01  1.6943000e+02]
 [ 9.9730920e-01  4.9668000e-02 -5.0925140e-02 -1.1723600e+03]
 [ 0.0000000e+00  0.0000000e+00  0.0000000e+00  1.0000000e+00]]
[-0199.55, +0084.24, -1090.85]
1355, 792, 1286
[[-5.3260500e-02  9.9583540e-01 -7.0630100e-02 -2.5990000e+01]
 [ 4.7066600e-02  7.3399280e-02  9.9597652e-01  1.6947000e+02]
 [ 9.9722690e-01  4.9963480e-02 -5.0565220e-02 -1.1723900e+03]
 [ 0.0000000e+00  0.0000000e+00  0.0000000e+00  1.0000000e+00]]
[-0159.43, +0140.46, -1094.00]
1672, 1630, 960
[[-5.2997380e-02  9.9572332e-01 -7.1903640e-02 -2.6070000e+01]
 [ 4.8139880e-02  7.4747900e-02  9.9579444e-01  1.6961000e+02]
 [ 9.9715476e-01  4.9589160e-02 -5.1650720e-02 -1.1724100e+03]
 [ 0.0000000e+00  0.0000000e+00  0.0000000e+00  1.0000000e+00]]
[-0109.62, +0081.88, -1083.20]
2110, 1087, 1884
[[-5.4034280e-02  9.9571470e-01 -7.1668380e-02 -2.6120000e+01]
 [ 4.8507900e-02  7.4555000e-02  9.9581770e-01  1.6961000e+02]
 [ 9.9711138e-01  5.0578100e-02 -5.2110280e-02 -1.1724000e+03]
 [ 0.0000000e+00  0.0000000e+00  0.0000000e+00  1.0000000e+00]]
[-0100.58, +0152.20, -1120.03]
1869, 1538, 1527
[[-5.3189920e-02  9.9582176e-01 -7.1807520e-02 -2.6080000e+01]
 [ 4.8041440e-02  7.4555360e-02  9.9590304e-01  1.6960000e+02]
 [ 9.9725088e-01  4.9697760e-02 -5.1650720e-02 -1.1724000e+03]
 [ 0.0000000e+00  0.0000000e+00  0.0000000e+00  1.0000000e+00]]
[-0104.91, +0098.50, -1087.54]
1477, 1131, 716
[[-5.2755600e-02  9.9585892e-01 -7.1213240e-02 -2.6040000e+01]
 [ 4.8271160e-02  7.3978460e-02  9.9590962e-01  1.6953000e+02]
 [ 9.9723428e-01  4.9306060e-02 -5.1793300e-02 -1.1723500e+03]
 [ 0.0000000e+00  0.0000000e+00  0.0000000e+00  1.0000000e+00]]
[-0141.59, +0113.01, -1079.92]
2098, 1718, 1120
[[-5.2879400e-02  9.9572658e-01 -7.2487260e-02 -2.6130000e+01]
 [ 4.8930660e-02  7.5325400e-02  9.9574702e-01  1.6970000e+02]
 [ 9.9716178e-01  4.9344860e-02 -5.2494760e-02 -1.1724000e+03]
 [ 0.0000000e+00  0.0000000e+00  0.0000000e+00  1.0000000e+00]]
[-0082.69, +0102.26, -1101.67]
770, 1066, 1613
[[-5.285074e-02  9.959663e-01 -7.033866e-02 -2.586000e+01]
 [ 4.739434e-02  7.301516e-02  9.960669e-01  1.694500e+02]
 [ 9.973215e-01  4.946334e-02 -5.092514e-02 -1.172320e+03]
 [ 0.000000e+00  0.000000e+00  0.000000e+00  1.000000e+00]]
[-0195.48, +0059.92, -1091.79]
1890, 1296, 1374
[[-5.2612420e-02  9.9586462e-01 -7.1602400e-02 -2.6030000e+01]
 [ 4.8867380e-02  7.4363580e-02  9.9587480e-01  1.6959000e+02]
 [ 9.9723880e-01  4.9074400e-02 -5.2420000e-02 -1.1723400e+03]
 [ 0.0000000e+00  0.0000000e+00  0.0000000e+00  1.0000000e+00]]
[-0105.74, +0127.61, -1094.36]
1939, 1708, 716
[[-5.3431860e-02  9.9581930e-01 -7.1991880e-02 -2.6050000e+01]
 [ 4.8428380e-02  7.4747900e-02  9.9589084e-01  1.6966000e+02]
 [ 9.9724300e-01  4.9877800e-02 -5.2085200e-02 -1.1723600e+03]
 [ 0.0000000e+00  0.0000000e+00  0.0000000e+00  1.0000000e+00]]
[-0090.45, +0094.22, -1093.61]
2059, 1155, 1877
[[-5.3022100e-02  9.9585438e-01 -7.1592240e-02 -2.6060000e+01]
 [ 4.8852780e-02  7.4363500e-02  9.9588504e-01  1.6960000e+02]
 [ 9.9722856e-01  4.9473840e-02 -5.2444840e-02 -1.1723500e+03]
 [ 0.0000000e+00  0.0000000e+00  0.0000000e+00  1.0000000e+00]]
[-0100.23, +0146.36, -1112.50]
770, 2247, 2028
[[-5.2178100e-02  9.9568206e-01 -7.2947580e-02 -2.5920000e+01]
 [ 4.7145300e-02  7.5709400e-02  9.9576190e-01  1.6971000e+02]
 [ 9.9723690e-01  4.8802420e-02 -5.0639860e-02 -1.1723400e+03]
 [ 0.0000000e+00  0.0000000e+00  0.0000000e+00  1.0000000e+00]]
[-0138.10, -0007.13, -1154.77]
1234, 759, 796
[[-5.3043520e-02  9.9585984e-01 -7.0230400e-02 -2.5910000e+01]
 [ 4.7283840e-02  7.3014720e-02  9.9598080e-01  1.6943000e+02]
 [ 9.9721280e-01  4.9766400e-02 -5.0732800e-02 -1.1723200e+03]
 [ 0.0000000e+00  0.0000000e+00  0.0000000e+00  1.0000000e+00]]
[-0169.67, +0134.46, -1092.28]
1908, 1577, 2066
[[-5.2227620e-02  9.9586014e-01 -7.2012000e-02 -2.6030000e+01]
 [ 4.8871860e-02  7.4748380e-02  9.9585000e-01  1.6962000e+02]
 [ 9.9726360e-01  4.8664800e-02 -5.2420000e-02 -1.1723000e+03]
 [ 0.0000000e+00  0.0000000e+00  0.0000000e+00  1.0000000e+00]]
[-0095.50, +0101.64, -1091.24]
1206, 1583, 1291
[[-5.3767780e-02  9.9570720e-01 -7.1494640e-02 -2.6010000e+01]
 [ 4.7721600e-02  7.4361900e-02  9.9583980e-01  1.6955000e+02]
 [ 9.9712936e-01  5.0412600e-02 -5.1266320e-02 -1.1724000e+03]
 [ 0.0000000e+00  0.0000000e+00  0.0000000e+00  1.0000000e+00]]
[-0144.41, +0047.37, -1083.30]
2270, 1894, 1437
[[-5.3991700e-02  9.9569894e-01 -7.3040020e-02 -2.6170000e+01]
 [ 4.9676860e-02  7.5902220e-02  9.9573014e-01  1.6975000e+02]
 [ 9.9713762e-01  5.0298340e-02 -5.3414920e-02 -1.1724300e+03]
 [ 0.0000000e+00  0.0000000e+00  0.0000000e+00  1.0000000e+00]]
[-0075.75, +0095.19, -1111.02]
1143, 1660, 1255
[[-5.3165320e-02  9.9595722e-01 -7.1106900e-02 -2.5990000e+01]
 [ 4.8365220e-02  7.3785880e-02  9.9601830e-01  1.6955000e+02]
 [ 9.9732030e-01  4.9607100e-02 -5.2010440e-02 -1.1723600e+03]
 [ 0.0000000e+00  0.0000000e+00  0.0000000e+00  1.0000000e+00]]
[-0146.50, +0037.29, -1088.52]
2245, 2299, 1612
[[-5.2905640e-02  9.9562820e-01 -7.5287400e-02 -2.6240000e+01]
 [ 5.2759400e-02  7.8204380e-02  9.9542718e-01  1.7012000e+02]
 [ 9.9707580e-01  4.8819180e-02 -5.6554020e-02 -1.1725000e+03]
 [ 0.0000000e+00  0.0000000e+00  0.0000000e+00  1.0000000e+00]]
[-0089.45, +0068.05, -1110.23]
1575, 1413, 1575
[[-5.3501800e-02  9.9585716e-01 -7.0404680e-02 -2.6030000e+01]
 [ 4.7863480e-02  7.3207500e-02  9.9596914e-01  1.6950000e+02]
 [ 9.9719476e-01  5.0139380e-02 -5.1383860e-02 -1.1723900e+03]
 [ 0.0000000e+00  0.0000000e+00  0.0000000e+00  1.0000000e+00]]
[-0144.04, +0094.38, -1082.72]
2253, 905, 1822
[[-5.5121380e-02  9.9576354e-01 -7.0796140e-02 -2.6260000e+01]
 [ 5.0290140e-02  7.3785880e-02  9.9582702e-01  1.6958000e+02]
 [ 9.9700954e-01  5.1531780e-02 -5.3966500e-02 -1.1723400e+03]
 [ 0.0000000e+00  0.0000000e+00  0.0000000e+00  1.0000000e+00]]
[-0113.99, +0163.04, -1141.17]
1795, 1219, 720
[[-5.3743300e-02  9.9577062e-01 -7.0275460e-02 -2.6110000e+01]
 [ 4.8551820e-02  7.3207900e-02  9.9586314e-01  1.6950000e+02]
 [ 9.9706594e-01  5.0413740e-02 -5.2010440e-02 -1.1723600e+03]
 [ 0.0000000e+00  0.0000000e+00  0.0000000e+00  1.0000000e+00]]
[-0132.52, +0127.35, -1093.42]
729, 1293, 1726
[[-5.2778500e-02  9.9599698e-01 -6.9345140e-02 -2.5950000e+01]
 [ 4.7220260e-02  7.2051900e-02  9.9610742e-01  1.6940000e+02]
 [ 9.9729082e-01  4.9495060e-02 -5.0659240e-02 -1.1723600e+03]
 [ 0.0000000e+00  0.0000000e+00  0.0000000e+00  1.0000000e+00]]
[-0199.51, +0040.63, -1111.25]
2188, 1113, 1297
[[-5.4009600e-02  9.9577856e-01 -7.0449120e-02 -2.6160000e+01]
 [ 4.9338240e-02  7.3400880e-02  9.9584084e-01  1.6960000e+02]
 [ 9.9704752e-01  5.0579640e-02 -5.2854480e-02 -1.1723600e+03]
 [ 0.0000000e+00  0.0000000e+00  0.0000000e+00  1.0000000e+00]]
[-0110.70, +0153.34, -1124.19]
1576, 1367, 2207
[[-5.3911680e-02  9.9587104e-01 -6.9984800e-02 -2.6060000e+01]
 [ 4.8259040e-02  7.2822380e-02  9.9598390e-01  1.6951000e+02]
 [ 9.9716000e-01  5.0534500e-02 -5.1793300e-02 -1.1723700e+03]
 [ 0.0000000e+00  0.0000000e+00  0.0000000e+00  1.0000000e+00]]
[-0144.59, +0098.85, -1083.05]
1656, 1231, 1279
[[-5.3092000e-02  9.9589184e-01 -7.0004880e-02 -2.6070000e+01]
 [ 4.8287600e-02  7.2823100e-02  9.9596310e-01  1.6947000e+02]
 [ 9.9718080e-01  4.9735620e-02 -5.1743940e-02 -1.1723600e+03]
 [ 0.0000000e+00  0.0000000e+00  0.0000000e+00  1.0000000e+00]]
[-0140.56, +0120.76, -1088.75]
1721, 1946, 2105
[[-5.3792340e-02  9.9585040e-01 -7.0977980e-02 -2.6120000e+01]
 [ 4.8639520e-02  7.3785600e-02  9.9593264e-01  1.6960000e+02]
 [ 9.9719110e-01  5.0295200e-02 -5.2252500e-02 -1.1723800e+03]
 [ 0.0000000e+00  0.0000000e+00  0.0000000e+00  1.0000000e+00]]
[-0112.91, +0057.75, -1092.65]
1256, 1355, 1659
[[-5.3526160e-02  9.9587936e-01 -7.0189360e-02 -2.6050000e+01]
 [ 4.8467840e-02  7.3015520e-02  9.9596128e-01  1.6947000e+02]
 [ 9.9717256e-01  5.0122880e-02 -5.1985680e-02 -1.1723200e+03]
 [ 0.0000000e+00  0.0000000e+00  0.0000000e+00  1.0000000e+00]]
[-0166.08, +0077.04, -1084.13]
1460, 1764, 1332
[[-5.3309060e-02  9.9585516e-01 -7.0609380e-02 -2.6070000e+01]
 [ 4.7865480e-02  7.3400240e-02  9.9595676e-01  1.6954000e+02]
 [ 9.9720714e-01  4.9934680e-02 -5.1383860e-02 -1.1723900e+03]
 [ 0.0000000e+00  0.0000000e+00  0.0000000e+00  1.0000000e+00]]
[-0135.38, +0056.77, -1087.06]
1631, 1397, 1422
[[-5.3718900e-02  9.9597768e-01 -7.0093160e-02 -2.6060000e+01]
 [ 4.8369520e-02  7.2822780e-02  9.9606984e-01  1.6952000e+02]
 [ 9.9726876e-01  5.0231440e-02 -5.1985680e-02 -1.1723700e+03]
 [ 0.0000000e+00  0.0000000e+00  0.0000000e+00  1.0000000e+00]]
[-0136.21, +0104.21, -1083.94]
2223, 1088, 772
[[-5.4711300e-02  9.9578666e-01 -7.0601580e-02 -2.6210000e+01]
 [ 5.0509620e-02  7.3593660e-02  9.9581834e-01  1.6958000e+02]
 [ 9.9700774e-01  5.1130380e-02 -5.4133800e-02 -1.1723400e+03]
 [ 0.0000000e+00  0.0000000e+00  0.0000000e+00  1.0000000e+00]]
[-0109.62, +0154.72, -1127.99]
1705, 907, 906
[[-5.3405160e-02  9.9596242e-01 -6.9735060e-02 -2.6090000e+01]
 [ 4.6988940e-02  7.2436140e-02  9.9611362e-01  1.6944000e+02]
 [ 9.9729442e-01  5.0091540e-02 -5.0515860e-02 -1.1724200e+03]
 [ 0.0000000e+00  0.0000000e+00  0.0000000e+00  1.0000000e+00]]
[-0147.35, +0148.25, -1107.76]
1027, 2168, 1486
[[-5.3718900e-02  9.9583258e-01 -7.0804360e-02 -2.6070000e+01]
 [ 4.7646140e-02  7.3592060e-02  9.9596492e-01  1.6962000e+02]
 [ 9.9720892e-01  5.0336360e-02 -5.1216400e-02 -1.1723800e+03]
 [ 0.0000000e+00  0.0000000e+00  0.0000000e+00  1.0000000e+00]]
[-0143.72, +0002.62, -1134.19]
857, 2248, 867
[[-5.2755600e-02  9.9571352e-01 -7.1924040e-02 -2.6020000e+01]
 [ 4.7548080e-02  7.4747580e-02  9.9580424e-01  1.6965000e+02]
 [ 9.9717484e-01  4.9411440e-02 -5.1024180e-02 -1.1723800e+03]
 [ 0.0000000e+00  0.0000000e+00  0.0000000e+00  1.0000000e+00]]
[-0146.45, -0002.17, -1149.61]
1505, 2088, 1887
[[-5.3333460e-02  9.9576882e-01 -7.0490460e-02 -2.6090000e+01]
 [ 4.8361260e-02  7.3400600e-02  9.9585058e-01  1.6954000e+02]
 [ 9.9708858e-01  5.0016460e-02 -5.1793300e-02 -1.1724100e+03]
 [ 0.0000000e+00  0.0000000e+00  0.0000000e+00  1.0000000e+00]]
[-0122.78, +0038.68, -1099.88]
1582, 1730, 1319
[[-5.3501800e-02  9.9588148e-01 -6.9994840e-02 -2.6060000e+01]
 [ 4.8273320e-02  7.2822780e-02  9.9597346e-01  1.6948000e+02]
 [ 9.9717044e-01  5.0135060e-02 -5.1768580e-02 -1.1723700e+03]
 [ 0.0000000e+00  0.0000000e+00  0.0000000e+00  1.0000000e+00]]
[-0129.17, +0072.27, -1084.83]
2013, 2156, 1703
[[-5.3916340e-02  9.9575578e-01 -7.1636820e-02 -2.6170000e+01]
 [ 4.9913180e-02  7.4555960e-02  9.9577662e-01  1.6967000e+02]
 [ 9.9708078e-01  5.0327220e-02 -5.3531540e-02 -1.1723900e+03]
 [ 0.0000000e+00  0.0000000e+00  0.0000000e+00  1.0000000e+00]]
[-0092.41, +0062.99, -1104.60]
953, 1025, 2224
[[-5.2754580e-02  9.9602302e-01 -6.8740820e-02 -2.5920000e+01]
 [ 4.7435380e-02  7.1474040e-02  9.9612362e-01  1.6939000e+02]
 [ 9.9726478e-01  4.9502780e-02 -5.0827380e-02 -1.1723600e+03]
 [ 0.0000000e+00  0.0000000e+00  0.0000000e+00  1.0000000e+00]]
[-0197.15, +0084.61, -1096.38]
809, 1234, 2123
[[-5.2561680e-02  9.9600916e-01 -6.9150320e-02 -2.5950000e+01]
 [ 4.7232440e-02  7.1859440e-02  9.9610936e-01  1.6939000e+02]
 [ 9.9728888e-01  4.9300240e-02 -5.0634880e-02 -1.1723900e+03]
 [ 0.0000000e+00  0.0000000e+00  0.0000000e+00  1.0000000e+00]]
[-0198.17, +0051.12, -1104.27]
1748, 1534, 2207
[[-5.3550600e-02  9.9588948e-01 -7.0178960e-02 -2.6090000e+01]
 [ 4.8867280e-02  7.3015800e-02  9.9595116e-01  1.6951000e+02]
 [ 9.9716244e-01  5.0108560e-02 -5.2395240e-02 -1.1723500e+03]
 [ 0.0000000e+00  0.0000000e+00  0.0000000e+00  1.0000000e+00]]
[-0123.47, +0099.45, -1085.37]
802, 1690, 2039
[[-5.2585640e-02  9.9599502e-01 -6.9549780e-02 -2.5940000e+01]
 [ 4.7222220e-02  7.2244760e-02  9.9609522e-01  1.6943000e+02]
 [ 9.9730302e-01  4.9290420e-02 -5.0659240e-02 -1.1723600e+03]
 [ 0.0000000e+00  0.0000000e+00  0.0000000e+00  1.0000000e+00]]
[-0177.87, +0015.27, -1120.92]
2066, 2183, 1589
[[-5.3481540e-02  9.9574340e-01 -7.1862480e-02 -2.6170000e+01]
 [ 4.9323480e-02  7.4748300e-02  9.9577436e-01  1.6970000e+02]
 [ 9.9711400e-01  4.9944600e-02 -5.2904400e-02 -1.1724300e+03]
 [ 0.0000000e+00  0.0000000e+00  0.0000000e+00  1.0000000e+00]]
[-0090.51, +0064.18, -1106.60]
1163, 1889, 1082
[[-5.2899300e-02  9.9590202e-01 -7.0004760e-02 -2.6010000e+01]
 [ 4.8494460e-02  7.2823340e-02  9.9595292e-01  1.6946000e+02]
 [ 9.9718092e-01  4.9528760e-02 -5.1936400e-02 -1.1723500e+03]
 [ 0.0000000e+00  0.0000000e+00  0.0000000e+00  1.0000000e+00]]
[-0151.38, +0026.18, -1104.00]
2198, 2053, 1112
[[-5.3698920e-02  9.9575582e-01 -7.1647220e-02 -2.6150000e+01]
 [ 4.9720780e-02  7.4555960e-02  9.9577658e-01  1.6968000e+02]
 [ 9.9709118e-01  5.0134820e-02 -5.3314120e-02 -1.1724100e+03]
 [ 0.0000000e+00  0.0000000e+00  0.0000000e+00  1.0000000e+00]]
[-0087.13, +0081.81, -1105.82]
1621, 1571, 2133
[[-5.2874980e-02  9.9587984e-01 -7.0219900e-02 -2.5990000e+01]
 [ 4.7890160e-02  7.3015520e-02  9.9596080e-01  1.6945000e+02]
 [ 9.9720310e-01  4.9545200e-02 -5.1334500e-02 -1.1723400e+03]
 [ 0.0000000e+00  0.0000000e+00  0.0000000e+00  1.0000000e+00]]
[-0136.09, +0083.44, -1083.23]
1059, 1127, 2169
[[-5.2200040e-02  9.9591868e-01 -6.9441040e-02 -2.5930000e+01]
 [ 4.7732240e-02  7.2245400e-02  9.9597892e-01  1.6937000e+02]
 [ 9.9719492e-01  4.8973040e-02 -5.1044200e-02 -1.1723200e+03]
 [ 0.0000000e+00  0.0000000e+00  0.0000000e+00  1.0000000e+00]]
[-0187.13, +0082.63, -1090.79]
860, 1034, 1142
[[-5.3140500e-02  9.9609940e-01 -6.8849700e-02 -2.6040000e+01]
 [ 4.6925400e-02  7.1473080e-02  9.9623996e-01  1.6938000e+02]
 [ 9.9737270e-01  4.9820040e-02 -5.0442420e-02 -1.1723800e+03]
 [ 0.0000000e+00  0.0000000e+00  0.0000000e+00  1.0000000e+00]]
[-0203.13, +0075.24, -1100.96]
2191, 2072, 1535
[[-5.4543760e-02  9.9573268e-01 -7.1820960e-02 -2.6270000e+01]
 [ 4.9885960e-02  7.4748140e-02  9.9578508e-01  1.6969000e+02]
 [ 9.9707232e-01  5.0921160e-02 -5.3581860e-02 -1.1724500e+03]
 [ 0.0000000e+00  0.0000000e+00  0.0000000e+00  1.0000000e+00]]
[-0087.50, +0079.69, -1105.88]
2223, 992, 1046
[[-5.5071700e-02  9.9586388e-01 -7.0516140e-02 -2.6290000e+01]
 [ 4.9805080e-02  7.3400600e-02  9.9594804e-01  1.6956000e+02]
 [ 9.9711426e-01  5.1460440e-02 -5.3531540e-02 -1.1723800e+03]
 [ 0.0000000e+00  0.0000000e+00  0.0000000e+00  1.0000000e+00]]
[-0112.50, +0159.35, -1133.94]
2218, 1340, 1693
[[-5.4636900e-02  9.9575552e-01 -7.0633440e-02 -2.6270000e+01]
 [ 4.9311360e-02  7.3592940e-02  9.9584948e-01  1.6957000e+02]
 [ 9.9703888e-01  5.1173640e-02 -5.2904400e-02 -1.1723800e+03]
 [ 0.0000000e+00  0.0000000e+00  0.0000000e+00  1.0000000e+00]]
[-0102.69, +0139.14, -1114.45]
1281, 904, 2285
[[-5.2971400e-02  9.9598694e-01 -6.9345380e-02 -2.6000000e+01]
 [ 4.7013460e-02  7.2051420e-02  9.9611746e-01  1.6942000e+02]
 [ 9.9729058e-01  4.9701860e-02 -5.0466820e-02 -1.1723000e+03]
 [ 0.0000000e+00  0.0000000e+00  0.0000000e+00  1.0000000e+00]]
[-0176.94, +0124.03, -1095.89]
1829, 1523, 1258
[[-5.3333460e-02  9.9587738e-01 -7.0394120e-02 -2.6060000e+01]
 [ 4.8469820e-02  7.3208220e-02  9.9594892e-01  1.6952000e+02]
 [ 9.9718492e-01  4.9918120e-02 -5.1985680e-02 -1.1723500e+03]
 [ 0.0000000e+00  0.0000000e+00  0.0000000e+00  1.0000000e+00]]
[-0119.91, +0103.25, -1087.03]
1472, 2101, 902
[[-5.338250e-02  9.958731e-01 -7.078320e-02 -2.601000e+01]
 [ 4.885890e-02  7.359350e-02  9.959244e-01  1.695500e+02]
 [ 9.971892e-01  4.989360e-02 -5.242000e-02 -1.172320e+03]
 [ 0.000000e+00  0.000000e+00  0.000000e+00  1.000000e+00]]
[-0123.61, +0027.34, -1105.29]
1163, 1821, 1690
[[-5.2899300e-02  9.9590202e-01 -7.0004760e-02 -2.5970000e+01]
 [ 4.8494460e-02  7.2823340e-02  9.9595292e-01  1.6947000e+02]
 [ 9.9718092e-01  4.9528760e-02 -5.1936400e-02 -1.1723200e+03]
 [ 0.0000000e+00  0.0000000e+00  0.0000000e+00  1.0000000e+00]]
[-0153.67, +0030.12, -1100.55]
829, 1098, 1882
[[-5.2754580e-02  9.9601108e-01 -6.8945680e-02 -2.5940000e+01]
 [ 4.7230520e-02  7.1666540e-02  9.9612152e-01  1.6941000e+02]
 [ 9.9727672e-01  4.9504880e-02 -5.0634880e-02 -1.1723900e+03]
 [ 0.0000000e+00  0.0000000e+00  0.0000000e+00  1.0000000e+00]]
[-0202.94, +0065.63, -1102.59]
893, 2161, 2297
[[-5.3767780e-02  9.9584032e-01 -7.0988420e-02 -2.6070000e+01]
 [ 4.8240080e-02  7.3785240e-02  9.9594272e-01  1.6960000e+02]
 [ 9.9720118e-01  5.0309680e-02 -5.1842980e-02 -1.1724100e+03]
 [ 0.0000000e+00  0.0000000e+00  0.0000000e+00  1.0000000e+00]]
[-0149.76, -0000.83, -1144.65]
1240, 1034, 1825
[[-5.2995360e-02  9.9598476e-01 -6.9539960e-02 -2.6020000e+01]
 [ 4.7208040e-02  7.2244320e-02  9.9610548e-01  1.6941000e+02]
 [ 9.9729276e-01  4.9689880e-02 -5.0683680e-02 -1.1723900e+03]
 [ 0.0000000e+00  0.0000000e+00  0.0000000e+00  1.0000000e+00]]
[-0176.84, +0107.67, -1089.67]
2009, 1956, 1432
[[-5.3357940e-02  9.9574214e-01 -7.1094780e-02 -2.6160000e+01]
 [ 4.8145980e-02  7.3977900e-02  9.9583394e-01  1.6961000e+02]
 [ 9.9711526e-01  5.0008620e-02 -5.1625800e-02 -1.1724400e+03]
 [ 0.0000000e+00  0.0000000e+00  0.0000000e+00  1.0000000e+00]]
[-0094.86, +0079.32, -1097.81]
1956, 1587, 878
[[-5.2874980e-02  9.9590412e-01 -6.9810180e-02 -2.6010000e+01]
 [ 4.8299880e-02  7.2630640e-02  9.9596508e-01  1.6954000e+02]
 [ 9.9717882e-01  4.9540920e-02 -5.1719380e-02 -1.1723500e+03]
 [ 0.0000000e+00  0.0000000e+00  0.0000000e+00  1.0000000e+00]]
[-0109.98, +0110.86, -1092.80]
808, 1249, 1720
[[-5.1959220e-02  9.9604130e-01 -6.8955220e-02 -2.5870000e+01]
 [ 4.7658100e-02  7.1667500e-02  9.9609130e-01  1.6936000e+02]
 [ 9.9728722e-01  4.8691900e-02 -5.0995720e-02 -1.1722900e+03]
 [ 0.0000000e+00  0.0000000e+00  0.0000000e+00  1.0000000e+00]]
[-0197.52, +0049.90, -1104.38]
967, 1886, 1326
[[-5.3960480e-02  9.9587904e-01 -7.0168800e-02 -2.6040000e+01]
 [ 4.8852960e-02  7.3015520e-02  9.9596160e-01  1.6949000e+02]
 [ 9.9715200e-01  5.0508000e-02 -5.2420000e-02 -1.1723700e+03]
 [ 0.0000000e+00  0.0000000e+00  0.0000000e+00  1.0000000e+00]]
[-0159.64, +0012.59, -1117.89]
910, 1721, 1262
[[-5.3212260e-02  9.9598452e-01 -6.9529880e-02 -2.5950000e+01]
 [ 4.7400680e-02  7.2244320e-02  9.9610572e-01  1.6942000e+02]
 [ 9.9728268e-01  4.9882520e-02 -5.0900580e-02 -1.1723600e+03]
 [ 0.0000000e+00  0.0000000e+00  0.0000000e+00  1.0000000e+00]]
[-0171.90, +0021.34, -1112.31]
1185, 1481, 1666
[[-5.2874980e-02  9.9601262e-01 -6.9713820e-02 -2.6010000e+01]
 [ 4.8408380e-02  7.2438140e-02  9.9606342e-01  1.6945000e+02]
 [ 9.9727518e-01  4.9442580e-02 -5.1911880e-02 -1.1723400e+03]
 [ 0.0000000e+00  0.0000000e+00  0.0000000e+00  1.0000000e+00]]
[-0165.89, +0059.65, -1087.30]
837, 1160, 1800
[[-5.2152040e-02  9.9592292e-01 -6.9051760e-02 -2.5930000e+01]
 [ 4.7342960e-02  7.1859800e-02  9.9600292e-01  1.6936000e+02]
 [ 9.9719068e-01  4.8997040e-02 -5.0610600e-02 -1.1723400e+03]
 [ 0.0000000e+00  0.0000000e+00  0.0000000e+00  1.0000000e+00]]
[-0199.92, +0060.15, -1101.95]
2248, 1406, 807
[[-5.381698e-02  9.958729e-01 -7.076260e-02 -2.616000e+01]
 [ 4.924390e-02  7.359350e-02  9.959246e-01  1.695700e+02]
 [ 9.971686e-01  5.027860e-02 -5.285448e-02 -1.172380e+03]
 [ 0.000000e+00  0.000000e+00  0.000000e+00  1.000000e+00]]
[-0099.93, +0135.46, -1113.11]
1752, 2239, 882
[[-5.3599720e-02  9.9594466e-01 -7.1291380e-02 -2.6090000e+01]
 [ 4.8545260e-02  7.3978220e-02  9.9601634e-01  1.6963000e+02]
 [ 9.9731218e-01  4.9994260e-02 -5.2252500e-02 -1.1723900e+03]
 [ 0.0000000e+00  0.0000000e+00  0.0000000e+00  1.0000000e+00]]
[-0107.46, +0035.79, -1108.36]
1168, 1108, 1167
[[-5.3212260e-02  9.9598452e-01 -6.9529880e-02 -2.6000000e+01]
 [ 4.7400680e-02  7.2244320e-02  9.9610572e-01  1.6939000e+02]
 [ 9.9728268e-01  4.9882520e-02 -5.0900580e-02 -1.1723500e+03]
 [ 0.0000000e+00  0.0000000e+00  0.0000000e+00  1.0000000e+00]]
[-0180.45, +0093.57, -1088.45]
1605, 1194, 1456
[[-5.2874980e-02  9.9590412e-01 -6.9810180e-02 -2.6040000e+01]
 [ 4.8299880e-02  7.2630640e-02  9.9596508e-01  1.6945000e+02]
 [ 9.9717882e-01  4.9540920e-02 -5.1719380e-02 -1.1723700e+03]
 [ 0.0000000e+00  0.0000000e+00  0.0000000e+00  1.0000000e+00]]
[-0144.15, +0120.59, -1088.27]
1895, 925, 955
[[-5.3526160e-02  9.9579520e-01 -6.9875880e-02 -2.6120000e+01]
 [ 4.8769120e-02  7.2823100e-02  9.9586716e-01  1.6942000e+02]
 [ 9.9705180e-01  5.0217000e-02 -5.2178100e-02 -1.1723700e+03]
 [ 0.0000000e+00  0.0000000e+00  0.0000000e+00  1.0000000e+00]]
[-0131.52, +0158.98, -1119.57]
1653, 1455, 1920
[[-5.3092000e-02  9.9589184e-01 -7.0004880e-02 -2.6000000e+01]
 [ 4.8287600e-02  7.2823100e-02  9.9596310e-01  1.6946000e+02]
 [ 9.9718080e-01  4.9735620e-02 -5.1743940e-02 -1.1723200e+03]
 [ 0.0000000e+00  0.0000000e+00  0.0000000e+00  1.0000000e+00]]
[-0135.95, +0096.21, -1083.44]
1482, 1427, 1196
[[-5.2658000e-02  9.9590424e-01 -6.9820320e-02 -2.5990000e+01]
 [ 4.8107280e-02  7.2630640e-02  9.9596496e-01  1.6945000e+02]
 [ 9.9718896e-01  4.9348320e-02 -5.1502400e-02 -1.1723100e+03]
 [ 0.0000000e+00  0.0000000e+00  0.0000000e+00  1.0000000e+00]]
[-0148.45, +0086.22, -1081.98]
1645, 2177, 1216
[[-5.3816980e-02  9.9584822e-01 -7.1172480e-02 -2.6080000e+01]
 [ 4.8834020e-02  7.3978220e-02  9.9592032e-01  1.6961000e+02]
 [ 9.9719328e-01  5.0282880e-02 -5.2469760e-02 -1.1723500e+03]
 [ 0.0000000e+00  0.0000000e+00  0.0000000e+00  1.0000000e+00]]
[-0110.68, +0035.58, -1105.38]
1236, 1553, 1723
[[-5.4080260e-02  9.9586292e-01 -6.9790580e-02 -2.5980000e+01]
 [ 4.7857720e-02  7.2629040e-02  9.9600628e-01  1.6945000e+02]
 [ 9.9715762e-01  5.0753480e-02 -5.1383860e-02 -1.1723300e+03]
 [ 0.0000000e+00  0.0000000e+00  0.0000000e+00  1.0000000e+00]]
[-0159.92, +0057.76, -1086.80]
1254, 1080, 1558
[[-5.2392820e-02  9.9600504e-01 -6.9549600e-02 -2.5970000e+01]
 [ 4.7429040e-02  7.2245120e-02  9.9608520e-01  1.6941000e+02]
 [ 9.9730320e-01  4.9083600e-02 -5.0851700e-02 -1.1723200e+03]
 [ 0.0000000e+00  0.0000000e+00  0.0000000e+00  1.0000000e+00]]
[-0174.21, +0104.43, -1087.92]
1151, 2072, 838
[[-5.3116360e-02  9.9586532e-01 -7.0609200e-02 -2.6000000e+01]
 [ 4.8072400e-02  7.3400600e-02  9.9594660e-01  1.6953000e+02]
 [ 9.9720732e-01  4.9727760e-02 -5.1576200e-02 -1.1723300e+03]
 [ 0.0000000e+00  0.0000000e+00  0.0000000e+00  1.0000000e+00]]
[-0142.54, +0010.55, -1119.02]
892, 1261, 1826
[[-5.3598100e-02  9.9598828e-01 -6.9120560e-02 -2.5890000e+01]
 [ 4.7396920e-02  7.1858480e-02  9.9613024e-01  1.6937000e+02]
 [ 9.9725816e-01  5.0291840e-02 -5.0900580e-02 -1.1723200e+03]
 [ 0.0000000e+00  0.0000000e+00  0.0000000e+00  1.0000000e+00]]
[-0192.70, +0055.55, -1098.81]
1365, 1097, 894
[[-5.3429200e-02  9.9609276e-01 -6.9423320e-02 -2.5960000e+01]
 [ 4.7701800e-02  7.2051900e-02  9.9620430e-01  1.6941000e+02]
 [ 9.9736900e-01  4.9976820e-02 -5.1309940e-02 -1.1723400e+03]
 [ 0.0000000e+00  0.0000000e+00  0.0000000e+00  1.0000000e+00]]
[-0164.87, +0112.42, -1087.50]
959, 2189, 1193
[[-5.2321440e-02  9.9587136e-01 -7.1028640e-02 -2.5960000e+01]
 [ 4.8091040e-02  7.3786080e-02  9.9591168e-01  1.6957000e+02]
 [ 9.9724224e-01  4.8918880e-02 -5.1551520e-02 -1.1723100e+03]
 [ 0.0000000e+00  0.0000000e+00  0.0000000e+00  1.0000000e+00]]
[-0145.56, +0000.25, -1140.39]
1483, 1790, 1014
[[-5.2706640e-02  9.9600852e-01 -7.0113200e-02 -2.6000000e+01]
 [ 4.8605000e-02  7.2823500e-02  9.9603900e-01  1.6950000e+02]
 [ 9.9728952e-01  4.9225640e-02 -5.2128900e-02 -1.1723200e+03]
 [ 0.0000000e+00  0.0000000e+00  0.0000000e+00  1.0000000e+00]]
[-0133.79, +0059.62, -1086.88]
1930, 1612, 1377
[[-5.2899300e-02  9.9598618e-01 -7.0318140e-02 -2.6040000e+01]
 [ 4.8193260e-02  7.3015800e-02  9.9604702e-01  1.6951000e+02]
 [ 9.9730162e-01  4.9434660e-02 -5.1743940e-02 -1.1723500e+03]
 [ 0.0000000e+00  0.0000000e+00  0.0000000e+00  1.0000000e+00]]
[-0109.82, +0107.98, -1091.84]
2144, 1361, 1901
[[-5.2755600e-02  9.9579948e-01 -7.0490160e-02 -2.6080000e+01]
 [ 4.8981960e-02  7.3401200e-02  9.9581992e-01  1.6952000e+02]
 [ 9.9708888e-01  4.9395760e-02 -5.2370560e-02 -1.1723500e+03]
 [ 0.0000000e+00  0.0000000e+00  0.0000000e+00  1.0000000e+00]]
[-0105.14, +0137.41, -1109.30]
1330, 1026, 2225
[[-5.3212260e-02  9.9599654e-01 -6.9324980e-02 -2.5970000e+01]
 [ 4.7605580e-02  7.2051900e-02  9.9610786e-01  1.6940000e+02]
 [ 9.9727066e-01  4.9880380e-02 -5.1093000e-02 -1.1723200e+03]
 [ 0.0000000e+00  0.0000000e+00  0.0000000e+00  1.0000000e+00]]
[-0170.81, +0114.64, -1089.84]
1163, 1534, 1243
[[-5.3043520e-02  9.9588400e-01 -6.9820640e-02 -2.5980000e+01]
 [ 4.7693600e-02  7.2630000e-02  9.9598520e-01  1.6945000e+02]
 [ 9.9718864e-01  4.9762000e-02 -5.1117520e-02 -1.1723400e+03]
 [ 0.0000000e+00  0.0000000e+00  0.0000000e+00  1.0000000e+00]]
[-0164.57, +0051.16, -1089.62]
