945, 1029, 1206
[[-3.2174586e-01  1.7270684e-01 -9.3067842e-01  7.9830000e+01]
 [ 1.8176280e-02  9.8416380e-01  1.7631044e-01  3.5960000e+01]
 [ 9.4639294e-01  3.9850920e-02 -3.1978650e-01 -1.1117300e+03]
 [ 0.0000000e+00  0.0000000e+00  0.0000000e+00  1.0000000e+00]]
[+0103.89, -0108.79, -0987.06]
1025, 1027, 1111
[[-3.2206996e-01  1.7255656e-01 -9.3080760e-01  7.9800000e+01]
 [ 1.8026000e-02  9.8418734e-01  1.7620794e-01  3.5930000e+01]
 [ 9.4649544e-01  3.9980100e-02 -3.2008706e-01 -1.1117100e+03]
 [ 0.0000000e+00  0.0000000e+00  0.0000000e+00  1.0000000e+00]]
[+0101.38, -0089.52, -0984.30]
1844, 1838, 1229
[[-3.2490880e-01  1.7037088e-01 -9.3008464e-01  7.9570000e+01]
 [ 1.6854080e-02  9.8452350e-01  1.7442856e-01  3.5830000e+01]
 [ 9.4540976e-01  4.1026160e-02 -3.2274946e-01 -1.1117500e+03]
 [ 0.0000000e+00  0.0000000e+00  0.0000000e+00  1.0000000e+00]]
[+0137.89, -0026.75, -1015.71]
1652, 2165, 998
[[-3.2358466e-01  1.7043758e-01 -9.3043132e-01  7.9570000e+01]
 [ 1.7019380e-02  9.8452694e-01  1.7438668e-01  3.5920000e+01]
 [ 9.4575988e-01  4.0637480e-02 -3.2147496e-01 -1.1117700e+03]
 [ 0.0000000e+00  0.0000000e+00  0.0000000e+00  1.0000000e+00]]
[+0183.75, -0030.79, -1030.05]
2233, 2063, 2026
[[-3.2645220e-01  1.6869052e-01 -9.2966664e-01  7.9420000e+01]
 [ 1.6052400e-02  9.8478636e-01  1.7300348e-01  3.5630000e+01]
 [ 9.4471100e-01  4.1610000e-02 -3.2418900e-01 -1.1116900e+03]
 [ 0.0000000e+00  0.0000000e+00  0.0000000e+00  1.0000000e+00]]
[+0106.35, -0070.29, -1025.68]
1317, 2039, 1329
[[-3.2234082e-01  1.7247212e-01 -9.3060950e-01  7.9770000e+01]
 [ 1.8458120e-02  9.8421708e-01  1.7598940e-01  3.6000000e+01]
 [ 9.4627690e-01  3.9577000e-02 -3.2043474e-01 -1.1117200e+03]
 [ 0.0000000e+00  0.0000000e+00  0.0000000e+00  1.0000000e+00]]
[+0175.46, -0076.62, -1005.79]
2052, 974, 784
[[-3.2450058e-01  1.7286146e-01 -9.2979064e-01  7.9810000e+01]
 [ 1.7236940e-02  9.8407350e-01  1.7691392e-01  3.5920000e+01]
 [ 9.4556576e-01  4.1407280e-02 -3.2230992e-01 -1.1116800e+03]
 [ 0.0000000e+00  0.0000000e+00  0.0000000e+00  1.0000000e+00]]
[+0087.92, +0005.75, -1072.39]
2104, 1681, 1620
[[-3.2496200e-01  1.7043984e-01 -9.3007488e-01  7.9570000e+01]
 [ 1.6460640e-02  9.8449336e-01  1.7463744e-01  3.5660000e+01]
 [ 9.4541952e-01  4.1466240e-02 -3.2272640e-01 -1.1116700e+03]
 [ 0.0000000e+00  0.0000000e+00  0.0000000e+00  1.0000000e+00]]
[+0095.77, -0044.64, -1025.84]
954, 2036, 1066
[[-3.2171920e-01  1.7291508e-01 -9.3066356e-01  7.9820000e+01]
 [ 1.8616200e-02  9.8414326e-01  1.7638008e-01  3.5980000e+01]
 [ 9.4640780e-01  3.9457200e-02 -3.1983370e-01 -1.1117200e+03]
 [ 0.0000000e+00  0.0000000e+00  0.0000000e+00  1.0000000e+00]]
[+0208.67, -0081.51, -1019.94]
793, 1451, 1802
[[-3.2204330e-01  1.7258946e-01 -9.3064398e-01  7.9830000e+01]
 [ 1.8317220e-02  9.8419046e-01  1.7614994e-01  3.5890000e+01]
 [ 9.4633494e-01  3.9713980e-02 -3.2011060e-01 -1.1116600e+03]
 [ 0.0000000e+00  0.0000000e+00  0.0000000e+00  1.0000000e+00]]
[+0143.89, -0163.60, -1033.95]
