945, 1029, 1206
[[-1.8098962e-01 -9.8070758e-01  6.9709240e-02  1.9880000e+01]
 [-2.6250200e-03 -7.0148500e-02 -9.9726236e-01 -2.1998000e+02]
 [ 9.8317844e-01 -1.8097444e-01  1.0440120e-02 -1.1320100e+03]
 [ 0.0000000e+00  0.0000000e+00  0.0000000e+00  1.0000000e+00]]
[+0124.11, -0123.42, -1001.66]
1025, 1027, 1111
[[-1.8122920e-01 -9.8079548e-01  6.9766560e-02  1.9930000e+01]
 [-2.1398800e-03 -7.0410400e-02 -9.9736644e-01 -2.2000000e+02]
 [ 9.8327136e-01 -1.8106524e-01  1.0837360e-02 -1.1320100e+03]
 [ 0.0000000e+00  0.0000000e+00  0.0000000e+00  1.0000000e+00]]
[+0105.88, -0129.81, -1001.27]
1844, 1838, 1229
[[-1.7944740e-01 -9.8097692e-01  7.1944240e-02  2.0070000e+01]
 [-5.3362400e-03 -7.2030600e-02 -9.9724828e-01 -2.2020000e+02]
 [ 9.8359708e-01 -1.7949064e-01  7.8548400e-03 -1.1319200e+03]
 [ 0.0000000e+00  0.0000000e+00  0.0000000e+00  1.0000000e+00]]
[+0047.22, -0121.02, -1053.21]
1652, 2165, 998
[[-1.8060010e-01 -9.8067118e-01  7.1772840e-02  1.9990000e+01]
 [-3.5886200e-03 -7.2098980e-02 -9.9715596e-01 -2.2020000e+02]
 [ 9.8328756e-01 -1.8060156e-01  9.7778800e-03 -1.1319600e+03]
 [ 0.0000000e+00  0.0000000e+00  0.0000000e+00  1.0000000e+00]]
[+0046.26, -0082.26, -1082.18]
2233, 2063, 2026
[[-1.7790634e-01 -9.8116346e-01  7.3412540e-02  2.0230000e+01]
 [-7.2891400e-03 -7.3169220e-02 -9.9716582e-01 -2.2026000e+02]
 [ 9.8387906e-01 -1.7807602e-01  6.0138800e-03 -1.1318100e+03]
 [ 0.0000000e+00  0.0000000e+00  0.0000000e+00  1.0000000e+00]]
[+0096.51, -0141.72, -1043.99]
1317, 2039, 1329
[[-1.8161920e-01 -9.8067392e-01  6.9111040e-02  1.9860000e+01]
 [-2.5913600e-03 -6.9586240e-02 -9.9733808e-01 -2.1993000e+02]
 [ 9.8310272e-01 -1.8157264e-01  1.0372800e-02 -1.1320200e+03]
 [ 0.0000000e+00  0.0000000e+00  0.0000000e+00  1.0000000e+00]]
[+0085.23, -0069.74, -1050.93]
2052, 974, 784
[[-1.8039682e-01 -9.8102042e-01  6.8161880e-02  1.9930000e+01]
 [-5.0277800e-03 -6.8205940e-02 -9.9747268e-01 -2.1982000e+02]
 [ 9.8337268e-01 -1.8048812e-01  7.5898800e-03 -1.1319600e+03]
 [ 0.0000000e+00  0.0000000e+00  0.0000000e+00  1.0000000e+00]]
[+0038.00, -0192.64, -1093.28]
2104, 1681, 1620
[[-1.7894068e-01 -9.8095794e-01  7.0493100e-02  2.0140000e+01]
 [-5.6879400e-03 -7.0308520e-02 -9.9717570e-01 -2.2004000e+02]
 [ 9.8347110e-01 -1.7920170e-01  7.3918000e-03 -1.1318500e+03]
 [ 0.0000000e+00  0.0000000e+00  0.0000000e+00  1.0000000e+00]]
[+0074.01, -0158.46, -1044.62]
954, 2036, 1066
[[-1.8137994e-01 -9.8071302e-01  6.8514360e-02  1.9880000e+01]
 [-2.5296600e-03 -6.8949700e-02 -9.9734068e-01 -2.1992000e+02]
 [ 9.8310012e-01 -1.8137476e-01  1.0350200e-02 -1.1320000e+03]
 [ 0.0000000e+00  0.0000000e+00  0.0000000e+00  1.0000000e+00]]
[+0088.52, -0043.86, -1073.57]
793, 1451, 1802
[[-1.8119944e-01 -9.8083092e-01  6.8753200e-02  1.9990000e+01]
 [-1.8498000e-03 -6.9398900e-02 -9.9740100e-01 -2.1987000e+02]
 [ 9.8323592e-01 -1.8106044e-01  1.0979900e-02 -1.1319700e+03]
 [ 0.0000000e+00  0.0000000e+00  0.0000000e+00  1.0000000e+00]]
[+0180.64, -0088.06, -1049.15]
