945, 1029, 1206
[[-1.7365832e-01  4.3793592e-01 -8.8179672e-01  5.4030000e+01]
 [-1.3216080e-02  8.9453048e-01  4.4676232e-01  1.7259000e+02]
 [ 9.8446872e-01  8.9349680e-02 -1.4952784e-01 -1.1647600e+03]
 [ 0.0000000e+00  0.0000000e+00  0.0000000e+00  1.0000000e+00]]
[+0054.24, +0013.03, -1056.59]
1025, 1027, 1111
[[-1.7402820e-01  4.3760692e-01 -8.8185264e-01  5.3990000e+01]
 [-1.3723680e-02  8.9462940e-01  4.4654284e-01  1.7258000e+02]
 [ 9.8436556e-01  8.9939040e-02 -1.4965476e-01 -1.1647700e+03]
 [ 0.0000000e+00  0.0000000e+00  0.0000000e+00  1.0000000e+00]]
[+0057.38, +0031.29, -1052.12]
1844, 1838, 1229
[[-1.7642290e-01  4.3591732e-01 -8.8233786e-01  5.3760000e+01]
 [-1.3907720e-02  8.9537132e-01  4.4507004e-01  1.7254000e+02]
 [ 9.8404806e-01  9.0867240e-02 -1.5188322e-01 -1.1647700e+03]
 [ 0.0000000e+00  0.0000000e+00  0.0000000e+00  1.0000000e+00]]
[+0105.00, +0086.02, -1083.73]
1652, 2165, 998
[[-1.7589840e-01  4.3590872e-01 -8.8239336e-01  5.3780000e+01]
 [-1.4310480e-02  8.9535600e-01  4.4507864e-01  1.7260000e+02]
 [ 9.8408824e-01  9.1013040e-02 -1.5123024e-01 -1.1647900e+03]
 [ 0.0000000e+00  0.0000000e+00  0.0000000e+00  1.0000000e+00]]
[+0145.75, +0072.07, -1105.53]
2233, 2063, 2026
[[-1.7843970e-01  4.3428214e-01 -8.8270592e-01  5.3570000e+01]
 [-1.4861540e-02  8.9600718e-01  4.4375216e-01  1.7240000e+02]
 [ 9.8364112e-01  9.2389760e-02 -1.5340788e-01 -1.1647500e+03]
 [ 0.0000000e+00  0.0000000e+00  0.0000000e+00  1.0000000e+00]]
[+0061.43, +0054.38, -1092.21]
1317, 2039, 1329
[[-1.7388420e-01  4.3653464e-01 -8.8242332e-01  5.3890000e+01]
 [-1.4438680e-02  8.9511420e-01  4.4554984e-01  1.7259000e+02]
 [ 9.8439064e-01  9.0336280e-02 -1.4931396e-01 -1.1648200e+03]
 [ 0.0000000e+00  0.0000000e+00  0.0000000e+00  1.0000000e+00]]
[+0129.63, +0027.26, -1084.99]
2052, 974, 784
[[-1.7655668e-01  4.3731336e-01 -8.8156440e-01  5.3910000e+01]
 [-1.3869360e-02  8.9465582e-01  4.4649770e-01  1.7255000e+02]
 [ 9.8397480e-01  9.1156900e-02 -1.5186850e-01 -1.1647500e+03]
 [ 0.0000000e+00  0.0000000e+00  0.0000000e+00  1.0000000e+00]]
[+0059.13, +0136.88, -1129.58]
2104, 1681, 1620
[[-1.7753362e-01  4.3533862e-01 -8.8224772e-01  5.3680000e+01]
 [-1.4949380e-02  8.9549438e-01  4.4476172e-01  1.7246000e+02]
 [ 9.8369572e-01  9.2286280e-02 -1.5243924e-01 -1.1647500e+03]
 [ 0.0000000e+00  0.0000000e+00  0.0000000e+00  1.0000000e+00]]
[+0059.77, +0082.90, -1088.92]
954, 2036, 1066
[[-1.7329882e-01  4.3708328e-01 -8.8230896e-01  5.3950000e+01]
 [-1.2959120e-02  8.9500398e-01  4.4582404e-01  1.7266000e+02]
 [ 9.8455216e-01  8.8798760e-02 -1.4941384e-01 -1.1648200e+03]
 [ 0.0000000e+00  0.0000000e+00  0.0000000e+00  1.0000000e+00]]
[+0157.64, +0015.46, -1104.50]
793, 1451, 1802
[[-1.7381226e-01  4.3670718e-01 -8.8237974e-01  5.3910000e+01]
 [-1.4015460e-02  8.9507270e-01  4.4565158e-01  1.7253000e+02]
 [ 9.8443422e-01  8.9936660e-02 -1.4942740e-01 -1.1647900e+03]
 [ 0.0000000e+00  0.0000000e+00  0.0000000e+00  1.0000000e+00]]
[+0071.00, -0044.39, -1113.35]
