945, 1029, 1206
[[-2.2561298e-01  6.0081234e-01 -7.6654776e-01  9.2160000e+01]
 [-3.5921400e-03  7.8658030e-01  6.1740312e-01  1.4124000e+02]
 [ 9.7393944e-01  1.4221128e-01 -1.7524772e-01 -1.1811100e+03]
 [ 0.0000000e+00  0.0000000e+00  0.0000000e+00  1.0000000e+00]]
[+0054.89, -0017.13, -1078.29]
1025, 1027, 1111
[[-2.2629520e-01  6.0078876e-01 -7.6628708e-01  9.2120000e+01]
 [-2.7344400e-03  7.8662406e-01  6.1733496e-01  1.4120000e+02]
 [ 9.7372252e-01  1.4199576e-01 -1.7629690e-01 -1.1810500e+03]
 [ 0.0000000e+00  0.0000000e+00  0.0000000e+00  1.0000000e+00]]
[+0060.99, +0000.35, -1073.14]
1844, 1838, 1229
[[-2.2795738e-01  5.9896658e-01 -7.6734006e-01  9.1890000e+01]
 [-3.3083800e-03  7.8784070e-01  6.1580514e-01  1.4122000e+02]
 [ 9.7342734e-01  1.4305926e-01 -1.7756292e-01 -1.1811100e+03]
 [ 0.0000000e+00  0.0000000e+00  0.0000000e+00  1.0000000e+00]]
[+0120.61, +0044.15, -1100.49]
1652, 2165, 998
[[-2.2656802e-01  5.9941870e-01 -7.6748564e-01  9.1950000e+01]
 [-2.8981000e-03  7.8772350e-01  6.1597580e-01  1.4128000e+02]
 [ 9.7382164e-01  1.4188660e-01 -1.7670052e-01 -1.1811400e+03]
 [ 0.0000000e+00  0.0000000e+00  0.0000000e+00  1.0000000e+00]]
[+0159.04, +0022.54, -1120.78]
2233, 2063, 2026
[[-2.2932570e-01  5.9764378e-01 -7.6792026e-01  9.1690000e+01]
 [-3.2815800e-03  7.8873222e-01  6.1465406e-01  1.4112000e+02]
 [ 9.7307186e-01  1.4363946e-01 -1.7885892e-01 -1.1811300e+03]
 [ 0.0000000e+00  0.0000000e+00  0.0000000e+00  1.0000000e+00]]
[+0072.25, +0021.69, -1111.81]
1317, 2039, 1329
[[-2.2628340e-01  6.0062436e-01 -7.6647468e-01  9.2170000e+01]
 [-2.1932400e-03  7.8685094e-01  6.1705994e-01  1.4117000e+02]
 [ 9.7377012e-01  1.4148554e-01 -1.7667370e-01 -1.1810800e+03]
 [ 0.0000000e+00  0.0000000e+00  0.0000000e+00  1.0000000e+00]]
[+0132.88, -0017.76, -1101.94]
2052, 974, 784
[[-2.2718314e-01  6.0129682e-01 -7.6584252e-01  9.2210000e+01]
 [-1.8158200e-03  7.8630038e-01  6.1779732e-01  1.4114000e+02]
 [ 9.7368852e-01  1.4184132e-01 -1.7750852e-01 -1.1810500e+03]
 [ 0.0000000e+00  0.0000000e+00  0.0000000e+00  1.0000000e+00]]
[+0088.45, +0104.61, -1147.29]
2104, 1681, 1620
[[-2.2835610e-01  5.9916994e-01 -7.6706988e-01  9.1950000e+01]
 [-3.1350600e-03  7.8765774e-01  6.1604156e-01  1.4110000e+02]
 [ 9.7334012e-01  1.4322156e-01 -1.7793960e-01 -1.1810700e+03]
 [ 0.0000000e+00  0.0000000e+00  0.0000000e+00  1.0000000e+00]]
[+0075.06, +0049.65, -1107.99]
954, 2036, 1066
[[-2.2520242e-01  6.0128030e-01 -7.6654950e-01  9.2260000e+01]
 [-2.2853000e-03  7.8650558e-01  6.1755810e-01  1.4123000e+02]
 [ 9.7423350e-01  1.4087310e-01 -1.7573300e-01 -1.1810700e+03]
 [ 0.0000000e+00  0.0000000e+00  0.0000000e+00  1.0000000e+00]]
[+0159.36, -0034.44, -1120.76]
793, 1451, 1802
[[-2.2441778e-01  6.0074250e-01 -7.6700376e-01  9.2230000e+01]
 [-3.4689000e-03  7.8680750e-01  6.1712520e-01  1.4113000e+02]
 [ 9.7425576e-01  1.4129400e-01 -1.7444128e-01 -1.1810800e+03]
 [ 0.0000000e+00  0.0000000e+00  0.0000000e+00  1.0000000e+00]]
[+0062.70, -0075.75, -1135.70]
