945, 1029, 1206
[[-1.7347210e-01  4.4302886e-01 -8.7929792e-01  5.3440000e+01]
 [-1.2343780e-02  8.9202134e-01  4.5177704e-01  1.7184000e+02]
 [ 9.8452376e-01  8.9332480e-02 -1.4924580e-01 -1.1651400e+03]
 [ 0.0000000e+00  0.0000000e+00  0.0000000e+00  1.0000000e+00]]
[+0052.51, +0012.13, -1057.16]
1025, 1027, 1111
[[-1.7376976e-01  4.4302144e-01 -8.7927432e-01  5.3400000e+01]
 [-1.2278480e-02  8.9202134e-01  4.5178446e-01  1.7185000e+02]
 [ 9.8450016e-01  8.9397780e-02 -1.4954346e-01 -1.1651500e+03]
 [ 0.0000000e+00  0.0000000e+00  0.0000000e+00  1.0000000e+00]]
[+0055.94, +0031.07, -1052.49]
1844, 1838, 1229
[[-1.7607978e-01  4.4082370e-01 -8.7991978e-01  5.3160000e+01]
 [-1.3789700e-02  8.9290044e-01  4.5000130e-01  1.7175000e+02]
 [ 9.8407022e-01  9.1464700e-02 -1.5111978e-01 -1.1651700e+03]
 [ 0.0000000e+00  0.0000000e+00  0.0000000e+00  1.0000000e+00]]
[+0104.01, +0085.05, -1084.19]
1652, 2165, 998
[[-1.7503354e-01  4.4084332e-01 -8.8017942e-01  5.3180000e+01]
 [-1.4634280e-02  8.9286956e-01  4.5004668e-01  1.7184000e+02]
 [ 9.8429898e-01  9.1724280e-02 -1.4981354e-01 -1.1652200e+03]
 [ 0.0000000e+00  0.0000000e+00  0.0000000e+00  1.0000000e+00]]
[+0144.56, +0070.68, -1105.87]
2233, 2063, 2026
[[-1.7816676e-01  4.3946402e-01 -8.8022770e-01  5.2970000e+01]
 [-1.4713300e-02  8.9341470e-01  4.4895890e-01  1.7164000e+02]
 [ 9.8372402e-01  9.3015860e-02 -1.5269250e-01 -1.1651400e+03]
 [ 0.0000000e+00  0.0000000e+00  0.0000000e+00  1.0000000e+00]]
[+0060.91, +0053.78, -1092.52]
1317, 2039, 1329
[[-1.7496080e-01  4.4157528e-01 -8.7984096e-01  5.3270000e+01]
 [-1.3579200e-02  8.9259814e-01  4.5062022e-01  1.7181000e+02]
 [ 9.8433960e-01  9.0852900e-02 -1.5015770e-01 -1.1651700e+03]
 [ 0.0000000e+00  0.0000000e+00  0.0000000e+00  1.0000000e+00]]
[+0126.98, +0025.96, -1084.63]
2052, 974, 784
[[-1.7570208e-01  4.4274384e-01 -8.7903424e-01  5.3320000e+01]
 [-1.2547360e-02  8.9204928e-01  4.5172272e-01  1.7179000e+02]
 [ 9.8415744e-01  9.0491680e-02 -1.5115680e-01 -1.1651400e+03]
 [ 0.0000000e+00  0.0000000e+00  0.0000000e+00  1.0000000e+00]]
[+0058.29, +0136.29, -1130.11]
2104, 1681, 1620
[[-1.7742500e-01  4.4038620e-01 -8.7989340e-01  5.3080000e+01]
 [-1.3363800e-02  8.9310302e-01  4.4961650e-01  1.7169000e+02]
 [ 9.8385660e-01  9.1616500e-02 -1.5255298e-01 -1.1651400e+03]
 [ 0.0000000e+00  0.0000000e+00  0.0000000e+00  1.0000000e+00]]
[+0058.45, +0081.00, -1088.94]
954, 2036, 1066
[[-1.7392210e-01  4.4238968e-01 -8.7971524e-01  5.3350000e+01]
 [-1.2482000e-02  8.9234016e-01  4.5117632e-01  1.7189000e+02]
 [ 9.8460740e-01  8.9483200e-02 -1.4966770e-01 -1.1651800e+03]
 [ 0.0000000e+00  0.0000000e+00  0.0000000e+00  1.0000000e+00]]
[+0156.12, +0014.00, -1104.87]
793, 1451, 1802
[[-1.7354484e-01  4.4233394e-01 -8.7978490e-01  5.3380000e+01]
 [-1.3434700e-02  8.9229516e-01  4.5123206e-01  1.7181000e+02]
 [ 9.8463206e-01  9.0175100e-02 -1.4889924e-01 -1.1651700e+03]
 [ 0.0000000e+00  0.0000000e+00  0.0000000e+00  1.0000000e+00]]
[+0069.51, -0044.50, -1112.68]
