945, 1029, 1206
[[-1.7486034e-01  4.3485896e-01 -8.8303494e-01  5.4350000e+01]
 [-1.5218640e-02  8.9583840e-01  4.4406232e-01  1.7332000e+02]
 [ 9.8418566e-01  9.1217520e-02 -1.4999730e-01 -1.1648800e+03]
 [ 0.0000000e+00  0.0000000e+00  0.0000000e+00  1.0000000e+00]]
[+0054.90, +0012.79, -1056.75]
1025, 1027, 1111
[[-1.7493220e-01  4.3472216e-01 -8.8322768e-01  5.4320000e+01]
 [-1.5677920e-02  8.9587910e-01  4.4398886e-01  1.7329000e+02]
 [ 9.8429096e-01  9.1589020e-02 -1.4988474e-01 -1.1648900e+03]
 [ 0.0000000e+00  0.0000000e+00  0.0000000e+00  1.0000000e+00]]
[+0057.56, +0031.39, -1052.23]
1844, 1838, 1229
[[-1.7769914e-01  4.3296150e-01 -8.8354518e-01  5.4080000e+01]
 [-1.6040820e-02  8.9659910e-01  4.4252126e-01  1.7326000e+02]
 [ 9.8379390e-01  9.2880100e-02 -1.5236260e-01 -1.1648700e+03]
 [ 0.0000000e+00  0.0000000e+00  0.0000000e+00  1.0000000e+00]]
[+0105.38, +0086.72, -1083.62]
1652, 2165, 998
[[-1.7762740e-01  4.3309894e-01 -8.8335218e-01  5.4090000e+01]
 [-1.5581380e-02  8.9655900e-01  4.4259434e-01  1.7331000e+02]
 [ 9.8368846e-01  9.2508580e-02 -1.5247444e-01 -1.1648700e+03]
 [ 0.0000000e+00  0.0000000e+00  0.0000000e+00  1.0000000e+00]]
[+0146.95, +0071.89, -1105.57]
2233, 2063, 2026
[[-1.7971746e-01  4.3147254e-01 -8.8387568e-01  5.3900000e+01]
 [-1.6849180e-02  8.9717214e-01  4.4133024e-01  1.7311000e+02]
 [ 9.8342304e-01  9.4274720e-02 -1.5395136e-01 -1.1648400e+03]
 [ 0.0000000e+00  0.0000000e+00  0.0000000e+00  1.0000000e+00]]
[+0062.72, +0055.23, -1092.19]
1317, 2039, 1329
[[-1.7673226e-01  4.3357006e-01 -8.8331672e-01  5.4170000e+01]
 [-1.5325420e-02  8.9639094e-01  4.4294624e-01  1.7329000e+02]
 [ 9.8386816e-01  9.1941520e-02 -1.5174736e-01 -1.1648600e+03]
 [ 0.0000000e+00  0.0000000e+00  0.0000000e+00  1.0000000e+00]]
[+0129.45, +0027.90, -1084.20]
2052, 974, 784
[[-1.7738970e-01  4.3441448e-01 -8.8278224e-01  5.4220000e+01]
 [-1.5517040e-02  8.9591960e-01  4.4389412e-01  1.7328000e+02]
 [ 9.8375792e-01  9.2557160e-02 -1.5215794e-01 -1.1648500e+03]
 [ 0.0000000e+00  0.0000000e+00  0.0000000e+00  1.0000000e+00]]
[+0059.18, +0137.66, -1130.03]
2104, 1681, 1620
[[-1.7912010e-01  4.3234880e-01 -8.8355980e-01  5.3990000e+01]
 [-1.6044640e-02  8.9683830e-01  4.4203652e-01  1.7317000e+02]
 [ 9.8353748e-01  9.3425000e-02 -1.5368784e-01 -1.1648100e+03]
 [ 0.0000000e+00  0.0000000e+00  0.0000000e+00  1.0000000e+00]]
[+0060.25, +0084.28, -1089.21]
954, 2036, 1066
[[-1.7576578e-01  4.3406468e-01 -8.8327316e-01  5.4240000e+01]
 [-1.4795480e-02  8.9623800e-01  4.4327464e-01  1.7336000e+02]
 [ 9.8405524e-01  9.1099760e-02 -1.5107722e-01 -1.1648900e+03]
 [ 0.0000000e+00  0.0000000e+00  0.0000000e+00  1.0000000e+00]]
[+0157.69, +0016.22, -1104.05]
793, 1451, 1802
[[-1.7590922e-01  4.3371876e-01 -8.8336044e-01  5.4200000e+01]
 [-1.5642360e-02  8.9631920e-01  4.4307188e-01  1.7324000e+02]
 [ 9.8396796e-01  9.1898920e-02 -1.5085258e-01 -1.1648400e+03]
 [ 0.0000000e+00  0.0000000e+00  0.0000000e+00  1.0000000e+00]]
[+0072.03, -0043.60, -1113.56]
