945, 1029, 1206
[[-1.7221714e-01  4.6140562e-01 -8.7011080e-01  5.4540000e+01]
 [-1.4072500e-02  8.8224270e-01  4.7054680e-01  1.7172000e+02]
 [ 9.8477912e-01  9.3365840e-02 -1.4542240e-01 -1.1648200e+03]
 [ 0.0000000e+00  0.0000000e+00  0.0000000e+00  1.0000000e+00]]
[+0050.33, +0011.06, -1057.69]
1025, 1027, 1111
[[-1.7184450e-01  4.6117810e-01 -8.7035050e-01  5.4510000e+01]
 [-1.4201900e-02  8.8237902e-01  4.7029570e-01  1.7172000e+02]
 [ 9.8488250e-01  9.3244300e-02 -1.4506548e-01 -1.1648000e+03]
 [ 0.0000000e+00  0.0000000e+00  0.0000000e+00  1.0000000e+00]]
[+0053.62, +0029.98, -1053.07]
1844, 1838, 1229
[[-1.7488170e-01  4.5941826e-01 -8.7067328e-01  5.4260000e+01]
 [-1.4452340e-02  8.8314774e-01  4.6884264e-01  1.7169000e+02]
 [ 9.8434152e-01  9.4642240e-02 -1.4778960e-01 -1.1648100e+03]
 [ 0.0000000e+00  0.0000000e+00  0.0000000e+00  1.0000000e+00]]
[+0103.42, +0083.28, -1084.25]
1652, 2165, 998
[[-1.7406666e-01  4.5956716e-01 -8.7071400e-01  5.4310000e+01]
 [-1.4781000e-02  8.8307184e-01  4.6896716e-01  1.7177000e+02]
 [ 9.8444216e-01  9.4587000e-02 -1.4689866e-01 -1.1648200e+03]
 [ 0.0000000e+00  0.0000000e+00  0.0000000e+00  1.0000000e+00]]
[+0144.05, +0067.69, -1105.75]
2233, 2063, 2026
[[-1.7718344e-01  4.5804024e-01 -8.7081636e-01  5.4070000e+01]
 [-1.4973840e-02  8.8370168e-01  4.6775988e-01  1.7155000e+02]
 [ 9.8381796e-01  9.6034680e-02 -1.4968912e-01 -1.1647500e+03]
 [ 0.0000000e+00  0.0000000e+00  0.0000000e+00  1.0000000e+00]]
[+0058.87, +0052.68, -1092.83]
1317, 2039, 1329
[[-1.7287930e-01  4.6019268e-01 -8.7065584e-01  5.4400000e+01]
 [-1.4459160e-02  8.8283184e-01  4.6943532e-01  1.7172000e+02]
 [ 9.8468768e-01  9.3815160e-02 -1.4595130e-01 -1.1648200e+03]
 [ 0.0000000e+00  0.0000000e+00  0.0000000e+00  1.0000000e+00]]
[+0124.91, +0024.16, -1084.83]
2052, 974, 784
[[-1.7474370e-01  4.6107098e-01 -8.6968034e-01  5.4440000e+01]
 [-1.4146180e-02  8.8227132e-01  4.7047174e-01  1.7173000e+02]
 [ 9.8424094e-01  9.4643140e-02 -1.4761602e-01 -1.1648000e+03]
 [ 0.0000000e+00  0.0000000e+00  0.0000000e+00  1.0000000e+00]]
[+0058.87, +0135.84, -1129.93]
2104, 1681, 1620
[[-1.7466058e-01  4.5884662e-01 -8.7100522e-01  5.4210000e+01]
 [-1.5425620e-02  8.8337094e-01  4.6838842e-01  1.7161000e+02]
 [ 9.8435378e-01  9.5317580e-02 -1.4719348e-01 -1.1648000e+03]
 [ 0.0000000e+00  0.0000000e+00  0.0000000e+00  1.0000000e+00]]
[+0057.20, +0080.15, -1089.19]
954, 2036, 1066
[[-1.7191330e-01  4.6068462e-01 -8.7060396e-01  5.4470000e+01]
 [-1.3944780e-02  8.8266710e-01  4.6976364e-01  1.7180000e+02]
 [ 9.8487924e-01  9.2962440e-02 -1.4530184e-01 -1.1648400e+03]
 [ 0.0000000e+00  0.0000000e+00  0.0000000e+00  1.0000000e+00]]
[+0153.73, +0011.40, -1105.00]
793, 1451, 1802
[[-1.7265850e-01  4.6047402e-01 -8.7061114e-01  5.4460000e+01]
 [-1.4503860e-02  8.8269580e-01  4.6970082e-01  1.7168000e+02]
 [ 9.8477902e-01  9.3770460e-02 -1.4571466e-01 -1.1647900e+03]
 [ 0.0000000e+00  0.0000000e+00  0.0000000e+00  1.0000000e+00]]
[+0065.59, -0046.04, -1114.86]
