1220, 1220, 1220
[[-5.7880200e-02  9.8390306e-01 -1.6836438e-01 -2.6130000e+01]
 [ 6.9307980e-02  1.7232270e-01  9.8250446e-01  1.3493000e+02]
 [ 9.9579526e-01  4.5314220e-02 -7.8075540e-02 -1.1719500e+03]
 [ 0.0000000e+00  0.0000000e+00  0.0000000e+00  1.0000000e+00]]
[-0125.58, +0038.53, -1066.39]
1999, 1904, 1045
[[-5.8534920e-02  9.8347592e-01 -1.6979228e-01 -2.6270000e+01]
 [ 6.9695080e-02  1.7396156e-01  9.8207672e-01  1.3510000e+02]
 [ 9.9558872e-01  4.5904280e-02 -7.8528520e-02 -1.1720300e+03]
 [ 0.0000000e+00  0.0000000e+00  0.0000000e+00  1.0000000e+00]]
[-0047.53, +0037.44, -1115.63]
1937, 1493, 1939
[[-5.940168e-02  9.836090e-01 -1.694576e-01 -2.632000e+01]
 [ 7.034300e-02  1.735980e-01  9.821944e-01  1.350100e+02]
 [ 9.956176e-01  4.655440e-02 -7.939968e-02 -1.171910e+03]
 [ 0.000000e+00  0.000000e+00  0.000000e+00  1.000000e+00]]
[-0142.71, +0074.94, -1100.71]
985, 1551, 2185
[[-5.8714500e-02  9.8346320e-01 -1.6979010e-01 -2.6290000e+01]
 [ 6.9478800e-02  1.7396592e-01  9.8208944e-01  1.3495000e+02]
 [ 9.9559090e-01  4.6120560e-02 -7.8344580e-02 -1.1719200e+03]
 [ 0.0000000e+00  0.0000000e+00  0.0000000e+00  1.0000000e+00]]
[-0195.44, +0004.28, -1141.38]
2011, 1650, 1900
[[-5.8912740e-02  9.8349850e-01 -1.6995216e-01 -2.6330000e+01]
 [ 7.0866660e-02  1.7413206e-01  9.8201960e-01  1.3505000e+02]
 [ 9.9555560e-01  4.5992160e-02 -7.9812840e-02 -1.1719700e+03]
 [ 0.0000000e+00  0.0000000e+00  0.0000000e+00  1.0000000e+00]]
[-0123.15, +0069.17, -1096.15]
1331, 1370, 980
[[-5.7831200e-02  9.8388828e-01 -1.6837476e-01 -2.6140000e+01]
 [ 6.8909880e-02  1.7232710e-01  9.8251924e-01  1.3491000e+02]
 [ 9.9581004e-01  4.5348440e-02 -7.7662660e-02 -1.1719700e+03]
 [ 0.0000000e+00  0.0000000e+00  0.0000000e+00  1.0000000e+00]]
[-0085.15, +0029.80, -1071.66]
2130, 1089, 1826
[[-5.9581300e-02  9.8350632e-01 -1.6934086e-01 -2.6390000e+01]
 [ 7.0216560e-02  1.7360236e-01  9.8211528e-01  1.3501000e+02]
 [ 9.9550522e-01  4.6862640e-02 -7.9215700e-02 -1.1719700e+03]
 [ 0.0000000e+00  0.0000000e+00  0.0000000e+00  1.0000000e+00]]
[-0130.07, +0110.34, -1126.38]
2154, 2076, 1430
[[-5.7966160e-02  9.8338308e-01 -1.7047256e-01 -2.6340000e+01]
 [ 7.1027160e-02  1.7466544e-01  9.8184948e-01  1.3513000e+02]
 [ 9.9551912e-01  4.5066360e-02 -7.9767760e-02 -1.1719900e+03]
 [ 0.0000000e+00  0.0000000e+00  0.0000000e+00  1.0000000e+00]]
[-0068.12, +0037.09, -1107.41]
827, 1653, 1499
[[-5.8648320e-02  9.8386736e-01 -1.6834528e-01 -2.6140000e+01]
 [ 6.8841440e-02  1.7233566e-01  9.8254016e-01  1.3488000e+02]
 [ 9.9578912e-01  4.6144640e-02 -7.7752020e-02 -1.1719500e+03]
 [ 0.0000000e+00  0.0000000e+00  0.0000000e+00  1.0000000e+00]]
[-0155.71, -0029.90, -1107.01]
1596, 1141, 1863
[[-5.8207300e-02  9.8377148e-01 -1.6882926e-01 -2.6270000e+01]
 [ 6.9763160e-02  1.7286620e-01  9.8235132e-01  1.3490000e+02]
 [ 9.9571218e-01  4.5548760e-02 -7.8577860e-02 -1.1719300e+03]
 [ 0.0000000e+00  0.0000000e+00  0.0000000e+00  1.0000000e+00]]
[-0165.15, +0080.15, -1105.07]
837, 1267, 1707
[[-5.8044520e-02  9.8384386e-01 -1.6819758e-01 -2.6120000e+01]
 [ 6.7487540e-02  1.7216396e-01  9.8259786e-01  1.3484000e+02]
 [ 9.9583362e-01  4.5873540e-02 -7.6240520e-02 -1.1719700e+03]
 [ 0.0000000e+00  0.0000000e+00  0.0000000e+00  1.0000000e+00]]
[-0189.91, +0003.62, -1108.00]
1357, 2098, 1247
[[-5.7668560e-02  9.8355596e-01 -1.6921988e-01 -2.6190000e+01]
 [ 6.9978680e-02  1.7340494e-01  9.8210006e-01  1.3499000e+02]
 [ 9.9555044e-01  4.5113380e-02 -7.8577860e-02 -1.1719300e+03]
 [ 0.0000000e+00  0.0000000e+00  0.0000000e+00  1.0000000e+00]]
[-0083.08, -0021.92, -1109.43]
2087, 2077, 1247
[[-5.8553940e-02  9.8347442e-01 -1.7036536e-01 -2.6310000e+01]
 [ 7.0890740e-02  1.7449086e-01  9.8197448e-01  1.3514000e+02]
 [ 9.9560072e-01  4.5578960e-02 -7.9812840e-02 -1.1720400e+03]
 [ 0.0000000e+00  0.0000000e+00  0.0000000e+00  1.0000000e+00]]
[-0057.45, +0031.57, -1113.40]
1868, 1364, 1675
[[-5.8517540e-02  9.8382120e-01 -1.6894980e-01 -2.6150000e+01]
 [ 6.8842800e-02  1.7287928e-01  9.8248348e-01  1.3485000e+02]
 [ 9.9584580e-01  4.5923480e-02 -7.7796820e-02 -1.1718700e+03]
 [ 0.0000000e+00  0.0000000e+00  0.0000000e+00  1.0000000e+00]]
[-0128.33, +0076.93, -1092.02]
1412, 1141, 1281
[[-5.7096420e-02  9.8380164e-01 -1.6810406e-01 -2.6010000e+01]
 [ 6.8260040e-02  1.7214732e-01  9.8245812e-01  1.3483000e+02]
 [ 9.9572346e-01  4.4919080e-02 -7.6748100e-02 -1.1718600e+03]
 [ 0.0000000e+00  0.0000000e+00  0.0000000e+00  1.0000000e+00]]
[-0123.33, +0061.62, -1071.25]
1501, 1401, 1746
[[-5.7602500e-02  9.8381272e-01 -1.6899996e-01 -2.6100000e+01]
 [ 6.8115280e-02  1.7287928e-01  9.8249196e-01  1.3487000e+02]
 [ 9.9589596e-01  4.5195960e-02 -7.6881780e-02 -1.1718700e+03]
 [ 0.0000000e+00  0.0000000e+00  0.0000000e+00  1.0000000e+00]]
[-0152.62, +0050.62, -1086.97]
1941, 1051, 1404
[[-5.7651460e-02  9.8367212e-01 -1.6855668e-01 -2.6110000e+01]
 [ 6.8897320e-02  1.7269094e-01  9.8230308e-01  1.3486000e+02]
 [ 9.9562812e-01  4.5335880e-02 -7.7478560e-02 -1.1718800e+03]
 [ 0.0000000e+00  0.0000000e+00  0.0000000e+00  1.0000000e+00]]
[-0104.08, +0108.22, -1107.67]
1644, 2075, 1512
[[-5.7798820e-02  9.8359360e-01 -1.6954664e-01 -2.6120000e+01]
 [ 6.9070400e-02  1.7359800e-01  9.8220980e-01  1.3494000e+02]
 [ 9.9570664e-01  4.5281800e-02 -7.7796820e-02 -1.1718400e+03]
 [ 0.0000000e+00  0.0000000e+00  0.0000000e+00  1.0000000e+00]]
[-0095.18, -0002.52, -1097.57]
1692, 1400, 1815
[[-5.7880200e-02  9.8360074e-01 -1.6915682e-01 -2.6140000e+01]
 [ 6.8466500e-02  1.7324300e-01  9.8227150e-01  1.3484000e+02]
 [ 9.9568910e-01  4.5547180e-02 -7.7155240e-02 -1.1718700e+03]
 [ 0.0000000e+00  0.0000000e+00  0.0000000e+00  1.0000000e+00]]
[-0149.27, +0063.29, -1092.24]
1127, 1251, 2061
[[-5.8648320e-02  9.8358960e-01 -1.6893376e-01 -2.6180000e+01]
 [ 6.8204000e-02  1.7307150e-01  9.8231700e-01  1.3482000e+02]
 [ 9.9565824e-01  4.6367800e-02 -7.7016180e-02 -1.1718700e+03]
 [ 0.0000000e+00  0.0000000e+00  0.0000000e+00  1.0000000e+00]]
[-0199.30, +0033.65, -1126.20]
1518, 1431, 1917
[[-5.7749620e-02  9.8365260e-01 -1.6894436e-01 -2.6130000e+01]
 [ 6.9285000e-02  1.7305030e-01  9.8225400e-01  1.3485000e+02]
 [ 9.9564764e-01  4.5286800e-02 -7.7936080e-02 -1.1718300e+03]
 [ 0.0000000e+00  0.0000000e+00  0.0000000e+00  1.0000000e+00]]
[-0162.52, +0051.07, -1095.72]
1791, 1189, 1026
[[-5.8239720e-02  9.8390234e-01 -1.6815574e-01 -2.6080000e+01]
 [ 6.9079940e-02  1.7214732e-01  9.8253938e-01  1.3484000e+02]
 [ 9.9577514e-01  4.5736820e-02 -7.7891400e-02 -1.1718800e+03]
 [ 0.0000000e+00  0.0000000e+00  0.0000000e+00  1.0000000e+00]]
[-0070.33, +0083.82, -1094.12]
1867, 1727, 2161
[[-5.8305940e-02  9.8353880e-01 -1.7012372e-01 -2.6280000e+01]
 [ 6.9219280e-02  1.7414550e-01  9.8216104e-01  1.3495000e+02]
 [ 9.9574060e-01  4.5640400e-02 -7.8115600e-02 -1.1718700e+03]
 [ 0.0000000e+00  0.0000000e+00  0.0000000e+00  1.0000000e+00]]
[-0154.24, +0052.78, -1103.92]
2118, 1305, 1365
[[-5.7880200e-02  9.8373964e-01 -1.6886272e-01 -2.6170000e+01]
 [ 6.8785120e-02  1.7287500e-01  9.8238316e-01  1.3489000e+02]
 [ 9.9575444e-01  4.5435520e-02 -7.7523240e-02 -1.1719000e+03]
 [ 0.0000000e+00  0.0000000e+00  0.0000000e+00  1.0000000e+00]]
[-0082.84, +0096.50, -1110.09]
1185, 2042, 1370
[[-5.7651460e-02  9.8357412e-01 -1.6937356e-01 -2.6110000e+01]
 [ 6.8080440e-02  1.7342694e-01  9.8226372e-01  1.3490000e+02]
 [ 9.9572612e-01  4.5375240e-02 -7.6742560e-02 -1.1718600e+03]
 [ 0.0000000e+00  0.0000000e+00  0.0000000e+00  1.0000000e+00]]
[-0103.79, -0032.66, -1109.63]
1941, 2018, 1336
[[-5.7749620e-02  9.8366868e-01 -1.6967142e-01 -2.6160000e+01]
 [ 6.8582520e-02  1.7360236e-01  9.8231652e-01  1.3495000e+02]
 [ 9.9583578e-01  4.5224280e-02 -7.7384020e-02 -1.1719300e+03]
 [ 0.0000000e+00  0.0000000e+00  0.0000000e+00  1.0000000e+00]]
[-0066.32, +0027.74, -1102.87]
2161, 1326, 833
[[-5.7651460e-02  9.8378648e-01 -1.6846682e-01 -2.6110000e+01]
 [ 6.9011680e-02  1.7250684e-01  9.8240488e-01  1.3488000e+02]
 [ 9.9571798e-01  4.5234080e-02 -7.7662660e-02 -1.1719100e+03]
 [ 0.0000000e+00  0.0000000e+00  0.0000000e+00  1.0000000e+00]]
[-0043.33, +0083.66, -1133.17]
920, 1712, 952
[[-5.6819200e-02  9.8398912e-01 -1.6815104e-01 -2.5970000e+01]
 [ 6.7704320e-02  1.7196750e-01  9.8266874e-01  1.3482000e+02]
 [ 9.9595456e-01  4.4577340e-02 -7.6291060e-02 -1.1718600e+03]
 [ 0.0000000e+00  0.0000000e+00  0.0000000e+00  1.0000000e+00]]
[-0094.80, -0034.31, -1096.33]
1443, 1959, 1192
[[-5.8059940e-02  9.8372708e-01 -1.6886058e-01 -2.6080000e+01]
 [ 6.8568920e-02  1.7287928e-01  9.8239572e-01  1.3490000e+02]
 [ 9.9575658e-01  4.5651720e-02 -7.7339220e-02 -1.1718900e+03]
 [ 0.0000000e+00  0.0000000e+00  0.0000000e+00  1.0000000e+00]]
[-0077.17, -0006.79, -1098.33]
1356, 2175, 1577
[[-5.8207300e-02  9.8355856e-01 -1.6973612e-01 -2.6150000e+01]
 [ 6.8831680e-02  1.7378630e-01  9.8221036e-01  1.3494000e+02]
 [ 9.9572084e-01  4.5689720e-02 -7.7657760e-02 -1.1718800e+03]
 [ 0.0000000e+00  0.0000000e+00  0.0000000e+00  1.0000000e+00]]
[-0110.09, -0024.96, -1110.52]
2137, 1309, 892
[[-5.6655120e-02  9.8379500e-01 -1.6870276e-01 -2.6110000e+01]
 [ 6.9092200e-02  1.7267750e-01  9.8236210e-01  1.3487000e+02]
 [ 9.9576076e-01  4.4231500e-02 -7.7573620e-02 -1.1718900e+03]
 [ 0.0000000e+00  0.0000000e+00  0.0000000e+00  1.0000000e+00]]
[-0046.91, +0085.82, -1128.16]
1305, 1567, 939
[[-5.7227560e-02  9.8384030e-01 -1.6843070e-01 -2.6030000e+01]
 [ 6.7351700e-02  1.7233982e-01  9.8256722e-01  1.3481000e+02]
 [ 9.9587870e-01  4.5087220e-02 -7.5967380e-02 -1.1719000e+03]
 [ 0.0000000e+00  0.0000000e+00  0.0000000e+00  1.0000000e+00]]
[-0074.46, +0008.96, -1081.57]
2137, 1911, 981
[[-5.7278980e-02  9.8340074e-01 -1.7030658e-01 -2.6160000e+01]
 [ 7.0686260e-02  1.7448134e-01  9.8186646e-01  1.3511000e+02]
 [ 9.9553242e-01  4.4511540e-02 -7.9264680e-02 -1.1719600e+03]
 [ 0.0000000e+00  0.0000000e+00  0.0000000e+00  1.0000000e+00]]
[-0043.04, +0043.61, -1124.95]
1209, 1757, 848
[[-5.6867880e-02  9.8391374e-01 -1.6802658e-01 -2.5990000e+01]
 [ 6.8192340e-02  1.7196318e-01  9.8256214e-01  1.3485000e+02]
 [ 9.9582578e-01  4.4635260e-02 -7.6703700e-02 -1.1718600e+03]
 [ 0.0000000e+00  0.0000000e+00  0.0000000e+00  1.0000000e+00]]
[-0067.00, -0010.67, -1096.56]
1931, 1866, 925
[[-5.7749620e-02  9.8371784e-01 -1.6926298e-01 -2.6150000e+01]
 [ 6.8990960e-02  1.7323436e-01  9.8233624e-01  1.3494000e+02]
 [ 9.9578662e-01  4.5204560e-02 -7.7752020e-02 -1.1719100e+03]
 [ 0.0000000e+00  0.0000000e+00  0.0000000e+00  1.0000000e+00]]
[-0041.52, +0034.81, -1119.39]
1422, 1948, 1692
[[-5.8108980e-02  9.8355378e-01 -1.6955278e-01 -2.6200000e+01]
 [ 6.8239820e-02  1.7361084e-01  9.8224962e-01  1.3484000e+02]
 [ 9.9572562e-01  4.5748780e-02 -7.7016180e-02 -1.1718800e+03]
 [ 0.0000000e+00  0.0000000e+00  0.0000000e+00  1.0000000e+00]]
[-0128.71, -0005.43, -1094.80]
1855, 1511, 1926
[[-5.8386960e-02  9.8354596e-01 -1.6973400e-01 -2.6200000e+01]
 [ 6.8615400e-02  1.7379054e-01  9.8222296e-01  1.3487000e+02]
 [ 9.9572296e-01  4.5906000e-02 -7.7473860e-02 -1.1718400e+03]
 [ 0.0000000e+00  0.0000000e+00  0.0000000e+00  1.0000000e+00]]
[-0143.24, +0070.26, -1097.52]
1067, 1315, 876
[[-5.5725780e-02  9.8395136e-01 -1.6767996e-01 -2.5920000e+01]
 [ 6.7690560e-02  1.7159478e-01  9.8259272e-01  1.3474000e+02]
 [ 9.9583876e-01  4.3705680e-02 -7.5930000e-02 -1.1718200e+03]
 [ 0.0000000e+00  0.0000000e+00  0.0000000e+00  1.0000000e+00]]
[-0091.73, +0008.38, -1067.84]
1638, 1003, 1715
[[-5.7373840e-02  9.8383504e-01 -1.6880820e-01 -2.6090000e+01]
 [ 6.8137600e-02  1.7269526e-01  9.8250396e-01  1.3478000e+02]
 [ 9.9588396e-01  4.5004200e-02 -7.6837140e-02 -1.1718200e+03]
 [ 0.0000000e+00  0.0000000e+00  0.0000000e+00  1.0000000e+00]]
[-0154.12, +0094.59, -1104.69]
1057, 1717, 2058
[[-5.8337800e-02  9.8367028e-01 -1.6945036e-01 -2.6130000e+01]
 [ 6.8536040e-02  1.7342694e-01  9.8234938e-01  1.3483000e+02]
 [ 9.9580292e-01  4.5828740e-02 -7.7428900e-02 -1.1718000e+03]
 [ 0.0000000e+00  0.0000000e+00  0.0000000e+00  1.0000000e+00]]
[-0183.09, -0005.83, -1127.66]
1733, 1345, 819
[[-5.5920500e-02  9.8396100e-01 -1.6804800e-01 -2.5990000e+01]
 [ 6.8874840e-02  1.7194510e-01  9.8251488e-01  1.3478000e+02]
 [ 9.9582912e-01  4.3588800e-02 -7.7212160e-02 -1.1718400e+03]
 [ 0.0000000e+00  0.0000000e+00  0.0000000e+00  1.0000000e+00]]
[-0047.93, +0062.96, -1100.45]
1337, 1513, 802
[[-5.6508360e-02  9.8405280e-01 -1.6794116e-01 -2.5970000e+01]
 [ 6.8738840e-02  1.7177004e-01  9.8263920e-01  1.3478000e+02]
 [ 9.9591120e-01  4.4101160e-02 -7.7256360e-02 -1.1717900e+03]
 [ 0.0000000e+00  0.0000000e+00  0.0000000e+00  1.0000000e+00]]
[-0060.34, +0014.81, -1085.85]
1282, 1837, 1982
[[-5.8975300e-02  9.8352278e-01 -1.6971726e-01 -2.6170000e+01]
 [ 6.8364620e-02  1.7379878e-01  9.8224614e-01  1.3484000e+02]
 [ 9.9571446e-01  4.6520340e-02 -7.7335080e-02 -1.1718200e+03]
 [ 0.0000000e+00  0.0000000e+00  0.0000000e+00  1.0000000e+00]]
[-0165.93, -0002.80, -1110.47]
1031, 962, 1432
[[-5.6362320e-02  9.8400912e-01 -1.6797152e-01 -2.5970000e+01]
 [ 6.7544480e-02  1.7178336e-01  9.8268288e-01  1.3471000e+02]
 [ 9.9595488e-01  4.4203520e-02 -7.6018320e-02 -1.1718000e+03]
 [ 0.0000000e+00  0.0000000e+00  0.0000000e+00  1.0000000e+00]]
[-0171.51, +0047.58, -1078.63]
944, 1395, 1629
[[-5.6688100e-02  9.8376312e-01 -1.6852694e-01 -2.6010000e+01]
 [ 6.7885920e-02  1.7251120e-01  9.8242824e-01  1.3477000e+02]
 [ 9.9578246e-01  4.4540640e-02 -7.6335460e-02 -1.1717900e+03]
 [ 0.0000000e+00  0.0000000e+00  0.0000000e+00  1.0000000e+00]]
[-0174.31, -0000.07, -1096.83]
1882, 1464, 1359
[[-5.7831200e-02  9.8381484e-01 -1.6898748e-01 -2.6150000e+01]
 [ 6.8297160e-02  1.7287928e-01  9.8248984e-01  1.3484000e+02]
 [ 9.9588348e-01  4.5377840e-02 -7.7110480e-02 -1.1719100e+03]
 [ 0.0000000e+00  0.0000000e+00  0.0000000e+00  1.0000000e+00]]
[-0086.64, +0070.38, -1089.59]
1621, 1454, 897
[[-5.7276240e-02  9.8387912e-01 -1.6821620e-01 -2.6040000e+01]
 [ 6.7954000e-02  1.7215160e-01  9.8256260e-01  1.3479000e+02]
 [ 9.9583988e-01  4.5043160e-02 -7.6564000e-02 -1.1719100e+03]
 [ 0.0000000e+00  0.0000000e+00  0.0000000e+00  1.0000000e+00]]
[-0058.59, +0042.15, -1089.60]
1111, 1575, 1377
[[-5.7504820e-02  9.8383248e-01 -1.6861220e-01 -2.6090000e+01]
 [ 6.7727520e-02  1.7251968e-01  9.8254080e-01  1.3479000e+02]
 [ 9.9587620e-01  4.5244800e-02 -7.6424500e-02 -1.1718600e+03]
 [ 0.0000000e+00  0.0000000e+00  0.0000000e+00  1.0000000e+00]]
[-0133.08, -0003.54, -1080.57]
1954, 1948, 814
[[-5.6573860e-02  9.8364900e-01 -1.6938688e-01 -2.6040000e+01]
 [ 6.9377880e-02  1.7340030e-01  9.8218884e-01  1.3494000e+02]
 [ 9.9571280e-01  4.4077800e-02 -7.7846800e-02 -1.1718900e+03]
 [ 0.0000000e+00  0.0000000e+00  0.0000000e+00  1.0000000e+00]]
[-0037.02, +0029.50, -1129.85]
1551, 957, 2032
[[-5.7733440e-02  9.8383456e-01 -1.6859976e-01 -2.6100000e+01]
 [ 6.7909440e-02  1.7251968e-01  9.8253872e-01  1.3473000e+02]
 [ 9.9586376e-01  4.5426720e-02 -7.6653120e-02 -1.1718000e+03]
 [ 0.0000000e+00  0.0000000e+00  0.0000000e+00  1.0000000e+00]]
[-0182.90, +0086.22, -1130.26]
1770, 1124, 1174
[[-5.7636000e-02  9.8396856e-01 -1.6812208e-01 -2.6020000e+01]
 [ 6.7636000e-02  1.7197590e-01  9.8268930e-01  1.3475000e+02]
 [ 9.9593400e-01  4.5373580e-02 -7.6379940e-02 -1.1718600e+03]
 [ 0.0000000e+00  0.0000000e+00  0.0000000e+00  1.0000000e+00]]
[-0089.37, +0089.61, -1090.17]
1316, 1341, 2158
[[-5.8010980e-02  9.8368798e-01 -1.6907528e-01 -2.6140000e+01]
 [ 6.7966580e-02  1.7306742e-01  9.8240048e-01  1.3477000e+02]
 [ 9.9579568e-01  4.5695920e-02 -7.6742560e-02 -1.1718000e+03]
 [ 0.0000000e+00  0.0000000e+00  0.0000000e+00  1.0000000e+00]]
[-0193.26, +0041.67, -1124.88]
1867, 1061, 1048
[[-5.6459600e-02  9.8392392e-01 -1.6804116e-01 -2.6010000e+01]
 [ 6.8226480e-02  1.7195878e-01  9.8255196e-01  1.3474000e+02]
 [ 9.9583596e-01  4.4237160e-02 -7.6659380e-02 -1.1718300e+03]
 [ 0.0000000e+00  0.0000000e+00  0.0000000e+00  1.0000000e+00]]
[-0074.86, +0099.15, -1103.37]
1311, 1556, 2043
[[-5.8059940e-02  9.8358820e-01 -1.6915472e-01 -2.6130000e+01]
 [ 6.8250280e-02  1.7324720e-01  9.8228404e-01  1.3478000e+02]
 [ 9.9569120e-01  4.5763400e-02 -7.6971300e-02 -1.1718000e+03]
 [ 0.0000000e+00  0.0000000e+00  0.0000000e+00  1.0000000e+00]]
[-0181.40, +0023.28, -1111.05]
2052, 1690, 2027
[[-5.7929280e-02  9.8351720e-01 -1.6996336e-01 -2.6210000e+01]
 [ 6.8047600e-02  1.7397440e-01  9.8221720e-01  1.3486000e+02]
 [ 9.9577264e-01  4.5552400e-02 -7.6832320e-02 -1.1718400e+03]
 [ 0.0000000e+00  0.0000000e+00  0.0000000e+00  1.0000000e+00]]
[-0132.31, +0068.12, -1100.18]
1457, 1375, 1959
[[-5.7145220e-02  9.8374302e-01 -1.6870632e-01 -2.6070000e+01]
 [ 6.8045580e-02  1.7269526e-01  9.8241408e-01  1.3475000e+02]
 [ 9.9578208e-01  4.4914320e-02 -7.6608520e-02 -1.1718100e+03]
 [ 0.0000000e+00  0.0000000e+00  0.0000000e+00  1.0000000e+00]]
[-0172.79, +0048.08, -1101.30]
1890, 2135, 1821
[[-5.7798820e-02  9.8354436e-01 -1.6995508e-01 -2.6170000e+01]
 [ 6.8661960e-02  1.7396592e-01  9.8219004e-01  1.3492000e+02]
 [ 9.9575588e-01  4.5301560e-02 -7.7428900e-02 -1.1718800e+03]
 [ 0.0000000e+00  0.0000000e+00  0.0000000e+00  1.0000000e+00]]
[-0105.36, +0017.48, -1096.77]
1613, 1118, 1776
[[-5.7504820e-02  9.8385686e-01 -1.6840798e-01 -2.6050000e+01]
 [ 6.7931740e-02  1.7233566e-01  9.8255066e-01  1.3473000e+02]
 [ 9.9585182e-01  4.5234940e-02 -7.6608520e-02 -1.1718100e+03]
 [ 0.0000000e+00  0.0000000e+00  0.0000000e+00  1.0000000e+00]]
[-0157.68, +0080.27, -1099.27]
1857, 1607, 1200
[[-5.709642e-02  9.837285e-01 -1.687166e-01 -2.607000e+01]
 [ 6.764750e-02  1.726995e-01  9.824286e-01  1.348000e+02]
 [ 9.957966e-01  4.494860e-02 -7.619592e-02 -1.171860e+03]
 [ 0.000000e+00  0.000000e+00  0.000000e+00  1.000000e+00]]
[-0068.15, +0054.22, -1093.21]
1522, 1367, 1282
[[-5.7504820e-02  9.8383248e-01 -1.6861220e-01 -2.6090000e+01]
 [ 6.7727520e-02  1.7251968e-01  9.8254080e-01  1.3470000e+02]
 [ 9.9587620e-01  4.5244800e-02 -7.6424500e-02 -1.1718900e+03]
 [ 0.0000000e+00  0.0000000e+00  0.0000000e+00  1.0000000e+00]]
[-0106.64, +0049.23, -1073.68]
1016, 1599, 883
[[-5.6493700e-02  9.8398248e-01 -1.6797954e-01 -2.5990000e+01]
 [ 6.6930240e-02  1.7179184e-01  9.8270952e-01  1.3473000e+02]
 [ 9.9597138e-01  4.4453760e-02 -7.5421700e-02 -1.1718500e+03]
 [ 0.0000000e+00  0.0000000e+00  0.0000000e+00  1.0000000e+00]]
[-0084.31, -0018.62, -1085.58]
1470, 1976, 1876
[[-5.7063400e-02  9.8368672e-01 -1.6950464e-01 -2.6150000e+01]
 [ 6.8241280e-02  1.7341838e-01  9.8233294e-01  1.3482000e+02]
 [ 9.9584864e-01  4.4668940e-02 -7.6881780e-02 -1.1718300e+03]
 [ 0.0000000e+00  0.0000000e+00  0.0000000e+00  1.0000000e+00]]
[-0140.18, -0000.22, -1099.20]
1312, 1736, 1810
[[-5.7373840e-02  9.8372072e-01 -1.6889808e-01 -2.6130000e+01]
 [ 6.8023280e-02  1.7287928e-01  9.8240208e-01  1.3472000e+02]
 [ 9.9579408e-01  4.5106080e-02 -7.6653120e-02 -1.1718500e+03]
 [ 0.0000000e+00  0.0000000e+00  0.0000000e+00  1.0000000e+00]]
[-0155.23, +0006.55, -1095.57]
1726, 1662, 1010
[[-5.6867880e-02  9.8386502e-01 -1.6843490e-01 -2.6050000e+01]
 [ 6.7784020e-02  1.7233142e-01  9.8254250e-01  1.3478000e+02]
 [ 9.9587450e-01  4.4654900e-02 -7.6335460e-02 -1.1719000e+03]
 [ 0.0000000e+00  0.0000000e+00  0.0000000e+00  1.0000000e+00]]
[-0057.78, +0039.28, -1095.67]
1363, 1525, 1641
[[-5.7684680e-02  9.8393436e-01 -1.6852020e-01 -2.6090000e+01]
 [ 6.7625640e-02  1.7233982e-01  9.8265510e-01  1.3483000e+02]
 [ 9.9596820e-01  4.5359100e-02 -7.6424500e-02 -1.1718600e+03]
 [ 0.0000000e+00  0.0000000e+00  0.0000000e+00  1.0000000e+00]]
[-0146.42, +0025.15, -1082.74]
2026, 1478, 828
[[-5.6557200e-02  9.8379008e-01 -1.6851896e-01 -2.6100000e+01]
 [ 6.8500160e-02  1.7250240e-01  9.8240128e-01  1.3481000e+02]
 [ 9.9576568e-01  4.4290240e-02 -7.6932240e-02 -1.1719000e+03]
 [ 0.0000000e+00  0.0000000e+00  0.0000000e+00  1.0000000e+00]]
[-0038.96, +0066.96, -1123.95]
972, 979, 1800
[[-5.7670500e-02  9.8393736e-01 -1.6794698e-01 -2.6050000e+01]
 [ 6.6429760e-02  1.7180784e-01  9.8275464e-01  1.3466000e+02]
 [ 9.9595482e-01  4.5682240e-02 -7.5142500e-02 -1.1718700e+03]
 [ 0.0000000e+00  0.0000000e+00  0.0000000e+00  1.0000000e+00]]
[-0201.98, +0042.07, -1115.00]
1374, 1297, 963
[[-5.6902020e-02  9.8390652e-01 -1.6764684e-01 -2.6010000e+01]
 [ 6.7190280e-02  1.7161190e-01  9.8263756e-01  1.3473000e+02]
 [ 9.9582276e-01  4.4934040e-02 -7.5650080e-02 -1.1718700e+03]
 [ 0.0000000e+00  0.0000000e+00  0.0000000e+00  1.0000000e+00]]
[-0081.64, +0041.03, -1071.98]
1438, 1945, 1571
[[-5.6965480e-02  9.8368212e-01 -1.6932096e-01 -2.6140000e+01]
 [ 6.7649280e-02  1.7324300e-01  9.8237196e-01  1.3478000e+02]
 [ 9.9585324e-01  4.4727840e-02 -7.6240520e-02 -1.1718800e+03]
 [ 0.0000000e+00  0.0000000e+00  0.0000000e+00  1.0000000e+00]]
[-0114.62, -0003.81, -1091.74]
1193, 1872, 1849
[[-5.7651460e-02  9.8359862e-01 -1.6916934e-01 -2.6160000e+01]
 [ 6.8284660e-02  1.7324300e-01  9.8227362e-01  1.3482000e+02]
 [ 9.9570162e-01  4.5365340e-02 -7.6926500e-02 -1.1718400e+03]
 [ 0.0000000e+00  0.0000000e+00  0.0000000e+00  1.0000000e+00]]
[-0158.02, -0012.18, -1108.63]
1831, 1526, 1361
[[-5.7096420e-02  9.8384278e-01 -1.6862670e-01 -2.6040000e+01]
 [ 6.7761780e-02  1.7251548e-01  9.8253050e-01  1.3477000e+02]
 [ 9.9588650e-01  4.4846700e-02 -7.6379940e-02 -1.1718500e+03]
 [ 0.0000000e+00  0.0000000e+00  0.0000000e+00  1.0000000e+00]]
[-0087.57, +0063.01, -1087.10]
1052, 1625, 904
[[-5.6313800e-02  9.8388054e-01 -1.6807158e-01 -2.5920000e+01]
 [ 6.7032180e-02  1.7197174e-01  9.8259534e-01  1.3472000e+02]
 [ 9.9587934e-01  4.4339580e-02 -7.5421700e-02 -1.1718200e+03]
 [ 0.0000000e+00  0.0000000e+00  0.0000000e+00  1.0000000e+00]]
[-0083.28, -0018.27, -1086.99]
1037, 1612, 1750
[[-5.6639380e-02  9.8378986e-01 -1.6905966e-01 -2.6040000e+01]
 [ 6.6989660e-02  1.7288348e-01  9.8251482e-01  1.3474000e+02]
 [ 9.9595986e-01  4.4502780e-02 -7.5554900e-02 -1.1718100e+03]
 [ 0.0000000e+00  0.0000000e+00  0.0000000e+00  1.0000000e+00]]
[-0168.22, -0008.59, -1104.67]
1321, 1711, 2038
[[-5.7602500e-02  9.8364946e-01 -1.6949828e-01 -2.6110000e+01]
 [ 6.7592500e-02  1.7343110e-01  9.8237020e-01  1.3478000e+02]
 [ 9.9585500e-01  4.5317720e-02 -7.6329960e-02 -1.1718200e+03]
 [ 0.0000000e+00  0.0000000e+00  0.0000000e+00  1.0000000e+00]]
[-0173.50, +0012.62, -1109.55]
1893, 1554, 2149
[[-5.8697320e-02  9.8350618e-01 -1.6974046e-01 -2.6210000e+01]
 [ 6.7784780e-02  1.7380278e-01  9.8226274e-01  1.3480000e+02]
 [ 9.9574166e-01  4.6373060e-02 -7.6693540e-02 -1.1718300e+03]
 [ 0.0000000e+00  0.0000000e+00  0.0000000e+00  1.0000000e+00]]
[-0157.49, +0068.79, -1109.06]
973, 814, 1701
[[-5.5760520e-02  9.8412442e-01 -1.6752798e-01 -2.5920000e+01]
 [ 6.6508380e-02  1.7124366e-01  9.8285182e-01  1.3460000e+02]
 [ 9.9606382e-01  4.3819980e-02 -7.4876820e-02 -1.1718100e+03]
 [ 0.0000000e+00  0.0000000e+00  0.0000000e+00  1.0000000e+00]]
[-0199.64, +0057.53, -1110.12]
1384, 1798, 1254
[[-5.6639380e-02  9.8395278e-01 -1.6856148e-01 -2.6000000e+01]
 [ 6.7512180e-02  1.7233142e-01  9.8263668e-01  1.3475000e+02]
 [ 9.9600108e-01  4.4380920e-02 -7.6106960e-02 -1.1718300e+03]
 [ 0.0000000e+00  0.0000000e+00  0.0000000e+00  1.0000000e+00]]
[-0092.07, +0000.79, -1085.90]
1819, 2019, 1861
[[-5.7700500e-02  9.8351512e-01 -1.6997584e-01 -2.6170000e+01]
 [ 6.7865840e-02  1.7397440e-01  9.8221928e-01  1.3484000e+02]
 [ 9.9578512e-01  4.5370640e-02 -7.6603540e-02 -1.1718500e+03]
 [ 0.0000000e+00  0.0000000e+00  0.0000000e+00  1.0000000e+00]]
[-0118.64, +0021.91, -1093.30]
1947, 1943, 945
[[-5.5643280e-02  9.8382224e-01 -1.6909052e-01 -2.6020000e+01]
 [ 6.7274560e-02  1.7287064e-01  9.8248244e-01  1.3482000e+02]
 [ 9.9597788e-01  4.3490360e-02 -7.5650080e-02 -1.1719000e+03]
 [ 0.0000000e+00  0.0000000e+00  0.0000000e+00  1.0000000e+00]]
[-0042.82, +0030.59, -1121.01]
1046, 1056, 997
[[-5.5808800e-02  9.8402456e-01 -1.6760792e-01 -2.5910000e+01]
 [ 6.6792400e-02  1.7142360e-01  9.8273560e-01  1.3464000e+02]
 [ 9.9595960e-01  4.3887920e-02 -7.5105040e-02 -1.1718100e+03]
 [ 0.0000000e+00  0.0000000e+00  0.0000000e+00  1.0000000e+00]]
[-0119.93, +0034.19, -1059.08]
1869, 1511, 2119
[[-5.7243060e-02  9.8362530e-01 -1.6991084e-01 -2.6180000e+01]
 [ 6.7616660e-02  1.7379054e-01  9.8232540e-01  1.3479000e+02]
 [ 9.9589980e-01  4.4905160e-02 -7.6329960e-02 -1.1718400e+03]
 [ 0.0000000e+00  0.0000000e+00  0.0000000e+00  1.0000000e+00]]
[-0157.95, +0069.89, -1108.65]
1942, 1642, 1700
[[-5.7014400e-02  9.8372112e-01 -1.6910656e-01 -2.6100000e+01]
 [ 6.8251520e-02  1.7305470e-01  9.8236734e-01  1.3479000e+02]
 [ 9.9581424e-01  4.4683540e-02 -7.6837140e-02 -1.1718500e+03]
 [ 0.0000000e+00  0.0000000e+00  0.0000000e+00  1.0000000e+00]]
[-0109.24, +0063.24, -1090.02]
2093, 1313, 811
[[-5.6279860e-02  9.8391190e-01 -1.6824750e-01 -2.6000000e+01]
 [ 6.8238500e-02  1.7213852e-01  9.8252982e-01  1.3473000e+02]
 [ 9.9585810e-01  4.4030820e-02 -7.6659380e-02 -1.1718700e+03]
 [ 0.0000000e+00  0.0000000e+00  0.0000000e+00  1.0000000e+00]]
[-0042.02, +0082.01, -1129.57]
1988, 1592, 1819
[[-5.7145220e-02  9.8369418e-01 -1.6911468e-01 -2.6100000e+01]
 [ 6.7637220e-02  1.7306326e-01  9.8239428e-01  1.3476000e+02]
 [ 9.9583092e-01  4.4934120e-02 -7.6240520e-02 -1.1718300e+03]
 [ 0.0000000e+00  0.0000000e+00  0.0000000e+00  1.0000000e+00]]
[-0124.79, +0069.23, -1094.59]
1896, 856, 1109
[[-5.6445300e-02  9.8401656e-01 -1.6758142e-01 -2.5950000e+01]
 [ 6.6940400e-02  1.7142780e-01  9.8274360e-01  1.3463000e+02]
 [ 9.9593730e-01  4.4468080e-02 -7.5377460e-02 -1.1718300e+03]
 [ 0.0000000e+00  0.0000000e+00  0.0000000e+00  1.0000000e+00]]
[-0090.98, +0113.54, -1112.82]
2087, 1920, 801
[[-5.5757620e-02  9.8380806e-01 -1.6912280e-01 -2.6020000e+01]
 [ 6.9765060e-02  1.7302222e-01  9.8228040e-01  1.3495000e+02]
 [ 9.9579800e-01  4.3170000e-02 -7.8126400e-02 -1.1719400e+03]
 [ 0.0000000e+00  0.0000000e+00  0.0000000e+00  1.0000000e+00]]
[-0036.34, +0038.82, -1133.09]
1594, 2080, 1603
[[-5.7456100e-02  9.8384236e-01 -1.6841832e-01 -2.6040000e+01]
 [ 6.7533640e-02  1.7233982e-01  9.8256516e-01  1.3473000e+02]
 [ 9.9586632e-01  4.5269160e-02 -7.6195920e-02 -1.1718100e+03]
 [ 0.0000000e+00  0.0000000e+00  0.0000000e+00  1.0000000e+00]]
[-0106.62, -0006.49, -1097.76]
1065, 1369, 1347
[[-5.5124260e-02  9.8422866e-01 -1.6673818e-01 -2.5900000e+01]
 [ 6.7176420e-02  1.7050230e-01  9.8288334e-01  1.3457000e+02]
 [ 9.9598946e-01  4.3200420e-02 -7.5341800e-02 -1.1717800e+03]
 [ 0.0000000e+00  0.0000000e+00  0.0000000e+00  1.0000000e+00]]
[-0142.76, +0009.14, -1074.47]
1397, 1186, 2174
[[-5.6853620e-02  9.8395800e-01 -1.6797546e-01 -2.6070000e+01]
 [ 6.6498000e-02  1.7180000e-01  9.8273400e-01  1.3460000e+02]
 [ 9.9597546e-01  4.4886000e-02 -7.5053620e-02 -1.1717900e+03]
 [ 0.0000000e+00  0.0000000e+00  0.0000000e+00  1.0000000e+00]]
[-0192.57, +0059.69, -1129.35]
1088, 1248, 1964
[[-5.6528800e-02  9.8400000e-01 -1.6739560e-01 -2.5970000e+01]
 [ 6.6132240e-02  1.7125590e-01  9.8279418e-01  1.3457000e+02]
 [ 9.9594368e-01  4.4742300e-02 -7.4552740e-02 -1.1718000e+03]
 [ 0.0000000e+00  0.0000000e+00  0.0000000e+00  1.0000000e+00]]
[-0193.27, +0029.19, -1115.13]
1822, 1427, 2164
[[-5.7553620e-02  9.8384702e-01 -1.6860186e-01 -2.6150000e+01]
 [ 6.8125620e-02  1.7251548e-01  9.8252626e-01  1.3467000e+02]
 [ 9.9586166e-01  4.5210540e-02 -7.6837140e-02 -1.1717900e+03]
 [ 0.0000000e+00  0.0000000e+00  0.0000000e+00  1.0000000e+00]]
[-0165.64, +0072.05, -1114.58]
1731, 1081, 1954
[[-5.6396980e-02  9.8411642e-01 -1.6750158e-01 -2.6010000e+01]
 [ 6.6656420e-02  1.7124782e-01  9.8285982e-01  1.3457000e+02]
 [ 9.9604158e-01  4.4400180e-02 -7.5149160e-02 -1.1718000e+03]
 [ 0.0000000e+00  0.0000000e+00  0.0000000e+00  1.0000000e+00]]
[-0162.50, +0090.94, -1115.99]
1226, 1515, 1011
[[-5.5712320e-02  9.8415840e-01 -1.6712984e-01 -2.5890000e+01]
 [ 6.6518400e-02  1.7087950e-01  9.8288580e-01  1.3456000e+02]
 [ 9.9602984e-01  4.3834200e-02 -7.4832820e-02 -1.1718100e+03]
 [ 0.0000000e+00  0.0000000e+00  0.0000000e+00  1.0000000e+00]]
[-0089.64, +0008.17, -1075.00]
1805, 1882, 1271
[[-5.5725780e-02  9.8387858e-01 -1.6829214e-01 -2.6010000e+01]
 [ 6.7078380e-02  1.7214732e-01  9.8256314e-01  1.3467000e+02]
 [ 9.9591154e-01  4.3735260e-02 -7.5377460e-02 -1.1718300e+03]
 [ 0.0000000e+00  0.0000000e+00  0.0000000e+00  1.0000000e+00]]
[-0068.17, +0027.12, -1096.33]
838, 2091, 1810
[[-5.6217000e-02  9.8391784e-01 -1.6841012e-01 -2.5940000e+01]
 [ 6.5941880e-02  1.7216396e-01  9.8270584e-01  1.3465000e+02]
 [ 9.9604616e-01  4.4325880e-02 -7.4413000e-02 -1.1718000e+03]
 [ 0.0000000e+00  0.0000000e+00  0.0000000e+00  1.0000000e+00]]
[-0150.88, -0041.22, -1143.70]
2116, 918, 2083
[[-6.2455440e-02  9.8256100e-01 -1.7365904e-01 -2.6780000e+01]
 [ 7.0336040e-02  1.7816366e-01  9.8128060e-01  1.3514000e+02]
 [ 9.9530720e-01  4.9321960e-02 -8.0041540e-02 -1.1717800e+03]
 [ 0.0000000e+00  0.0000000e+00  0.0000000e+00  1.0000000e+00]]
[-0151.39, +0108.76, -1141.06]
1122, 1670, 1632
[[-5.6916640e-02  9.8369208e-01 -1.6912704e-01 -2.6040000e+01]
 [ 6.7455360e-02  1.7306326e-01  9.8239638e-01  1.3476000e+02]
 [ 9.9584328e-01  4.4752260e-02 -7.6011940e-02 -1.1718000e+03]
 [ 0.0000000e+00  0.0000000e+00  0.0000000e+00  1.0000000e+00]]
[-0150.00, -0008.34, -1093.22]
1936, 1507, 1004
[[-5.6606120e-02  9.8364150e-01 -1.6900686e-01 -2.6080000e+01]
 [ 6.8375700e-02  1.7305030e-01  9.8226510e-01  1.3479000e+02]
 [ 9.9571014e-01  4.4377500e-02 -7.6792580e-02 -1.1718300e+03]
 [ 0.0000000e+00  0.0000000e+00  0.0000000e+00  1.0000000e+00]]
[-0052.03, +0065.07, -1106.34]
1400, 824, 1651
[[-5.7310420e-02  9.8379934e-01 -1.6844934e-01 -2.6060000e+01]
 [ 6.6339340e-02  1.7235182e-01  9.8260818e-01  1.3469000e+02]
 [ 9.9590934e-01  4.5371820e-02 -7.4958600e-02 -1.1718100e+03]
 [ 0.0000000e+00  0.0000000e+00  0.0000000e+00  1.0000000e+00]]
[-0170.08, +0091.47, -1105.67]
824, 1965, 1846
[[-5.6867880e-02  9.8358024e-01 -1.6995392e-01 -2.6050000e+01]
 [ 6.6240640e-02  1.7380278e-01  9.8237046e-01  1.3478000e+02]
 [ 9.9595512e-01  4.4826940e-02 -7.4864100e-02 -1.1718100e+03]
 [ 0.0000000e+00  0.0000000e+00  0.0000000e+00  1.0000000e+00]]
[-0161.26, -0037.77, -1142.15]
1677, 1007, 1248
[[-5.6590740e-02  9.8396268e-01 -1.6836750e-01 -2.6000000e+01]
 [ 6.7318200e-02  1.7215160e-01  9.8266100e-01  1.3470000e+02]
 [ 9.9599118e-01  4.4405240e-02 -7.5878500e-02 -1.1718300e+03]
 [ 0.0000000e+00  0.0000000e+00  0.0000000e+00  1.0000000e+00]]
[-0106.13, +0096.36, -1089.01]
