750, 750, 750
[[-7.5719240e-02  9.6534936e-01 -2.4851124e-01 -1.8093000e+02]
 [ 4.1669640e-02  2.5237468e-01  9.6651288e-01  7.3460000e+01]
 [ 9.9595224e-01  6.3119880e-02 -5.9118920e-02 -1.1885900e+03]
 [ 0.0000000e+00  0.0000000e+00  0.0000000e+00  1.0000000e+00]]
[-0275.94, -0030.00, -1064.94]
937, 937, 937
[[-7.6434280e-02  9.6520392e-01 -2.4966188e-01 -1.8106000e+02]
 [ 4.2369480e-02  2.5341564e-01  9.6635448e-01  7.3540000e+01]
 [ 9.9606952e-01  6.3384120e-02 -6.0191080e-02 -1.1885800e+03]
 [ 0.0000000e+00  0.0000000e+00  0.0000000e+00  1.0000000e+00]]
[-0275.59, -0030.51, -1072.35]
750, 750, 750
[[-7.6418920e-02  9.6541866e-01 -2.4843174e-01 -1.8094000e+02]
 [ 4.0893660e-02  2.5218782e-01  9.6666702e-01  7.3450000e+01]
 [ 9.9603174e-01  6.3907980e-02 -5.8606100e-02 -1.1886100e+03]
 [ 0.0000000e+00  0.0000000e+00  0.0000000e+00  1.0000000e+00]]
[-0275.99, -0030.23, -1064.86]
1124, 1124, 1124
[[-7.6844800e-02  9.6492336e-01 -2.5003152e-01 -1.8111000e+02]
 [ 4.1877600e-02  2.5392430e-01  9.6613710e-01  7.3560000e+01]
 [ 9.9591120e-01  6.4012020e-02 -5.9743540e-02 -1.1886000e+03]
 [ 0.0000000e+00  0.0000000e+00  0.0000000e+00  1.0000000e+00]]
[-0274.30, -0029.54, -1079.39]
750, 750, 750
[[-7.5658560e-02  9.6554440e-01 -2.4855560e-01 -1.8094000e+02]
 [ 4.1303600e-02  2.5219982e-01  9.6671422e-01  7.3470000e+01]
 [ 9.9616760e-01  6.2979220e-02 -5.8883380e-02 -1.1886000e+03]
 [ 0.0000000e+00  0.0000000e+00  0.0000000e+00  1.0000000e+00]]
[-0275.87, -0029.91, -1064.95]
1311, 1311, 1311
[[-7.6967200e-02  9.6485216e-01 -2.5061888e-01 -1.8114000e+02]
 [ 4.2054400e-02  2.5444440e-01  9.6605560e-01  7.3610000e+01]
 [ 9.9598240e-01  6.3971120e-02 -6.0044560e-02 -1.1886200e+03]
 [ 0.0000000e+00  0.0000000e+00  0.0000000e+00  1.0000000e+00]]
[-0272.54, -0028.46, -1086.44]
750, 750, 750
[[-7.4777320e-02  9.6547474e-01 -2.4847198e-01 -1.8092000e+02]
 [ 4.1095660e-02  2.5220366e-01  9.6661094e-01  7.3480000e+01]
 [ 9.9608782e-01  6.2322460e-02 -5.8348020e-02 -1.1886900e+03]
 [ 0.0000000e+00  0.0000000e+00  0.0000000e+00  1.0000000e+00]]
[-0275.72, -0029.91, -1065.00]
1498, 1498, 1498
[[-7.6137460e-02  9.6486830e-01 -2.5047856e-01 -1.8111000e+02]
 [ 4.0948940e-02  2.5426574e-01  9.6609040e-01  7.3610000e+01]
 [ 9.9600880e-01  6.3534560e-02 -5.8694760e-02 -1.1885900e+03]
 [ 0.0000000e+00  0.0000000e+00  0.0000000e+00  1.0000000e+00]]
[-0271.61, -0026.58, -1093.67]
750, 750, 750
[[-7.4535720e-02  9.6555276e-01 -2.4843992e-01 -1.8083000e+02]
 [ 3.9627760e-02  2.5201692e-01  9.6675636e-01  7.3430000e+01]
 [ 9.9621492e-01  6.2418640e-02 -5.6893800e-02 -1.1885300e+03]
 [ 0.0000000e+00  0.0000000e+00  0.0000000e+00  1.0000000e+00]]
[-0275.63, -0029.68, -1064.74]
1685, 1685, 1685
[[-8.3002420e-02  9.6413980e-01 -2.5132264e-01 -1.8128000e+02]
 [ 4.5954200e-02  2.5581720e-01  9.6549640e-01  7.3720000e+01]
 [ 9.9529736e-01  6.8771600e-02 -6.5405380e-02 -1.1882000e+03]
 [ 0.0000000e+00  0.0000000e+00  0.0000000e+00  1.0000000e+00]]
[-0270.91, -0025.87, -1100.43]
750, 750, 750
[[-8.3730600e-02  9.6507604e-01 -2.4752432e-01 -1.8104000e+02]
 [ 4.5310880e-02  2.5199996e-01  9.6654124e-01  7.3510000e+01]
 [ 9.9528236e-01  6.9880480e-02 -6.4705000e-02 -1.1883700e+03]
 [ 0.0000000e+00  0.0000000e+00  0.0000000e+00  1.0000000e+00]]
[-0275.56, -0029.90, -1064.91]
1872, 1872, 1872
[[-8.6597320e-02  9.6399864e-01 -2.5067196e-01 -1.8142000e+02]
 [ 4.6613160e-02  2.5544620e-01  9.6556728e-01  7.3780000e+01]
 [ 9.9496584e-01  7.2108120e-02 -6.6925480e-02 -1.1883500e+03]
 [ 0.0000000e+00  0.0000000e+00  0.0000000e+00  1.0000000e+00]]
[-0268.45, -0026.99, -1107.36]
750, 750, 750
[[-8.3371140e-02  9.6508690e-01 -2.4736268e-01 -1.8105000e+02]
 [ 4.4551180e-02  2.5182030e-01  9.6658076e-01  7.3510000e+01]
 [ 9.9528700e-01  6.9788600e-02 -6.3824400e-02 -1.1883900e+03]
 [ 0.0000000e+00  0.0000000e+00  0.0000000e+00  1.0000000e+00]]
[-0275.50, -0029.93, -1064.88]
2059, 2059, 2059
[[-8.6722600e-02  9.6380894e-01 -2.5134562e-01 -1.8152000e+02]
 [ 4.6668460e-02  2.5613628e-01  9.6537986e-01  7.3790000e+01]
 [ 9.9494942e-01  7.2170260e-02 -6.7059880e-02 -1.1883500e+03]
 [ 0.0000000e+00  0.0000000e+00  0.0000000e+00  1.0000000e+00]]
[-0271.10, -0028.23, -1115.21]
750, 750, 750
[[-8.3730600e-02  9.6495770e-01 -2.4761190e-01 -1.8105000e+02]
 [ 4.5192540e-02  2.5217070e-01  9.6643622e-01  7.3490000e+01]
 [ 9.9519478e-01  6.9985500e-02 -6.4534260e-02 -1.1883800e+03]
 [ 0.0000000e+00  0.0000000e+00  0.0000000e+00  1.0000000e+00]]
[-0275.47, -0029.96, -1064.89]
2246, 2246, 2246
[[-8.7211780e-02  9.6345808e-01 -2.5247272e-01 -1.8164000e+02]
 [ 4.7157280e-02  2.5734542e-01  9.6502652e-01  7.3850000e+01]
 [ 9.9487192e-01  7.2446680e-02 -6.7737360e-02 -1.1883400e+03]
 [ 0.0000000e+00  0.0000000e+00  0.0000000e+00  1.0000000e+00]]
[-0270.60, -0030.57, -1122.33]
750, 750, 750
[[-8.3380360e-02  9.6495354e-01 -2.4781342e-01 -1.8105000e+02]
 [ 4.5433380e-02  2.5235020e-01  9.6638994e-01  7.3470000e+01]
 [ 9.9522994e-01  6.9558420e-02 -6.4705000e-02 -1.1883400e+03]
 [ 0.0000000e+00  0.0000000e+00  0.0000000e+00  1.0000000e+00]]
[-0275.52, -0030.11, -1064.90]
2433, 2433, 2433
[[-8.7575880e-02  9.6326548e-01 -2.5313220e-01 -1.8169000e+02]
 [ 4.7384520e-02  2.5803462e-01  9.6484070e-01  7.3850000e+01]
 [ 9.9484220e-01  7.2680700e-02 -6.8110500e-02 -1.1883600e+03]
 [ 0.0000000e+00  0.0000000e+00  0.0000000e+00  1.0000000e+00]]
[-0270.79, -0030.97, -1124.41]
937, 937, 937
[[-8.4039200e-02  9.6471000e-01 -2.4885720e-01 -1.8115000e+02]
 [ 4.5820080e-02  2.5338736e-01  9.6615720e-01  7.3460000e+01]
 [ 9.9523656e-01  6.9955920e-02 -6.5376800e-02 -1.1883500e+03]
 [ 0.0000000e+00  0.0000000e+00  0.0000000e+00  1.0000000e+00]]
[-0274.40, -0030.31, -1072.09]
750, 750, 750
[[-8.3143700e-02  9.6507402e-01 -2.4773916e-01 -1.8108000e+02]
 [ 4.5378780e-02  2.5217942e-01  9.6649284e-01  7.3480000e+01]
 [ 9.9533076e-01  6.9280440e-02 -6.4639120e-02 -1.1883600e+03]
 [ 0.0000000e+00  0.0000000e+00  0.0000000e+00  1.0000000e+00]]
[-0275.75, -0030.52, -1064.83]
937, 937, 937
[[-8.4801160e-02  9.6454906e-01 -2.4893798e-01 -1.8120000e+02]
 [ 4.5203980e-02  2.5354454e-01  9.6609466e-01  7.3530000e+01]
 [ 9.9512894e-01  7.0904180e-02 -6.4931460e-02 -1.1883600e+03]
 [ 0.0000000e+00  0.0000000e+00  0.0000000e+00  1.0000000e+00]]
[-0275.50, -0030.90, -1072.40]
1124, 1124, 1124
[[-8.5049160e-02  9.6453210e-01 -2.4928702e-01 -1.8125000e+02]
 [ 4.6377020e-02  2.5390350e-01  9.6601014e-01  7.3570000e+01]
 [ 9.9514590e-01  7.0740700e-02 -6.6220500e-02 -1.1883300e+03]
 [ 0.0000000e+00  0.0000000e+00  0.0000000e+00  1.0000000e+00]]
[-0273.63, -0030.28, -1079.52]
937, 937, 937
[[-8.4626100e-02  9.6462438e-01 -2.4852374e-01 -1.8117000e+02]
 [ 4.5839420e-02  2.5320798e-01  9.6612066e-01  7.3530000e+01]
 [ 9.9506934e-01  7.0641260e-02 -6.5443080e-02 -1.1883300e+03]
 [ 0.0000000e+00  0.0000000e+00  0.0000000e+00  1.0000000e+00]]
[-0274.68, -0029.83, -1072.10]
1311, 1311, 1311
[[-8.4812100e-02  9.6447216e-01 -2.4971252e-01 -1.8129000e+02]
 [ 4.5792320e-02  2.5424454e-01  9.6596844e-01  7.3590000e+01]
 [ 9.9522156e-01  7.0607480e-02 -6.5642400e-02 -1.1883500e+03]
 [ 0.0000000e+00  0.0000000e+00  0.0000000e+00  1.0000000e+00]]
[-0273.05, -0028.03, -1086.63]
937, 937, 937
[[-8.4090580e-02  9.6473608e-01 -2.4847870e-01 -1.8115000e+02]
 [ 4.5215920e-02  2.5303292e-01  9.6623240e-01  7.3490000e+01]
 [ 9.9519490e-01  7.0241200e-02 -6.4732500e-02 -1.1883500e+03]
 [ 0.0000000e+00  0.0000000e+00  0.0000000e+00  1.0000000e+00]]
[-0274.29, -0029.97, -1071.99]
1498, 1498, 1498
[[-8.5461200e-02  9.6418596e-01 -2.5006872e-01 -1.8132000e+02]
 [ 4.5471000e-02  2.5475120e-01  9.6575660e-01  7.3620000e+01]
 [ 9.9504840e-01  7.1406280e-02 -6.5434960e-02 -1.1883900e+03]
 [ 0.0000000e+00  0.0000000e+00  0.0000000e+00  1.0000000e+00]]
[-0270.99, -0027.19, -1093.69]
937, 937, 937
[[-8.4152340e-02  9.6474724e-01 -2.4846310e-01 -1.8116000e+02]
 [ 4.5612200e-02  2.5303736e-01  9.6622124e-01  7.3500000e+01]
 [ 9.9518374e-01  7.0190600e-02 -6.5139940e-02 -1.1883400e+03]
 [ 0.0000000e+00  0.0000000e+00  0.0000000e+00  1.0000000e+00]]
[-0274.20, -0029.94, -1071.99]
1685, 1685, 1685
[[-8.4761680e-02  9.6417780e-01 -2.5047168e-01 -1.8138000e+02]
 [ 4.5953400e-02  2.5511000e-01  9.6566280e-01  7.3670000e+01]
 [ 9.9511968e-01  7.0551600e-02 -6.5775680e-02 -1.1883400e+03]
 [ 0.0000000e+00  0.0000000e+00  0.0000000e+00  1.0000000e+00]]
[-0271.38, -0025.66, -1100.73]
937, 937, 937
[[-8.3915520e-02  9.6474944e-01 -2.4847648e-01 -1.8116000e+02]
 [ 4.5439360e-02  2.5303736e-01  9.6621904e-01  7.3490000e+01]
 [ 9.9519712e-01  7.0017760e-02 -6.4903120e-02 -1.1883600e+03]
 [ 0.0000000e+00  0.0000000e+00  0.0000000e+00  1.0000000e+00]]
[-0274.14, -0030.22, -1072.01]
1872, 1872, 1872
[[-8.5473220e-02  9.6399014e-01 -2.5093044e-01 -1.8142000e+02]
 [ 4.5940540e-02  2.5562102e-01  9.6552468e-01  7.3690000e+01]
 [ 9.9505404e-01  7.1214120e-02 -6.5976200e-02 -1.1883400e+03]
 [ 0.0000000e+00  0.0000000e+00  0.0000000e+00  1.0000000e+00]]
[-0268.53, -0026.61, -1107.47]
937, 937, 937
[[-8.4204040e-02  9.6474248e-01 -2.4829064e-01 -1.8115000e+02]
 [ 4.4802160e-02  2.5285326e-01  9.6627658e-01  7.3490000e+01]
 [ 9.9517288e-01  7.0495460e-02 -6.4325140e-02 -1.1883500e+03]
 [ 0.0000000e+00  0.0000000e+00  0.0000000e+00  1.0000000e+00]]
[-0274.22, -0030.16, -1072.03]
2059, 2059, 2059
[[-8.6547860e-02  9.6364122e-01 -2.5184292e-01 -1.8153000e+02]
 [ 4.6361220e-02  2.5665134e-01  9.6522132e-01  7.3760000e+01]
 [ 9.9492708e-01  7.2091320e-02 -6.6719560e-02 -1.1883300e+03]
 [ 0.0000000e+00  0.0000000e+00  0.0000000e+00  1.0000000e+00]]
[-0271.07, -0028.33, -1115.15]
937, 937, 937
[[-8.3565520e-02  9.6477616e-01 -2.4847216e-01 -1.8113000e+02]
 [ 4.5886240e-02  2.5304600e-01  9.6619232e-01  7.3510000e+01]
 [ 9.9520144e-01  6.9570880e-02 -6.5244480e-02 -1.1883000e+03]
 [ 0.0000000e+00  0.0000000e+00  0.0000000e+00  1.0000000e+00]]
[-0274.23, -0029.99, -1072.06]
2246, 2246, 2246
[[-8.7100360e-02  9.6345206e-01 -2.5266050e-01 -1.8164000e+02]
 [ 4.7571100e-02  2.5752444e-01  9.6498106e-01  7.3860000e+01]
 [ 9.9489406e-01  7.2191300e-02 -6.8145160e-02 -1.1882900e+03]
 [ 0.0000000e+00  0.0000000e+00  0.0000000e+00  1.0000000e+00]]
[-0270.61, -0030.69, -1122.30]
937, 937, 937
[[-8.3853800e-02  9.6482586e-01 -2.4861042e-01 -1.8112000e+02]
 [ 4.4955540e-02  2.5303292e-01  9.6631546e-01  7.3480000e+01]
 [ 9.9532662e-01  6.9983060e-02 -6.4495720e-02 -1.1883100e+03]
 [ 0.0000000e+00  0.0000000e+00  0.0000000e+00  1.0000000e+00]]
[-0274.26, -0030.10, -1072.04]
2433, 2433, 2433
[[-8.6625000e-02  9.6324296e-01 -2.5339372e-01 -1.8161000e+02]
 [ 4.6489400e-02  2.5820460e-01  9.6481160e-01  7.3740000e+01]
 [ 9.9492920e-01  7.2011720e-02 -6.6989640e-02 -1.1881700e+03]
 [ 0.0000000e+00  0.0000000e+00  0.0000000e+00  1.0000000e+00]]
[-0270.53, -0031.30, -1124.19]
1124, 1124, 1124
[[-8.3689360e-02  9.6455636e-01 -2.4935216e-01 -1.8116000e+02]
 [ 4.5736840e-02  2.5390782e-01  9.6598588e-01  7.3550000e+01]
 [ 9.9521536e-01  6.9653480e-02 -6.5206180e-02 -1.1881500e+03]
 [ 0.0000000e+00  0.0000000e+00  0.0000000e+00  1.0000000e+00]]
[-0273.34, -0030.48, -1079.24]
750, 750, 750
[[-8.2907080e-02  9.6495786e-01 -2.4783994e-01 -1.8099000e+02]
 [ 4.5087540e-02  2.5235020e-01  9.6638562e-01  7.3430000e+01]
 [ 9.9525646e-01  6.9212580e-02 -6.4231720e-02 -1.1881400e+03]
 [ 0.0000000e+00  0.0000000e+00  0.0000000e+00  1.0000000e+00]]
[-0275.21, -0030.51, -1064.65]
1124, 1124, 1124
[[-8.4163200e-02  9.6449000e-01 -2.4973720e-01 -1.8117000e+02]
 [ 4.5670480e-02  2.5424894e-01  9.6595060e-01  7.3520000e+01]
 [ 9.9525064e-01  7.0038520e-02 -6.5338900e-02 -1.1881700e+03]
 [ 0.0000000e+00  0.0000000e+00  0.0000000e+00  1.0000000e+00]]
[-0273.09, -0030.42, -1079.25]
937, 937, 937
[[-8.2793620e-02  9.6485894e-01 -2.4864574e-01 -1.8108000e+02]
 [ 4.4883940e-02  2.5304172e-01  9.6628238e-01  7.3480000e+01]
 [ 9.9537074e-01  6.9017620e-02 -6.4126900e-02 -1.1881700e+03]
 [ 0.0000000e+00  0.0000000e+00  0.0000000e+00  1.0000000e+00]]
[-0274.52, -0030.08, -1071.84]
1124, 1124, 1124
[[-8.4513040e-02  9.6449420e-01 -2.4953568e-01 -1.8119000e+02]
 [ 4.5429320e-02  2.5406960e-01  9.6599724e-01  7.3520000e+01]
 [ 9.9521520e-01  7.0465800e-02 -6.5168400e-02 -1.1881800e+03]
 [ 0.0000000e+00  0.0000000e+00  0.0000000e+00  1.0000000e+00]]
[-0273.71, -0030.18, -1079.28]
1311, 1311, 1311
[[-8.4338100e-02  9.6447660e-01 -2.4973940e-01 -1.8122000e+02]
 [ 4.5446920e-02  2.5424454e-01  9.6596400e-01  7.3570000e+01]
 [ 9.9524844e-01  7.0262080e-02 -6.5168400e-02 -1.1881900e+03]
 [ 0.0000000e+00  0.0000000e+00  0.0000000e+00  1.0000000e+00]]
[-0272.01, -0028.03, -1086.38]
1124, 1124, 1124
[[-8.3627400e-02  9.6466360e-01 -2.4928020e-01 -1.8115000e+02]
 [ 4.5459000e-02  2.5373292e-01  9.6610216e-01  7.3490000e+01]
 [ 9.9531400e-01  6.9599160e-02 -6.4969320e-02 -1.1881500e+03]
 [ 0.0000000e+00  0.0000000e+00  0.0000000e+00  1.0000000e+00]]
[-0273.59, -0030.24, -1079.16]
1498, 1498, 1498
[[-8.2928040e-02  9.6423746e-01 -2.5035722e-01 -1.8114000e+02]
 [ 4.5174620e-02  2.5494390e-01  9.6565414e-01  7.3470000e+01]
 [ 9.9518434e-01  6.9099820e-02 -6.4457700e-02 -1.1880500e+03]
 [ 0.0000000e+00  0.0000000e+00  0.0000000e+00  1.0000000e+00]]
[-0270.37, -0027.62, -1093.27]
1124, 1124, 1124
[[-8.3442000e-02  9.6457380e-01 -2.4900240e-01 -1.8107000e+02]
 [ 4.4563560e-02  2.5354910e-01  9.6606992e-01  7.3460000e+01]
 [ 9.9519792e-01  6.9816800e-02 -6.3917860e-02 -1.1880300e+03]
 [ 0.0000000e+00  0.0000000e+00  0.0000000e+00  1.0000000e+00]]
[-0273.38, -0030.18, -1079.03]
1685, 1685, 1685
[[-8.5123700e-02  9.6404856e-01 -2.5072002e-01 -1.8140000e+02]
 [ 4.6593840e-02  2.5545952e-01  9.6551736e-01  7.3670000e+01]
 [ 9.9502722e-01  7.0746960e-02 -6.6487220e-02 -1.1883100e+03]
 [ 0.0000000e+00  0.0000000e+00  0.0000000e+00  1.0000000e+00]]
[-0271.41, -0025.75, -1100.75]
1124, 1124, 1124
[[-8.5399080e-02  9.6453602e-01 -2.4908542e-01 -1.8123000e+02]
 [ 4.6136020e-02  2.5372412e-01  9.6605698e-01  7.3510000e+01]
 [ 9.9511042e-01  7.1168020e-02 -6.6049960e-02 -1.1883100e+03]
 [ 0.0000000e+00  0.0000000e+00  0.0000000e+00  1.0000000e+00]]
[-0273.43, -0030.05, -1079.43]
1872, 1872, 1872
[[-8.6185120e-02  9.6392080e-01 -2.5130168e-01 -1.8149000e+02]
 [ 4.6046000e-02  2.5596150e-01  9.6549170e-01  7.3650000e+01]
 [ 9.9507568e-01  7.1771500e-02 -6.6347620e-02 -1.1883200e+03]
 [ 0.0000000e+00  0.0000000e+00  0.0000000e+00  1.0000000e+00]]
[-0270.88, -0026.46, -1107.93]
1124, 1124, 1124
[[-8.3215680e-02  9.6459160e-01 -2.4917296e-01 -1.8115000e+02]
 [ 4.5597200e-02  2.5373720e-01  9.6600140e-01  7.3510000e+01]
 [ 9.9521104e-01  6.9288200e-02 -6.4903120e-02 -1.1881600e+03]
 [ 0.0000000e+00  0.0000000e+00  0.0000000e+00  1.0000000e+00]]
[-0273.25, -0030.02, -1079.26]
2059, 2059, 2059
[[-8.5486240e-02  9.6388136e-01 -2.5191080e-01 -1.8146000e+02]
 [ 4.6322800e-02  2.5649016e-01  9.6537736e-01  7.3690000e+01]
 [ 9.9517864e-01  7.0936400e-02 -6.6517840e-02 -1.1881600e+03]
 [ 0.0000000e+00  0.0000000e+00  0.0000000e+00  1.0000000e+00]]
[-0271.10, -0028.18, -1114.97]
1124, 1124, 1124
[[-8.4327400e-02  9.6452278e-01 -2.4917074e-01 -1.8120000e+02]
 [ 4.4652460e-02  2.5371500e-01  9.6607022e-01  7.3490000e+01]
 [ 9.9518662e-01  7.0578460e-02 -6.4287240e-02 -1.1882900e+03]
 [ 0.0000000e+00  0.0000000e+00  0.0000000e+00  1.0000000e+00]]
[-0273.38, -0030.12, -1079.36]
2246, 2246, 2246
[[-8.7449480e-02  9.6327384e-01 -2.5295844e-01 -1.8164000e+02]
 [ 4.6798440e-02  2.5785548e-01  9.6488392e-01  7.3830000e+01]
 [ 9.9483384e-01  7.2763880e-02 -6.7465000e-02 -1.1882600e+03]
 [ 0.0000000e+00  0.0000000e+00  0.0000000e+00  1.0000000e+00]]
[-0270.59, -0030.82, -1122.19]
1124, 1124, 1124
[[-8.4750020e-02  9.6431700e-01 -2.4928524e-01 -1.8123000e+02]
 [ 4.5777000e-02  2.5406960e-01  9.6582900e-01  7.3530000e+01]
 [ 9.9496476e-01  7.0809000e-02 -6.5405380e-02 -1.1882800e+03]
 [ 0.0000000e+00  0.0000000e+00  0.0000000e+00  1.0000000e+00]]
[-0273.48, -0030.32, -1079.42]
2433, 2433, 2433
[[-8.8400680e-02  9.6308234e-01 -2.5340238e-01 -1.8170000e+02]
 [ 4.6956140e-02  2.5836518e-01  9.6474834e-01  7.3850000e+01]
 [ 9.9475398e-01  7.3597860e-02 -6.7906500e-02 -1.1882700e+03]
 [ 0.0000000e+00  0.0000000e+00  0.0000000e+00  1.0000000e+00]]
[-0270.81, -0031.15, -1124.36]
1311, 1311, 1311
[[-8.4637200e-02  9.6433604e-01 -2.5000372e-01 -1.8127000e+02]
 [ 4.5691400e-02  2.5458990e-01  9.6583010e-01  7.3530000e+01]
 [ 9.9516740e-01  7.0508780e-02 -6.5471940e-02 -1.1882600e+03]
 [ 0.0000000e+00  0.0000000e+00  0.0000000e+00  1.0000000e+00]]
[-0273.27, -0030.17, -1086.46]
750, 750, 750
[[-8.3967300e-02  9.6498150e-01 -2.4812880e-01 -1.8106000e+02]
 [ 4.4866020e-02  2.5251206e-01  9.6648440e-01  7.3410000e+01]
 [ 9.9536136e-01  7.0112480e-02 -6.4429600e-02 -1.1882900e+03]
 [ 0.0000000e+00  0.0000000e+00  0.0000000e+00  1.0000000e+00]]
[-0275.45, -0030.24, -1064.80]
1311, 1311, 1311
[[-8.4400180e-02  9.6425082e-01 -2.4989866e-01 -1.8126000e+02]
 [ 4.5606180e-02  2.5458990e-01  9.6574266e-01  7.3530000e+01]
 [ 9.9506234e-01  7.0421340e-02 -6.5234920e-02 -1.1882300e+03]
 [ 0.0000000e+00  0.0000000e+00  0.0000000e+00  1.0000000e+00]]
[-0272.21, -0028.14, -1086.41]
937, 937, 937
[[-8.4265680e-02  9.6481028e-01 -2.4859936e-01 -1.8114000e+02]
 [ 4.4904920e-02  2.5302840e-01  9.6633104e-01  7.3470000e+01]
 [ 9.9531104e-01  7.0379360e-02 -6.4561920e-02 -1.1882700e+03]
 [ 0.0000000e+00  0.0000000e+00  0.0000000e+00  1.0000000e+00]]
[-0274.34, -0029.74, -1072.02]
1311, 1311, 1311
[[-8.5049160e-02  9.6438248e-01 -2.4958048e-01 -1.8126000e+02]
 [ 4.6052480e-02  2.5424454e-01  9.6588542e-01  7.3570000e+01]
 [ 9.9508952e-01  7.0865420e-02 -6.5879460e-02 -1.1882300e+03]
 [ 0.0000000e+00  0.0000000e+00  0.0000000e+00  1.0000000e+00]]
[-0272.02, -0027.93, -1086.44]
1124, 1124, 1124
[[-8.4389200e-02  9.6453384e-01 -2.4915508e-01 -1.8120000e+02]
 [ 4.5048720e-02  2.5371960e-01  9.6605916e-01  7.3520000e+01]
 [ 9.9517556e-01  7.0527720e-02 -6.4694560e-02 -1.1882600e+03]
 [ 0.0000000e+00  0.0000000e+00  0.0000000e+00  1.0000000e+00]]
[-0273.87, -0029.98, -1079.32]
1311, 1311, 1311
[[-8.4812100e-02  9.6435364e-01 -2.4979998e-01 -1.8126000e+02]
 [ 4.5673800e-02  2.5441500e-01  9.6586340e-01  7.3560000e+01]
 [ 9.9513410e-01  7.0712520e-02 -6.5471940e-02 -1.1882500e+03]
 [ 0.0000000e+00  0.0000000e+00  0.0000000e+00  1.0000000e+00]]
[-0272.17, -0027.79, -1086.51]
1498, 1498, 1498
[[-8.4462340e-02  9.6423098e-01 -2.5008894e-01 -1.8129000e+02]
 [ 4.5796460e-02  2.5476476e-01  9.6571158e-01  7.3590000e+01]
 [ 9.9508218e-01  7.0390260e-02 -6.5471940e-02 -1.1882500e+03]
 [ 0.0000000e+00  0.0000000e+00  0.0000000e+00  1.0000000e+00]]
[-0271.09, -0026.75, -1093.56]
1311, 1311, 1311
[[-8.5275080e-02  9.6439500e-01 -2.4920460e-01 -1.8122000e+02]
 [ 4.5225000e-02  2.5388542e-01  9.6597450e-01  7.3630000e+01]
 [ 9.9504540e-01  7.1374500e-02 -6.5064500e-02 -1.1882800e+03]
 [ 0.0000000e+00  0.0000000e+00  0.0000000e+00  1.0000000e+00]]
[-0273.45, -0029.58, -1086.27]
1685, 1685, 1685
[[-8.5236000e-02  9.6420460e-01 -2.5023860e-01 -1.8137000e+02]
 [ 4.6504600e-02  2.5493958e-01  9.6568700e-01  7.3840000e+01]
 [ 9.9506140e-01  7.0877000e-02 -6.6420420e-02 -1.1882200e+03]
 [ 0.0000000e+00  0.0000000e+00  0.0000000e+00  1.0000000e+00]]
[-0271.41, -0025.53, -1100.66]
1311, 1311, 1311
[[-8.4101160e-02  9.6439136e-01 -2.4963432e-01 -1.8124000e+02]
 [ 4.5361680e-02  2.5424454e-01  9.6587654e-01  7.3530000e+01]
 [ 9.9514336e-01  7.0174620e-02 -6.4931460e-02 -1.1882600e+03]
 [ 0.0000000e+00  0.0000000e+00  0.0000000e+00  1.0000000e+00]]
[-0273.49, -0029.46, -1086.44]
1872, 1872, 1872
[[-8.5660900e-02  9.6396178e-01 -2.5129496e-01 -1.8143000e+02]
 [ 4.6717100e-02  2.5597494e-01  9.6545072e-01  7.3680000e+01]
 [ 9.9508240e-01  7.1100400e-02 -6.6858400e-02 -1.1882400e+03]
 [ 0.0000000e+00  0.0000000e+00  0.0000000e+00  1.0000000e+00]]
[-0270.70, -0026.80, -1107.84]
1311, 1311, 1311
[[-8.4863040e-02  9.6446736e-01 -2.4954024e-01 -1.8124000e+02]
 [ 4.4982240e-02  2.5406048e-01  9.6602408e-01  7.3550000e+01]
 [ 9.9521064e-01  7.0912880e-02 -6.4827520e-02 -1.1882600e+03]
 [ 0.0000000e+00  0.0000000e+00  0.0000000e+00  1.0000000e+00]]
[-0273.43, -0029.53, -1086.42]
2059, 2059, 2059
[[-8.7072200e-02  9.6371874e-01 -2.5176258e-01 -1.8154000e+02]
 [ 4.5808740e-02  2.5646716e-01  9.6536754e-01  7.3730000e+01]
 [ 9.9500742e-01  7.2657540e-02 -6.6379400e-02 -1.1883000e+03]
 [ 0.0000000e+00  0.0000000e+00  0.0000000e+00  1.0000000e+00]]
[-0271.14, -0028.02, -1115.10]
1311, 1311, 1311
[[-8.4575080e-02  9.6450542e-01 -2.4952002e-01 -1.8125000e+02]
 [ 4.5825580e-02  2.5407404e-01  9.6598602e-01  7.3560000e+01]
 [ 9.9520398e-01  7.0414980e-02 -6.5575880e-02 -1.1882400e+03]
 [ 0.0000000e+00  0.0000000e+00  0.0000000e+00  1.0000000e+00]]
[-0274.00, -0028.64, -1086.37]
2246, 2246, 2246
[[-8.6974120e-02  9.6327848e-01 -2.5298612e-01 -1.8166000e+02]
 [ 4.6453880e-02  2.5785548e-01  9.6487928e-01  7.3820000e+01]
 [ 9.9486152e-01  7.2419320e-02 -6.6989640e-02 -1.1882500e+03]
 [ 0.0000000e+00  0.0000000e+00  0.0000000e+00  1.0000000e+00]]
[-0270.75, -0030.74, -1122.28]
1311, 1311, 1311
[[-8.4812100e-02  9.6435364e-01 -2.4979998e-01 -1.8126000e+02]
 [ 4.5673800e-02  2.5441500e-01  9.6586340e-01  7.3550000e+01]
 [ 9.9513410e-01  7.0712520e-02 -6.5471940e-02 -1.1882400e+03]
 [ 0.0000000e+00  0.0000000e+00  0.0000000e+00  1.0000000e+00]]
[-0274.01, -0028.74, -1086.39]
2433, 2433, 2433
[[-8.7702600e-02  9.6305112e-01 -2.5327424e-01 -1.8170000e+02]
 [ 4.7938880e-02  2.5838358e-01  9.6460734e-01  7.3850000e+01]
 [ 9.9464424e-01  7.2787340e-02 -6.8586180e-02 -1.1882100e+03]
 [ 0.0000000e+00  0.0000000e+00  0.0000000e+00  1.0000000e+00]]
[-0270.81, -0031.19, -1124.35]
1498, 1498, 1498
[[-8.5224100e-02  9.6418828e-01 -2.5008224e-01 -1.8130000e+02]
 [ 4.5298360e-02  2.5475120e-01  9.6575428e-01  7.3550000e+01]
 [ 9.9506192e-01  7.1233640e-02 -6.5197860e-02 -1.1882400e+03]
 [ 0.0000000e+00  0.0000000e+00  0.0000000e+00  1.0000000e+00]]
[-0271.84, -0030.03, -1093.33]
750, 750, 750
[[-8.3442000e-02  9.6481552e-01 -2.4809136e-01 -1.8105000e+02]
 [ 4.5505440e-02  2.5269600e-01  9.6625408e-01  7.3400000e+01]
 [ 9.9516208e-01  6.9632640e-02 -6.4770960e-02 -1.1882400e+03]
 [ 0.0000000e+00  0.0000000e+00  0.0000000e+00  1.0000000e+00]]
[-0275.76, -0030.18, -1064.80]
1498, 1498, 1498
[[-8.4287520e-02  9.6421332e-01 -2.5029268e-01 -1.8131000e+02]
 [ 4.5814120e-02  2.5493958e-01  9.6567828e-01  7.3610000e+01]
 [ 9.9511548e-01  7.0186520e-02 -6.5471940e-02 -1.1882500e+03]
 [ 0.0000000e+00  0.0000000e+00  0.0000000e+00  1.0000000e+00]]
[-0271.14, -0026.46, -1093.56]
937, 937, 937
[[-8.4152340e-02  9.6471634e-01 -2.4866904e-01 -1.8115000e+02]
 [ 4.5406260e-02  2.5320798e-01  9.6620152e-01  7.3470000e+01]
 [ 9.9521464e-01  7.0210320e-02 -6.4969320e-02 -1.1882500e+03]
 [ 0.0000000e+00  0.0000000e+00  0.0000000e+00  1.0000000e+00]]
[-0274.37, -0029.80, -1072.02]
1498, 1498, 1498
[[-8.4987040e-02  9.6415956e-01 -2.5030172e-01 -1.8132000e+02]
 [ 4.4919720e-02  2.5492150e-01  9.6573204e-01  7.3560000e+01]
 [ 9.9510644e-01  7.1080920e-02 -6.4790500e-02 -1.1882900e+03]
 [ 0.0000000e+00  0.0000000e+00  0.0000000e+00  1.0000000e+00]]
[-0271.01, -0026.75, -1093.57]
1124, 1124, 1124
[[-8.3977320e-02  9.6458038e-01 -2.4896026e-01 -1.8120000e+02]
 [ 4.5305380e-02  2.5355358e-01  9.6606334e-01  7.3520000e+01]
 [ 9.9516026e-01  7.0111660e-02 -6.4798740e-02 -1.1882500e+03]
 [ 0.0000000e+00  0.0000000e+00  0.0000000e+00  1.0000000e+00]]
[-0273.59, -0029.89, -1079.34]
1498, 1498, 1498
[[-8.4637200e-02  9.6418644e-01 -2.5029712e-01 -1.8132000e+02]
 [ 4.5366920e-02  2.5493070e-01  9.6570516e-01  7.3590000e+01]
 [ 9.9511104e-01  7.0633720e-02 -6.5131140e-02 -1.1882700e+03]
 [ 0.0000000e+00  0.0000000e+00  0.0000000e+00  1.0000000e+00]]
[-0271.13, -0026.77, -1093.66]
1311, 1311, 1311
[[-8.4750020e-02  9.6449196e-01 -2.4952224e-01 -1.8124000e+02]
 [ 4.5602040e-02  2.5406960e-01  9.6599948e-01  7.3550000e+01]
 [ 9.9520176e-01  7.0638520e-02 -6.5405380e-02 -1.1882400e+03]
 [ 0.0000000e+00  0.0000000e+00  0.0000000e+00  1.0000000e+00]]
[-0273.73, -0029.59, -1086.40]
1498, 1498, 1498
[[-8.4349800e-02  9.6422462e-01 -2.5027706e-01 -1.8131000e+02]
 [ 4.6210340e-02  2.5494390e-01  9.6566698e-01  7.3560000e+01]
 [ 9.9510418e-01  7.0135540e-02 -6.5879460e-02 -1.1882400e+03]
 [ 0.0000000e+00  0.0000000e+00  0.0000000e+00  1.0000000e+00]]
[-0271.11, -0026.62, -1093.57]
1685, 1685, 1685
[[-8.5822900e-02  9.6411278e-01 -2.5064154e-01 -1.8137000e+02]
 [ 4.5817900e-02  2.5527134e-01  9.6567678e-01  7.3640000e+01]
 [ 9.9510570e-01  7.1536500e-02 -6.5976200e-02 -1.1882600e+03]
 [ 0.0000000e+00  0.0000000e+00  0.0000000e+00  1.0000000e+00]]
[-0270.95, -0026.56, -1100.73]
1498, 1498, 1498
[[-8.4874260e-02  9.6433382e-01 -2.4999024e-01 -1.8127000e+02]
 [ 4.5864060e-02  2.5458990e-01  9.6583232e-01  7.3560000e+01]
 [ 9.9515392e-01  7.0681440e-02 -6.5709000e-02 -1.1882200e+03]
 [ 0.0000000e+00  0.0000000e+00  0.0000000e+00  1.0000000e+00]]
[-0271.51, -0028.99, -1093.40]
1872, 1872, 1872
[[-8.5535700e-02  9.6376422e-01 -2.5108936e-01 -1.8142000e+02]
 [ 4.6099460e-02  2.5596606e-01  9.6530328e-01  7.3660000e+01]
 [ 9.9486792e-01  7.1373040e-02 -6.6043200e-02 -1.1882400e+03]
 [ 0.0000000e+00  0.0000000e+00  0.0000000e+00  1.0000000e+00]]
[-0270.35, -0026.58, -1107.81]
1498, 1498, 1498
[[-8.5286260e-02  9.6423060e-01 -2.4986040e-01 -1.8128000e+02]
 [ 4.5900600e-02  2.5458542e-01  9.6576288e-01  7.3550000e+01]
 [ 9.9501960e-01  7.1162880e-02 -6.5775680e-02 -1.1882200e+03]
 [ 0.0000000e+00  0.0000000e+00  0.0000000e+00  1.0000000e+00]]
[-0271.49, -0029.51, -1093.40]
2059, 2059, 2059
[[-8.6547860e-02  9.6352248e-01 -2.5193028e-01 -1.8152000e+02]
 [ 4.6242480e-02  2.5682144e-01  9.6511632e-01  7.3700000e+01]
 [ 9.9483972e-01  7.2196320e-02 -6.6549460e-02 -1.1882500e+03]
 [ 0.0000000e+00  0.0000000e+00  0.0000000e+00  1.0000000e+00]]
[-0270.91, -0028.41, -1115.06]
1498, 1498, 1498
[[-8.5111360e-02  9.6418192e-01 -2.5027016e-01 -1.8129000e+02]
 [ 4.5712160e-02  2.5493070e-01  9.6570968e-01  7.3550000e+01]
 [ 9.9508408e-01  7.0978960e-02 -6.5605300e-02 -1.1882500e+03]
 [ 0.0000000e+00  0.0000000e+00  0.0000000e+00  1.0000000e+00]]
[-0272.04, -0030.45, -1093.37]
2246, 2246, 2246
[[-8.7148740e-02  9.6326468e-01 -2.5298846e-01 -1.8165000e+02]
 [ 4.6230040e-02  2.5785080e-01  9.6489308e-01  7.3810000e+01]
 [ 9.9485918e-01  7.2643160e-02 -6.6819700e-02 -1.1882500e+03]
 [ 0.0000000e+00  0.0000000e+00  0.0000000e+00  1.0000000e+00]]
[-0270.81, -0030.86, -1122.24]
1498, 1498, 1498
[[-8.4998820e-02  9.6420678e-01 -2.5025218e-01 -1.8130000e+02]
 [ 4.6331980e-02  2.5493958e-01  9.6568482e-01  7.3570000e+01]
 [ 9.9507498e-01  7.0704380e-02 -6.6183240e-02 -1.1882200e+03]
 [ 0.0000000e+00  0.0000000e+00  0.0000000e+00  1.0000000e+00]]
[-0271.58, -0029.73, -1093.35]
2433, 2433, 2433
[[-8.7750420e-02  9.6310102e-01 -2.5342794e-01 -1.8170000e+02]
 [ 4.6835580e-02  2.5836990e-01  9.6472966e-01  7.3810000e+01]
 [ 9.9478426e-01  7.3029540e-02 -6.7600680e-02 -1.1882200e+03]
 [ 0.0000000e+00  0.0000000e+00  0.0000000e+00  1.0000000e+00]]
[-0270.80, -0031.29, -1124.32]
1685, 1685, 1685
[[-8.5348500e-02  9.6414852e-01 -2.5046264e-01 -1.8134000e+02]
 [ 4.5678760e-02  2.5510104e-01  9.6569208e-01  7.3580000e+01]
 [ 9.9510168e-01  7.1171440e-02 -6.5672100e-02 -1.1882400e+03]
 [ 0.0000000e+00  0.0000000e+00  0.0000000e+00  1.0000000e+00]]
[-0273.59, -0030.52, -1100.53]
750, 750, 750
[[-8.3082180e-02  9.6491390e-01 -2.4804798e-01 -1.8104000e+02]
 [ 4.4658300e-02  2.5251654e-01  9.6637910e-01  7.3400000e+01]
 [ 9.9528502e-01  6.9455700e-02 -6.3890280e-02 -1.1882400e+03]
 [ 0.0000000e+00  0.0000000e+00  0.0000000e+00  1.0000000e+00]]
[-0275.44, -0030.78, -1064.85]
1685, 1685, 1685
[[-8.5535700e-02  9.6412014e-01 -2.5082722e-01 -1.8139000e+02]
 [ 4.6455380e-02  2.5545516e-01  9.6561834e-01  7.3630000e+01]
 [ 9.9513006e-01  7.1057980e-02 -6.6554100e-02 -1.1882200e+03]
 [ 0.0000000e+00  0.0000000e+00  0.0000000e+00  1.0000000e+00]]
[-0271.34, -0025.81, -1100.70]
937, 937, 937
[[-8.4440820e-02  9.6470936e-01 -2.4848326e-01 -1.8115000e+02]
 [ 4.4769040e-02  2.5302380e-01  9.6625912e-01  7.3470000e+01]
 [ 9.9519034e-01  7.0688080e-02 -6.4391380e-02 -1.1882400e+03]
 [ 0.0000000e+00  0.0000000e+00  0.0000000e+00  1.0000000e+00]]
[-0273.93, -0030.22, -1071.99]
1685, 1685, 1685
[[-8.5535700e-02  9.6403276e-01 -2.5070858e-01 -1.8139000e+02]
 [ 4.6542760e-02  2.5545516e-01  9.6553316e-01  7.3600000e+01]
 [ 9.9501142e-01  7.1143160e-02 -6.6554100e-02 -1.1882100e+03]
 [ 0.0000000e+00  0.0000000e+00  0.0000000e+00  1.0000000e+00]]
[-0271.45, -0025.97, -1100.68]
1124, 1124, 1124
[[-8.4626100e-02  9.6450062e-01 -2.4934766e-01 -1.8121000e+02]
 [ 4.5015500e-02  2.5389006e-01  9.6604162e-01  7.3500000e+01]
 [ 9.9519310e-01  7.0720300e-02 -6.4761000e-02 -1.1882300e+03]
 [ 0.0000000e+00  0.0000000e+00  0.0000000e+00  1.0000000e+00]]
[-0273.08, -0029.93, -1079.37]
1685, 1685, 1685
[[-8.5585680e-02  9.6390904e-01 -2.5062396e-01 -1.8137000e+02]
 [ 4.5614160e-02  2.5544160e-01  9.6548432e-01  7.3640000e+01]
 [ 9.9491324e-01  7.1554080e-02 -6.5568720e-02 -1.1882400e+03]
 [ 0.0000000e+00  0.0000000e+00  0.0000000e+00  1.0000000e+00]]
[-0271.45, -0025.78, -1100.68]
1311, 1311, 1311
[[-8.5049160e-02  9.6438248e-01 -2.4958048e-01 -1.8125000e+02]
 [ 4.6052480e-02  2.5424454e-01  9.6588542e-01  7.3550000e+01]
 [ 9.9508952e-01  7.0865420e-02 -6.5879460e-02 -1.1882200e+03]
 [ 0.0000000e+00  0.0000000e+00  0.0000000e+00  1.0000000e+00]]
[-0273.45, -0029.96, -1086.40]
1685, 1685, 1685
[[-8.5186260e-02  9.6406004e-01 -2.5070426e-01 -1.8137000e+02]
 [ 4.6990040e-02  2.5546380e-01  9.6550588e-01  7.3640000e+01]
 [ 9.9501574e-01  7.0695880e-02 -6.6894900e-02 -1.1881900e+03]
 [ 0.0000000e+00  0.0000000e+00  0.0000000e+00  1.0000000e+00]]
[-0270.83, -0026.83, -1100.73]
1498, 1498, 1498
[[-8.4936500e-02  9.6431400e-01 -2.5018050e-01 -1.8129000e+02]
 [ 4.6054320e-02  2.5476476e-01  9.6580120e-01  7.3540000e+01]
 [ 9.9517374e-01  7.0650320e-02 -6.5946100e-02 -1.1881900e+03]
 [ 0.0000000e+00  0.0000000e+00  0.0000000e+00  1.0000000e+00]]
[-0271.71, -0029.27, -1093.36]
1685, 1685, 1685
[[-8.5298440e-02  9.6403496e-01 -2.5072220e-01 -1.8137000e+02]
 [ 4.6370200e-02  2.5545516e-01  9.6553096e-01  7.3600000e+01]
 [ 9.9502504e-01  7.0970600e-02 -6.6316840e-02 -1.1882000e+03]
 [ 0.0000000e+00  0.0000000e+00  0.0000000e+00  1.0000000e+00]]
[-0270.97, -0026.86, -1100.71]
1872, 1872, 1872
[[-8.5835600e-02  9.6374208e-01 -2.5126584e-01 -1.8143000e+02]
 [ 4.6462080e-02  2.5614080e-01  9.6527424e-01  7.3680000e+01]
 [ 9.9487416e-01  7.1514240e-02 -6.6517840e-02 -1.1882200e+03]
 [ 0.0000000e+00  0.0000000e+00  0.0000000e+00  1.0000000e+00]]
[-0270.70, -0026.57, -1107.87]
1685, 1685, 1685
[[-8.5410820e-02  9.6407240e-01 -2.5032822e-01 -1.8131000e+02]
 [ 4.6162400e-02  2.5510556e-01  9.6559560e-01  7.3550000e+01]
 [ 9.9497178e-01  7.1205600e-02 -6.6079620e-02 -1.1882200e+03]
 [ 0.0000000e+00  0.0000000e+00  0.0000000e+00  1.0000000e+00]]
[-0271.66, -0027.77, -1100.25]
2059, 2059, 2059
[[-8.7022900e-02  9.6360520e-01 -2.5202150e-01 -1.8154000e+02]
 [ 4.6499920e-02  2.5682144e-01  9.6520600e-01  7.3680000e+01]
 [ 9.9493094e-01  7.2456080e-02 -6.7024500e-02 -1.1882200e+03]
 [ 0.0000000e+00  0.0000000e+00  0.0000000e+00  1.0000000e+00]]
[-0270.87, -0028.49, -1115.06]
1685, 1685, 1685
[[-8.5286260e-02  9.6416840e-01 -2.5027244e-01 -1.8130000e+02]
 [ 4.5488560e-02  2.5492614e-01  9.6572320e-01  7.3550000e+01]
 [ 9.9508180e-01  7.1202560e-02 -6.5434960e-02 -1.1882100e+03]
 [ 0.0000000e+00  0.0000000e+00  0.0000000e+00  1.0000000e+00]]
[-0273.36, -0030.58, -1100.54]
2246, 2246, 2246
[[-8.721178e-02  9.633950e-01 -2.528850e-01 -1.816500e+02]
 [ 4.674500e-02  2.576855e-01  9.649866e-01  7.379000e+01]
 [ 9.949350e-01  7.248660e-02 -6.739728e-02 -1.188210e+03]
 [ 0.000000e+00  0.000000e+00  0.000000e+00  1.000000e+00]]
[-0270.83, -0030.64, -1122.22]
1685, 1685, 1685
[[-8.5348500e-02  9.6417966e-01 -2.5025662e-01 -1.8133000e+02]
 [ 4.5884780e-02  2.5493070e-01  9.6571194e-01  7.3590000e+01]
 [ 9.9507054e-01  7.1151580e-02 -6.5842440e-02 -1.1882000e+03]
 [ 0.0000000e+00  0.0000000e+00  0.0000000e+00  1.0000000e+00]]
[-0273.66, -0030.67, -1100.57]
2433, 2433, 2433
[[-8.7575880e-02  9.6323384e-01 -2.5333836e-01 -1.8169000e+02]
 [ 4.7178360e-02  2.5820460e-01  9.6482072e-01  7.3830000e+01]
 [ 9.9487384e-01  7.2700680e-02 -6.7940520e-02 -1.1882000e+03]
 [ 0.0000000e+00  0.0000000e+00  0.0000000e+00  1.0000000e+00]]
[-0270.93, -0031.17, -1124.30]
1872, 1872, 1872
[[-8.4812100e-02  9.6414194e-01 -2.5050538e-01 -1.8136000e+02]
 [ 4.4937340e-02  2.5509644e-01  9.6569866e-01  7.3580000e+01]
 [ 9.9513982e-01  7.0877260e-02 -6.4790500e-02 -1.1882600e+03]
 [ 0.0000000e+00  0.0000000e+00  0.0000000e+00  1.0000000e+00]]
[-0273.44, -0030.77, -1107.87]
750, 750, 750
[[-8.3257320e-02  9.6490070e-01 -2.4805022e-01 -1.8104000e+02]
 [ 4.4434900e-02  2.5251206e-01  9.6639230e-01  7.3390000e+01]
 [ 9.9528278e-01  6.9679100e-02 -6.3719620e-02 -1.1882100e+03]
 [ 0.0000000e+00  0.0000000e+00  0.0000000e+00  1.0000000e+00]]
[-0275.57, -0030.63, -1064.86]
1872, 1872, 1872
[[-8.6010340e-02  9.6384708e-01 -2.5118072e-01 -1.8144000e+02]
 [ 4.6357080e-02  2.5596606e-01  9.6539292e-01  7.3630000e+01]
 [ 9.9495928e-01  7.1632920e-02 -6.6517840e-02 -1.1882200e+03]
 [ 0.0000000e+00  0.0000000e+00  0.0000000e+00  1.0000000e+00]]
[-0270.63, -0026.86, -1107.79]
937, 937, 937
[[-8.3442000e-02  9.6472300e-01 -2.4870900e-01 -1.8112000e+02]
 [ 4.4887800e-02  2.5320798e-01  9.6619486e-01  7.3440000e+01]
 [ 9.9525460e-01  6.9691860e-02 -6.4258980e-02 -1.1882200e+03]
 [ 0.0000000e+00  0.0000000e+00  0.0000000e+00  1.0000000e+00]]
[-0273.90, -0030.09, -1072.03]
1872, 1872, 1872
[[-8.6010340e-02  9.6384708e-01 -2.5118072e-01 -1.8142000e+02]
 [ 4.6357080e-02  2.5596606e-01  9.6539292e-01  7.3630000e+01]
 [ 9.9495928e-01  7.1632920e-02 -6.6517840e-02 -1.1882000e+03]
 [ 0.0000000e+00  0.0000000e+00  0.0000000e+00  1.0000000e+00]]
[-0270.37, -0027.11, -1107.61]
1124, 1124, 1124
[[-8.4451080e-02  9.6451402e-01 -2.4934538e-01 -1.8120000e+02]
 [ 4.5239020e-02  2.5389462e-01  9.6602822e-01  7.3510000e+01]
 [ 9.9519538e-01  7.0496780e-02 -6.4931460e-02 -1.1882200e+03]
 [ 0.0000000e+00  0.0000000e+00  0.0000000e+00  1.0000000e+00]]
[-0273.18, -0029.91, -1079.38]
1872, 1872, 1872
[[-8.6597320e-02  9.6381738e-01 -2.5117162e-01 -1.8144000e+02]
 [ 4.6082220e-02  2.5595686e-01  9.6542262e-01  7.3650000e+01]
 [ 9.9494098e-01  7.2252780e-02 -6.6414820e-02 -1.1882300e+03]
 [ 0.0000000e+00  0.0000000e+00  0.0000000e+00  1.0000000e+00]]
[-0270.80, -0026.69, -1107.85]
1311, 1311, 1311
[[-8.4688020e-02  9.6436230e-01 -2.4962544e-01 -1.8124000e+02]
 [ 4.5087300e-02  2.5423550e-01  9.6590560e-01  7.3520000e+01]
 [ 9.9512544e-01  7.0794400e-02 -6.4827520e-02 -1.1882100e+03]
 [ 0.0000000e+00  0.0000000e+00  0.0000000e+00  1.0000000e+00]]
[-0273.10, -0029.91, -1086.43]
1872, 1872, 1872
[[-8.6122600e-02  9.6382206e-01 -2.5119898e-01 -1.8145000e+02]
 [ 4.5737220e-02  2.5595686e-01  9.6541794e-01  7.3650000e+01]
 [ 9.9496834e-01  7.1907780e-02 -6.5940100e-02 -1.1882500e+03]
 [ 0.0000000e+00  0.0000000e+00  0.0000000e+00  1.0000000e+00]]
[-0270.88, -0026.31, -1107.84]
1498, 1498, 1498
[[-8.4812100e-02  9.6432258e-01 -2.5000596e-01 -1.8127000e+02]
 [ 4.5467820e-02  2.5458542e-01  9.6584356e-01  7.3540000e+01]
 [ 9.9516516e-01  7.0732360e-02 -6.5301520e-02 -1.1882000e+03]
 [ 0.0000000e+00  0.0000000e+00  0.0000000e+00  1.0000000e+00]]
[-0271.72, -0030.13, -1093.27]
1872, 1872, 1872
[[-8.4836980e-02  9.6387466e-01 -2.5140522e-01 -1.8143000e+02]
 [ 4.6700860e-02  2.5615388e-01  9.6531414e-01  7.3630000e+01]
 [ 9.9502662e-01  7.0413060e-02 -6.6554100e-02 -1.1881800e+03]
 [ 0.0000000e+00  0.0000000e+00  0.0000000e+00  1.0000000e+00]]
[-0270.82, -0026.28, -1107.82]
1685, 1685, 1685
[[-8.5348500e-02  9.6406108e-01 -2.5034406e-01 -1.8134000e+02]
 [ 4.5766200e-02  2.5510104e-01  9.6560692e-01  7.3580000e+01]
 [ 9.9498310e-01  7.1256600e-02 -6.5672100e-02 -1.1882200e+03]
 [ 0.0000000e+00  0.0000000e+00  0.0000000e+00  1.0000000e+00]]
[-0271.50, -0027.68, -1100.34]
1872, 1872, 1872
[[-8.6297460e-02  9.6392708e-01 -2.5111390e-01 -1.8142000e+02]
 [ 4.5632200e-02  2.5578200e-01  9.6553660e-01  7.3630000e+01]
 [ 9.9505342e-01  7.2026440e-02 -6.5940100e-02 -1.1882300e+03]
 [ 0.0000000e+00  0.0000000e+00  0.0000000e+00  1.0000000e+00]]
[-0270.64, -0026.30, -1107.82]
2059, 2059, 2059
[[-8.6310400e-02  9.6364352e-01 -2.5185664e-01 -1.8152000e+02]
 [ 4.6188800e-02  2.5665134e-01  9.6521902e-01  7.3690000e+01]
 [ 9.9494080e-01  7.1918900e-02 -6.6482100e-02 -1.1882200e+03]
 [ 0.0000000e+00  0.0000000e+00  0.0000000e+00  1.0000000e+00]]
[-0271.13, -0028.52, -1115.10]
1872, 1872, 1872
[[-8.5648040e-02  9.6412638e-01 -2.5063926e-01 -1.8134000e+02]
 [ 4.6041540e-02  2.5527590e-01  9.6566318e-01  7.3580000e+01]
 [ 9.9510798e-01  7.1312860e-02 -6.6146500e-02 -1.1882100e+03]
 [ 0.0000000e+00  0.0000000e+00  0.0000000e+00  1.0000000e+00]]
[-0270.93, -0027.59, -1107.46]
2246, 2246, 2246
[[-8.6261380e-02  9.6328544e-01 -2.5302734e-01 -1.8164000e+02]
 [ 4.5937040e-02  2.5785548e-01  9.6487232e-01  7.3760000e+01]
 [ 9.9490274e-01  7.1902480e-02 -6.6276900e-02 -1.1882200e+03]
 [ 0.0000000e+00  0.0000000e+00  0.0000000e+00  1.0000000e+00]]
[-0270.85, -0030.84, -1122.27]
1872, 1872, 1872
[[-8.4761680e-02  9.6414664e-01 -2.5067764e-01 -1.8134000e+02]
 [ 4.5747440e-02  2.5528038e-01  9.6564292e-01  7.3570000e+01]
 [ 9.9515084e-01  7.0571480e-02 -6.5605300e-02 -1.1882000e+03]
 [ 0.0000000e+00  0.0000000e+00  0.0000000e+00  1.0000000e+00]]
[-0273.28, -0030.48, -1107.84]
2433, 2433, 2433
[[-8.7338100e-02  9.6323612e-01 -2.5335226e-01 -1.8168000e+02]
 [ 4.7006120e-02  2.5820460e-01  9.6481844e-01  7.3800000e+01]
 [ 9.9488774e-01  7.2528440e-02 -6.7702740e-02 -1.1881600e+03]
 [ 0.0000000e+00  0.0000000e+00  0.0000000e+00  1.0000000e+00]]
[-0270.74, -0031.07, -1124.40]
2059, 2059, 2059
[[-8.5123700e-02  9.6401730e-01 -2.5092600e-01 -1.8139000e+02]
 [ 4.6387860e-02  2.5562990e-01  9.6549752e-01  7.3600000e+01]
 [ 9.9505848e-01  7.0766800e-02 -6.6316840e-02 -1.1882000e+03]
 [ 0.0000000e+00  0.0000000e+00  0.0000000e+00  1.0000000e+00]]
[-0271.97, -0029.66, -1115.18]
750, 750, 750
[[-8.2670500e-02  9.6496002e-01 -2.4785314e-01 -1.8102000e+02]
 [ 4.4914620e-02  2.5235020e-01  9.6638346e-01  7.3390000e+01]
 [ 9.9526966e-01  6.9039660e-02 -6.3995140e-02 -1.1881800e+03]
 [ 0.0000000e+00  0.0000000e+00  0.0000000e+00  1.0000000e+00]]
[-0275.50, -0030.62, -1064.83]
2059, 2059, 2059
[[-8.6198500e-02  9.6375602e-01 -2.5195714e-01 -1.8152000e+02]
 [ 4.6721380e-02  2.5666038e-01  9.6527894e-01  7.3680000e+01]
 [ 9.9505034e-01  7.1558740e-02 -6.7059880e-02 -1.1881900e+03]
 [ 0.0000000e+00  0.0000000e+00  0.0000000e+00  1.0000000e+00]]
[-0271.12, -0028.67, -1115.07]
937, 937, 937
[[-8.4265680e-02  9.6460432e-01 -2.4856852e-01 -1.8113000e+02]
 [ 4.4874080e-02  2.5319894e-01  9.6614072e-01  7.3440000e+01]
 [ 9.9510508e-01  7.0569680e-02 -6.4391380e-02 -1.1882000e+03]
 [ 0.0000000e+00  0.0000000e+00  0.0000000e+00  1.0000000e+00]]
[-0274.21, -0030.10, -1072.05]
2059, 2059, 2059
[[-8.6373160e-02  9.6374230e-01 -2.5195938e-01 -1.8153000e+02]
 [ 4.6497620e-02  2.5665590e-01  9.6529266e-01  7.3700000e+01]
 [ 9.9504810e-01  7.1782500e-02 -6.6889700e-02 -1.1881900e+03]
 [ 0.0000000e+00  0.0000000e+00  0.0000000e+00  1.0000000e+00]]
[-0270.87, -0028.33, -1115.13]
1124, 1124, 1124
[[-8.4688020e-02  9.6454274e-01 -2.4912598e-01 -1.8122000e+02]
 [ 4.5617740e-02  2.5372412e-01  9.6605026e-01  7.3490000e+01]
 [ 9.9515098e-01  7.0649740e-02 -6.5338900e-02 -1.1881900e+03]
 [ 0.0000000e+00  0.0000000e+00  0.0000000e+00  1.0000000e+00]]
[-0273.00, -0029.65, -1079.43]
2059, 2059, 2059
[[-8.6547860e-02  9.6364122e-01 -2.5184292e-01 -1.8153000e+02]
 [ 4.6361220e-02  2.5665134e-01  9.6522132e-01  7.3670000e+01]
 [ 9.9492708e-01  7.2091320e-02 -6.6719560e-02 -1.1882000e+03]
 [ 0.0000000e+00  0.0000000e+00  0.0000000e+00  1.0000000e+00]]
[-0271.21, -0028.61, -1115.09]
1311, 1311, 1311
[[-8.5337040e-02  9.6434420e-01 -2.4960084e-01 -1.8126000e+02]
 [ 4.5209160e-02  2.5423086e-01  9.6592370e-01  7.3540000e+01]
 [ 9.9509620e-01  7.1363340e-02 -6.5131140e-02 -1.1882100e+03]
 [ 0.0000000e+00  0.0000000e+00  0.0000000e+00  1.0000000e+00]]
[-0273.56, -0029.43, -1086.46]
2059, 2059, 2059
[[-8.6198500e-02  9.6375602e-01 -2.5195714e-01 -1.8153000e+02]
 [ 4.6721380e-02  2.5666038e-01  9.6527894e-01  7.3700000e+01]
 [ 9.9505034e-01  7.1558740e-02 -6.7059880e-02 -1.1881900e+03]
 [ 0.0000000e+00  0.0000000e+00  0.0000000e+00  1.0000000e+00]]
[-0271.10, -0028.38, -1115.11]
1498, 1498, 1498
[[-8.4874260e-02  9.6445236e-01 -2.4990280e-01 -1.8129000e+02]
 [ 4.5982600e-02  2.5441944e-01  9.6593736e-01  7.3560000e+01]
 [ 9.9524136e-01  7.0576400e-02 -6.5879460e-02 -1.1881700e+03]
 [ 0.0000000e+00  0.0000000e+00  0.0000000e+00  1.0000000e+00]]
[-0271.64, -0029.74, -1093.36]
2059, 2059, 2059
[[-8.5660900e-02  9.6366174e-01 -2.5188168e-01 -1.8152000e+02]
 [ 4.6067700e-02  2.5665590e-01  9.6520080e-01  7.3680000e+01]
 [ 9.9497040e-01  7.1350320e-02 -6.6177440e-02 -1.1882000e+03]
 [ 0.0000000e+00  0.0000000e+00  0.0000000e+00  1.0000000e+00]]
[-0270.91, -0028.23, -1115.11]
1685, 1685, 1685
[[-8.5698340e-02  9.6427112e-01 -2.5017374e-01 -1.8131000e+02]
 [ 4.5556160e-02  2.5475120e-01  9.6584408e-01  7.3570000e+01]
 [ 9.9515342e-01  7.1493760e-02 -6.5672100e-02 -1.1882100e+03]
 [ 0.0000000e+00  0.0000000e+00  0.0000000e+00  1.0000000e+00]]
[-0273.31, -0030.70, -1100.43]
2059, 2059, 2059
[[-8.5786420e-02  9.6368462e-01 -2.5184992e-01 -1.8152000e+02]
 [ 4.6860020e-02  2.5666478e-01  9.6517792e-01  7.3670000e+01]
 [ 9.9494752e-01  7.1247680e-02 -6.6992640e-02 -1.1881900e+03]
 [ 0.0000000e+00  0.0000000e+00  0.0000000e+00  1.0000000e+00]]
[-0270.90, -0028.22, -1115.09]
1872, 1872, 1872
[[-8.5173640e-02  9.6404348e-01 -2.5054780e-01 -1.8134000e+02]
 [ 4.5783800e-02  2.5527590e-01  9.6557350e-01  7.3580000e+01]
 [ 9.9501652e-01  7.1052860e-02 -6.5672100e-02 -1.1882000e+03]
 [ 0.0000000e+00  0.0000000e+00  0.0000000e+00  1.0000000e+00]]
[-0271.41, -0027.91, -1107.50]
2059, 2059, 2059
[[-8.6897380e-02  9.6361374e-01 -2.5184760e-01 -1.8152000e+02]
 [ 4.5913740e-02  2.5664198e-01  9.6524880e-01  7.3670000e+01]
 [ 9.9492240e-01  7.2538800e-02 -6.6379400e-02 -1.1882000e+03]
 [ 0.0000000e+00  0.0000000e+00  0.0000000e+00  1.0000000e+00]]
[-0270.90, -0028.00, -1115.12]
2246, 2246, 2246
[[-8.7211780e-02  9.6327616e-01 -2.5297230e-01 -1.8163000e+02]
 [ 4.6626160e-02  2.5785548e-01  9.6488160e-01  7.3760000e+01]
 [ 9.9484770e-01  7.2591600e-02 -6.7227300e-02 -1.1881700e+03]
 [ 0.0000000e+00  0.0000000e+00  0.0000000e+00  1.0000000e+00]]
[-0270.76, -0030.84, -1122.19]
2059, 2059, 2059
[[-8.4649300e-02  9.6402166e-01 -2.5095308e-01 -1.8139000e+02]
 [ 4.6042780e-02  2.5562990e-01  9.6549316e-01  7.3610000e+01]
 [ 9.9508556e-01  7.0421720e-02 -6.5842440e-02 -1.1881700e+03]
 [ 0.0000000e+00  0.0000000e+00  0.0000000e+00  1.0000000e+00]]
[-0270.81, -0029.09, -1114.74]
2433, 2433, 2433
[[-8.7100360e-02  9.6311954e-01 -2.5345338e-01 -1.8167000e+02]
 [ 4.6715020e-02  2.5837454e-01  9.6471114e-01  7.3770000e+01]
 [ 9.9481434e-01  7.2461220e-02 -6.7295060e-02 -1.1881700e+03]
 [ 0.0000000e+00  0.0000000e+00  0.0000000e+00  1.0000000e+00]]
[-0270.92, -0031.03, -1124.38]
2246, 2246, 2246
[[-8.6072980e-02  9.6370850e-01 -2.5145820e-01 -1.8148000e+02]
 [ 4.6428500e-02  2.5631102e-01  9.6525660e-01  7.3660000e+01]
 [ 9.9489180e-01  7.1706600e-02 -6.6585000e-02 -1.1881900e+03]
 [ 0.0000000e+00  0.0000000e+00  0.0000000e+00  1.0000000e+00]]
[-0270.61, -0028.98, -1121.76]
750, 750, 750
[[-8.2907080e-02  9.6495786e-01 -2.4783994e-01 -1.8102000e+02]
 [ 4.5087540e-02  2.5235020e-01  9.6638562e-01  7.3390000e+01]
 [ 9.9525646e-01  6.9212580e-02 -6.4231720e-02 -1.1881800e+03]
 [ 0.0000000e+00  0.0000000e+00  0.0000000e+00  1.0000000e+00]]
[-0275.43, -0030.55, -1064.81]
2246, 2246, 2246
[[-8.7449480e-02  9.6339270e-01 -2.5287114e-01 -1.8165000e+02]
 [ 4.6917300e-02  2.5768550e-01  9.6498890e-01  7.3780000e+01]
 [ 9.9492114e-01  7.2658900e-02 -6.7634980e-02 -1.1881800e+03]
 [ 0.0000000e+00  0.0000000e+00  0.0000000e+00  1.0000000e+00]]
[-0270.92, -0030.86, -1122.26]
937, 937, 937
[[-8.3503720e-02  9.6473408e-01 -2.4869352e-01 -1.8110000e+02]
 [ 4.5284080e-02  2.5321238e-01  9.6618378e-01  7.3440000e+01]
 [ 9.9524352e-01  6.9641220e-02 -6.4666340e-02 -1.1881700e+03]
 [ 0.0000000e+00  0.0000000e+00  0.0000000e+00  1.0000000e+00]]
[-0274.13, -0030.13, -1072.07]
2246, 2246, 2246
[[-8.7386400e-02  9.6334964e-01 -2.5309348e-01 -1.8165000e+02]
 [ 4.6315000e-02  2.5785080e-01  9.6498040e-01  7.3770000e+01]
 [ 9.9496420e-01  7.2730480e-02 -6.7057360e-02 -1.1882100e+03]
 [ 0.0000000e+00  0.0000000e+00  0.0000000e+00  1.0000000e+00]]
[-0270.93, -0030.88, -1122.26]
1124, 1124, 1124
[[-8.4688020e-02  9.6451176e-01 -2.4933196e-01 -1.8121000e+02]
 [ 4.5411760e-02  2.5389462e-01  9.6603048e-01  7.3480000e+01]
 [ 9.9518196e-01  7.0669520e-02 -6.5168400e-02 -1.1881700e+03]
 [ 0.0000000e+00  0.0000000e+00  0.0000000e+00  1.0000000e+00]]
[-0273.25, -0029.94, -1079.44]
2246, 2246, 2246
[[-8.7449480e-02  9.6324228e-01 -2.5316460e-01 -1.8165000e+02]
 [ 4.6592280e-02  2.5802542e-01  9.6486390e-01  7.3760000e+01]
 [ 9.9486540e-01  7.2783900e-02 -6.7295060e-02 -1.1881800e+03]
 [ 0.0000000e+00  0.0000000e+00  0.0000000e+00  1.0000000e+00]]
[-0270.93, -0030.90, -1122.23]
1311, 1311, 1311
[[-8.4400180e-02  9.6436932e-01 -2.4981122e-01 -1.8126000e+02]
 [ 4.5724680e-02  2.5441944e-01  9.6584772e-01  7.3520000e+01]
 [ 9.9514978e-01  7.0316280e-02 -6.5405380e-02 -1.1881600e+03]
 [ 0.0000000e+00  0.0000000e+00  0.0000000e+00  1.0000000e+00]]
[-0272.97, -0028.91, -1086.53]
2246, 2246, 2246
[[-8.7672840e-02  9.6322328e-01 -2.5299572e-01 -1.8165000e+02]
 [ 4.5558520e-02  2.5783628e-01  9.6493448e-01  7.3750000e+01]
 [ 9.9485192e-01  7.3314680e-02 -6.6310120e-02 -1.1882000e+03]
 [ 0.0000000e+00  0.0000000e+00  0.0000000e+00  1.0000000e+00]]
[-0270.94, -0030.79, -1122.24]
1498, 1498, 1498
[[-8.5049160e-02  9.6428924e-01 -2.5019848e-01 -1.8129000e+02]
 [ 4.5434480e-02  2.5475580e-01  9.6582596e-01  7.3540000e+01]
 [ 9.9518276e-01  7.0924880e-02 -6.5368200e-02 -1.1881800e+03]
 [ 0.0000000e+00  0.0000000e+00  0.0000000e+00  1.0000000e+00]]
[-0271.80, -0030.23, -1093.29]
2246, 2246, 2246
[[-8.673650e-02  9.633996e-01 -2.529126e-01 -1.816400e+02]
 [ 4.640040e-02  2.576855e-01  9.649820e-01  7.379000e+01]
 [ 9.949626e-01  7.214200e-02 -6.692200e-02 -1.188180e+03]
 [ 0.000000e+00  0.000000e+00  0.000000e+00  1.000000e+00]]
[-0270.82, -0030.88, -1122.21]
1685, 1685, 1685
[[-8.4936500e-02  9.6419544e-01 -2.5026792e-01 -1.8132000e+02]
 [ 4.5935760e-02  2.5493518e-01  9.6569616e-01  7.3560000e+01]
 [ 9.9508632e-01  7.0755360e-02 -6.5775680e-02 -1.1881800e+03]
 [ 0.0000000e+00  0.0000000e+00  0.0000000e+00  1.0000000e+00]]
[-0273.25, -0030.38, -1100.61]
2246, 2246, 2246
[[-8.7624100e-02  9.6337882e-01 -2.5287346e-01 -1.8164000e+02]
 [ 4.6693460e-02  2.5768086e-01  9.6500278e-01  7.3780000e+01]
 [ 9.9491882e-01  7.2882740e-02 -6.7465000e-02 -1.1881500e+03]
 [ 0.0000000e+00  0.0000000e+00  0.0000000e+00  1.0000000e+00]]
[-0270.89, -0030.93, -1122.23]
1872, 1872, 1872
[[-8.5173640e-02  9.6424948e-01 -2.5057896e-01 -1.8133000e+02]
 [ 4.5814960e-02  2.5510556e-01  9.6576372e-01  7.3580000e+01]
 [ 9.9522252e-01  7.0862640e-02 -6.5842440e-02 -1.1881800e+03]
 [ 0.0000000e+00  0.0000000e+00  0.0000000e+00  1.0000000e+00]]
[-0273.71, -0030.60, -1107.85]
2246, 2246, 2246
[[-8.7386400e-02  9.6338116e-01 -2.5288732e-01 -1.8164000e+02]
 [ 4.6521160e-02  2.5768086e-01  9.6500044e-01  7.3780000e+01]
 [ 9.9493268e-01  7.2710440e-02 -6.7227300e-02 -1.1881700e+03]
 [ 0.0000000e+00  0.0000000e+00  0.0000000e+00  1.0000000e+00]]
[-0270.82, -0030.88, -1122.19]
2059, 2059, 2059
[[-8.5236000e-02  9.6399240e-01 -2.5094400e-01 -1.8138000e+02]
 [ 4.5768000e-02  2.5562102e-01  9.6552242e-01  7.3590000e+01]
 [ 9.9506760e-01  7.1041580e-02 -6.5738980e-02 -1.1881700e+03]
 [ 0.0000000e+00  0.0000000e+00  0.0000000e+00  1.0000000e+00]]
[-0271.74, -0028.12, -1115.15]
2246, 2246, 2246
[[-8.7274900e-02  9.6328772e-01 -2.5295614e-01 -1.8163000e+02]
 [ 4.7022280e-02  2.5786008e-01  9.6487004e-01  7.3750000e+01]
 [ 9.9483614e-01  7.2540040e-02 -6.7634980e-02 -1.1881400e+03]
 [ 0.0000000e+00  0.0000000e+00  0.0000000e+00  1.0000000e+00]]
[-0270.94, -0030.72, -1122.22]
2433, 2433, 2433
[[-8.7037200e-02  9.6322688e-01 -2.5338224e-01 -1.8168000e+02]
 [ 4.6437760e-02  2.5820000e-01  9.6482768e-01  7.3770000e+01]
 [ 9.9491312e-01  7.2407840e-02 -6.7057360e-02 -1.1881700e+03]
 [ 0.0000000e+00  0.0000000e+00  0.0000000e+00  1.0000000e+00]]
[-0270.86, -0030.97, -1124.44]
2433, 2433, 2433
[[-8.7750420e-02  9.6325154e-01 -2.5313448e-01 -1.8166000e+02]
 [ 4.7160660e-02  2.5803006e-01  9.6485464e-01  7.3790000e+01]
 [ 9.9483992e-01  7.2904560e-02 -6.7940520e-02 -1.1881500e+03]
 [ 0.0000000e+00  0.0000000e+00  0.0000000e+00  1.0000000e+00]]
[-0270.67, -0030.75, -1124.49]
750, 750, 750
[[-8.3257320e-02  9.6501900e-01 -2.4796264e-01 -1.8101000e+02]
 [ 4.4553200e-02  2.5234140e-01  9.6649740e-01  7.3380000e+01]
 [ 9.9537036e-01  6.9574000e-02 -6.3890280e-02 -1.1881900e+03]
 [ 0.0000000e+00  0.0000000e+00  0.0000000e+00  1.0000000e+00]]
[-0275.59, -0030.72, -1064.89]
2433, 2433, 2433
[[-8.7639200e-02  9.6312660e-01 -2.5340940e-01 -1.8167000e+02]
 [ 4.7455560e-02  2.5837910e-01  9.6470408e-01  7.3810000e+01]
 [ 9.9477492e-01  7.2754000e-02 -6.8178340e-02 -1.1881200e+03]
 [ 0.0000000e+00  0.0000000e+00  0.0000000e+00  1.0000000e+00]]
[-0270.70, -0031.18, -1124.16]
937, 937, 937
[[-8.3617060e-02  9.6467892e-01 -2.4891714e-01 -1.8111000e+02]
 [ 4.4458440e-02  2.5337404e-01  9.6618828e-01  7.3430000e+01]
 [ 9.9528318e-01  6.9935160e-02 -6.3917860e-02 -1.1881700e+03]
 [ 0.0000000e+00  0.0000000e+00  0.0000000e+00  1.0000000e+00]]
[-0273.81, -0030.31, -1072.00]
2433, 2433, 2433
[[-8.7401380e-02  9.6312886e-01 -2.5342334e-01 -1.8168000e+02]
 [ 4.7283340e-02  2.5837910e-01  9.6470182e-01  7.3820000e+01]
 [ 9.9478886e-01  7.2581780e-02 -6.7940520e-02 -1.1881200e+03]
 [ 0.0000000e+00  0.0000000e+00  0.0000000e+00  1.0000000e+00]]
[-0270.87, -0031.20, -1124.25]
1124, 1124, 1124
[[-8.4925000e-02  9.6447850e-01 -2.4952450e-01 -1.8121000e+02]
 [ 4.5378500e-02  2.5406508e-01  9.6601294e-01  7.3470000e+01]
 [ 9.9519950e-01  7.0862060e-02 -6.5234920e-02 -1.1881500e+03]
 [ 0.0000000e+00  0.0000000e+00  0.0000000e+00  1.0000000e+00]]
[-0273.09, -0030.24, -1079.44]
2433, 2433, 2433
[[-8.7575880e-02  9.6308330e-01 -2.5363178e-01 -1.8168000e+02]
 [ 4.6853300e-02  2.5854444e-01  9.6469570e-01  7.3800000e+01]
 [ 9.9481822e-01  7.2825700e-02 -6.7600680e-02 -1.1881600e+03]
 [ 0.0000000e+00  0.0000000e+00  0.0000000e+00  1.0000000e+00]]
[-0270.76, -0031.10, -1124.36]
1311, 1311, 1311
[[-8.4338100e-02  9.6447660e-01 -2.4973940e-01 -1.8125000e+02]
 [ 4.5446920e-02  2.5424454e-01  9.6596400e-01  7.3510000e+01]
 [ 9.9524844e-01  7.0262080e-02 -6.5168400e-02 -1.1881600e+03]
 [ 0.0000000e+00  0.0000000e+00  0.0000000e+00  1.0000000e+00]]
[-0272.98, -0029.19, -1086.54]
2433, 2433, 2433
[[-8.7750420e-02  9.6318830e-01 -2.5354684e-01 -1.8170000e+02]
 [ 4.6748300e-02  2.5836990e-01  9.6481460e-01  7.3790000e+01]
 [ 9.9490316e-01  7.2944600e-02 -6.7600680e-02 -1.1881500e+03]
 [ 0.0000000e+00  0.0000000e+00  0.0000000e+00  1.0000000e+00]]
[-0270.80, -0031.14, -1124.32]
1498, 1498, 1498
[[-8.4400180e-02  9.6433826e-01 -2.5001716e-01 -1.8128000e+02]
 [ 4.5518740e-02  2.5458990e-01  9.6582788e-01  7.3520000e+01]
 [ 9.9518084e-01  7.0336120e-02 -6.5234920e-02 -1.1881700e+03]
 [ 0.0000000e+00  0.0000000e+00  0.0000000e+00  1.0000000e+00]]
[-0271.96, -0029.85, -1093.43]
2433, 2433, 2433
[[-8.7512640e-02  9.6310336e-01 -2.5344184e-01 -1.8168000e+02]
 [ 4.6663360e-02  2.5836990e-01  9.6472732e-01  7.3790000e+01]
 [ 9.9479816e-01  7.2857320e-02 -6.7362900e-02 -1.1881300e+03]
 [ 0.0000000e+00  0.0000000e+00  0.0000000e+00  1.0000000e+00]]
[-0270.84, -0031.05, -1124.36]
1685, 1685, 1685
[[-8.5585680e-02  9.6426484e-01 -2.5036164e-01 -1.8131000e+02]
 [ 4.5969960e-02  2.5493070e-01  9.6579938e-01  7.3560000e+01]
 [ 9.9517556e-01  7.1239020e-02 -6.6079620e-02 -1.1881500e+03]
 [ 0.0000000e+00  0.0000000e+00  0.0000000e+00  1.0000000e+00]]
[-0273.29, -0030.29, -1100.53]
2433, 2433, 2433
[[-8.7877060e-02  9.6321158e-01 -2.5351436e-01 -1.8168000e+02]
 [ 4.7540540e-02  2.5837910e-01  9.6479132e-01  7.3810000e+01]
 [ 9.9487988e-01  7.2841240e-02 -6.8416200e-02 -1.1881200e+03]
 [ 0.0000000e+00  0.0000000e+00  0.0000000e+00  1.0000000e+00]]
[-0270.80, -0031.11, -1124.33]
1872, 1872, 1872
[[-8.4998820e-02  9.6426300e-01 -2.5057674e-01 -1.8133000e+02]
 [ 4.6038600e-02  2.5511000e-01  9.6575020e-01  7.3580000e+01]
 [ 9.9522474e-01  7.0639000e-02 -6.6012820e-02 -1.1881500e+03]
 [ 0.0000000e+00  0.0000000e+00  0.0000000e+00  1.0000000e+00]]
[-0273.98, -0030.73, -1107.88]
2433, 2433, 2433
[[-8.7750420e-02  9.6310102e-01 -2.5342794e-01 -1.8168000e+02]
 [ 4.6835580e-02  2.5836990e-01  9.6472966e-01  7.3780000e+01]
 [ 9.9478426e-01  7.3029540e-02 -6.7600680e-02 -1.1881500e+03]
 [ 0.0000000e+00  0.0000000e+00  0.0000000e+00  1.0000000e+00]]
[-0270.81, -0030.89, -1124.44]
2059, 2059, 2059
[[-8.5061220e-02  9.6400594e-01 -2.5094176e-01 -1.8140000e+02]
 [ 4.5991660e-02  2.5562550e-01  9.6550888e-01  7.3590000e+01]
 [ 9.9506984e-01  7.0817920e-02 -6.5909280e-02 -1.1881400e+03]
 [ 0.0000000e+00  0.0000000e+00  0.0000000e+00  1.0000000e+00]]
[-0272.56, -0030.08, -1115.08]
2433, 2433, 2433
[[-8.7575880e-02  9.6320220e-01 -2.5354452e-01 -1.8168000e+02]
 [ 4.6972200e-02  2.5837454e-01  9.6480070e-01  7.3760000e+01]
 [ 9.9490548e-01  7.2720700e-02 -6.7770580e-02 -1.1881400e+03]
 [ 0.0000000e+00  0.0000000e+00  0.0000000e+00  1.0000000e+00]]
[-0270.81, -0031.09, -1124.36]
2246, 2246, 2246
[[-8.5835600e-02  9.6391680e-01 -2.5150320e-01 -1.8145000e+02]
 [ 4.6287360e-02  2.5614080e-01  9.6544448e-01  7.3640000e+01]
 [ 9.9511152e-01  7.1344000e-02 -6.6517840e-02 -1.1881500e+03]
 [ 0.0000000e+00  0.0000000e+00  0.0000000e+00  1.0000000e+00]]
[-0270.58, -0028.92, -1121.73]
