750, 750, 1350
[[-1.0138922e-01  6.9313392e-01 -7.1343222e-01 -6.8480000e+01]
 [ 6.8995920e-02  7.2045488e-01  6.9000592e-01  1.6877000e+02]
 [ 9.9230022e-01  2.0832080e-02 -1.2083434e-01 -1.1712400e+03]
 [ 0.0000000e+00  0.0000000e+00  0.0000000e+00  1.0000000e+00]]
[-0150.45, +0003.39, -1076.20]
750, 750, 1650
[[-1.0174290e-01  6.9289660e-01 -7.1350750e-01 -6.8530000e+01]
 [ 6.9451960e-02  7.2065880e-01  6.8971972e-01  1.6876000e+02]
 [ 9.9215678e-01  2.0764600e-02 -1.2139194e-01 -1.1712100e+03]
 [ 0.0000000e+00  0.0000000e+00  0.0000000e+00  1.0000000e+00]]
[-0164.88, -0008.37, -1107.04]
750, 750, 1950
[[-1.0174290e-01  6.9244084e-01 -7.1399018e-01 -6.8570000e+01]
 [ 6.8792360e-02  7.2109592e-01  6.8933956e-01  1.6872000e+02]
 [ 9.9223178e-01  2.1144760e-02 -1.2095482e-01 -1.1712000e+03]
 [ 0.0000000e+00  0.0000000e+00  0.0000000e+00  1.0000000e+00]]
[-0169.65, -0013.74, -1140.95]
750, 750, 2250
[[-1.0283202e-01  6.9168682e-01 -7.1469044e-01 -6.8650000e+01]
 [ 6.8976220e-02  7.2183798e-01  6.8857724e-01  1.6865000e+02]
 [ 9.9219724e-01  2.1579560e-02 -1.2191304e-01 -1.1711600e+03]
 [ 0.0000000e+00  0.0000000e+00  0.0000000e+00  1.0000000e+00]]
[-0163.98, -0012.32, -1167.67]
750, 1050, 1350
[[-1.0108340e-01  6.9295710e-01 -7.1368470e-01 -6.8460000e+01]
 [ 6.9451500e-02  7.2065132e-01  6.8976486e-01  1.6878000e+02]
 [ 9.9232650e-01  2.0236860e-02 -1.2094372e-01 -1.1712200e+03]
 [ 0.0000000e+00  0.0000000e+00  0.0000000e+00  1.0000000e+00]]
[-0116.86, -0013.46, -1069.74]
750, 1050, 1650
[[-1.0191986e-01  6.9218268e-01 -7.1407866e-01 -6.8560000e+01]
 [ 6.8880840e-02  7.2130700e-01  6.8907412e-01  1.6873000e+02]
 [ 9.9210918e-01  2.1233240e-02 -1.2112450e-01 -1.1712300e+03]
 [ 0.0000000e+00  0.0000000e+00  0.0000000e+00  1.0000000e+00]]
[-0138.07, -0025.23, -1096.76]
750, 1050, 1950
[[-1.0293384e-01  6.9184684e-01 -7.1430596e-01 -6.8610000e+01]
 [ 6.9095240e-02  7.2162710e-01  6.8873002e-01  1.6872000e+02]
 [ 9.9202364e-01  2.1705820e-02 -1.2202210e-01 -1.1711900e+03]
 [ 0.0000000e+00  0.0000000e+00  0.0000000e+00  1.0000000e+00]]
[-0149.47, -0030.01, -1128.35]
750, 1050, 2250
[[-1.0328840e-01  6.9120396e-01 -7.1500272e-01 -6.8710000e+01]
 [ 6.8839800e-02  7.2226670e-01  6.8811800e-01  1.6868000e+02]
 [ 9.9209520e-01  2.1963280e-02 -1.2214426e-01 -1.1711800e+03]
 [ 0.0000000e+00  0.0000000e+00  0.0000000e+00  1.0000000e+00]]
[-0150.32, -0027.04, -1154.92]
750, 1350, 750
[[-9.9663220e-02  6.9322024e-01 -7.1352270e-01 -6.8420000e+01]
 [ 7.0143760e-02  7.2040928e-01  6.8991960e-01  1.6882000e+02]
 [ 9.9234510e-01  1.8838800e-02 -1.2037650e-01 -1.1712500e+03]
 [ 0.0000000e+00  0.0000000e+00  0.0000000e+00  1.0000000e+00]]
[-0031.81, +0005.84, -1063.43]
750, 1350, 1050
[[-1.0126032e-01  6.9261060e-01 -7.1396364e-01 -6.8510000e+01]
 [ 6.9349800e-02  7.2097190e-01  6.8943160e-01  1.6879000e+02]
 [ 9.9229236e-01  2.0393200e-02 -1.2100378e-01 -1.1712400e+03]
 [ 0.0000000e+00  0.0000000e+00  0.0000000e+00  1.0000000e+00]]
[-0062.96, -0012.61, -1064.30]
750, 1350, 1350
[[-1.0174290e-01  6.9244084e-01 -7.1399018e-01 -6.8540000e+01]
 [ 6.8792360e-02  7.2109592e-01  6.8933956e-01  1.6878000e+02]
 [ 9.9223178e-01  2.1144760e-02 -1.2095482e-01 -1.1712200e+03]
 [ 0.0000000e+00  0.0000000e+00  0.0000000e+00  1.0000000e+00]]
[-0089.36, -0026.74, -1075.84]
750, 1350, 1650
[[-1.0153914e-01  6.9210758e-01 -7.1428972e-01 -6.8580000e+01]
 [ 6.8846780e-02  7.2140886e-01  6.8899292e-01  1.6877000e+02]
 [ 9.9221108e-01  2.0933720e-02 -1.2084564e-01 -1.1712100e+03]
 [ 0.0000000e+00  0.0000000e+00  0.0000000e+00  1.0000000e+00]]
[-0111.84, -0036.87, -1097.19]
750, 1350, 1950
[[-1.0224778e-01  6.9168378e-01 -7.1457914e-01 -6.8650000e+01]
 [ 6.9707220e-02  7.2181590e-01  6.8847486e-01  1.6874000e+02]
 [ 9.9206386e-01  2.0743140e-02 -1.2196132e-01 -1.1711600e+03]
 [ 0.0000000e+00  0.0000000e+00  0.0000000e+00  1.0000000e+00]]
[-0127.72, -0041.39, -1125.10]
750, 1350, 2250
[[-1.0270420e-01  6.9097290e-01 -7.1513250e-01 -6.8750000e+01]
 [ 6.9241020e-02  7.2246286e-01  6.8782530e-01  1.6869000e+02]
 [ 9.9199986e-01  2.1316980e-02 -1.2197410e-01 -1.1711500e+03]
 [ 0.0000000e+00  0.0000000e+00  0.0000000e+00  1.0000000e+00]]
[-0133.97, -0037.32, -1148.96]
750, 1650, 750
[[-1.0024730e-01  6.9308514e-01 -7.1368452e-01 -6.8430000e+01]
 [ 6.9273900e-02  7.2054190e-01  6.8989860e-01  1.6884000e+02]
 [ 9.9242820e-01  1.9797480e-02 -1.2021704e-01 -1.1712700e+03]
 [ 0.0000000e+00  0.0000000e+00  0.0000000e+00  1.0000000e+00]]
[-0012.41, -0004.08, -1088.19]
750, 1650, 1050
[[-1.0095498e-01  6.9238280e-01 -7.1407676e-01 -6.8520000e+01]
 [ 6.9856400e-02  7.2116790e-01  6.8913580e-01  1.6882000e+02]
 [ 9.9217924e-01  1.9852600e-02 -1.2111312e-01 -1.1712300e+03]
 [ 0.0000000e+00  0.0000000e+00  0.0000000e+00  1.0000000e+00]]
[-0039.18, -0021.18, -1084.10]
750, 1650, 1350
[[-1.0133554e-01  6.9228104e-01 -7.1424624e-01 -6.8560000e+01]
 [ 6.9509840e-02  7.2128480e-01  6.8908128e-01  1.6880000e+02]
 [ 9.9225456e-01  2.0287680e-02 -1.2117330e-01 -1.1712200e+03]
 [ 0.0000000e+00  0.0000000e+00  0.0000000e+00  1.0000000e+00]]
[-0063.73, -0034.52, -1090.35]
750, 1650, 1650
[[-1.0151266e-01  6.9193440e-01 -7.1452500e-01 -6.8620000e+01]
 [ 6.9408000e-02  7.2160502e-01  6.8874792e-01  1.6878000e+02]
 [ 9.9222060e-01  2.0443920e-02 -1.2123368e-01 -1.1712200e+03]
 [ 0.0000000e+00  0.0000000e+00  0.0000000e+00  1.0000000e+00]]
[-0087.19, -0044.53, -1106.48]
750, 1650, 1950
[[-1.0300930e-01  6.9142858e-01 -7.1477864e-01 -6.8690000e+01]
 [ 6.9064420e-02  7.2204878e-01  6.8831176e-01  1.6875000e+02]
 [ 9.9207464e-01  2.1667760e-02 -1.2208308e-01 -1.1712100e+03]
 [ 0.0000000e+00  0.0000000e+00  0.0000000e+00  1.0000000e+00]]
[-0105.06, -0048.48, -1128.54]
750, 1650, 2250
[[-1.0194292e-01  6.9050544e-01 -7.1598612e-01 -6.8720000e+01]
 [ 6.8653560e-02  7.2299276e-01  6.8740416e-01  1.6871000e+02]
 [ 9.9233088e-01  2.0976840e-02 -1.2108932e-01 -1.1712200e+03]
 [ 0.0000000e+00  0.0000000e+00  0.0000000e+00  1.0000000e+00]]
[-0115.80, -0043.90, -1145.98]
750, 1950, 750
[[-1.0032228e-01  6.9321116e-01 -7.1348504e-01 -6.8410000e+01]
 [ 7.0093360e-02  7.2041708e-01  6.8992868e-01  1.6892000e+02]
 [ 9.9231524e-01  1.9311920e-02 -1.2082420e-01 -1.1712800e+03]
 [ 0.0000000e+00  0.0000000e+00  0.0000000e+00  1.0000000e+00]]
[+0000.25, -0009.99, -1119.17]
750, 1950, 1050
[[-1.0095498e-01  6.9261074e-01 -7.1383564e-01 -6.8500000e+01]
 [ 7.0186060e-02  7.2094910e-01  6.8932588e-01  1.6888000e+02]
 [ 9.9214156e-01  1.9662520e-02 -1.2133192e-01 -1.1712600e+03]
 [ 0.0000000e+00  0.0000000e+00  0.0000000e+00  1.0000000e+00]]
[-0020.38, -0025.54, -1111.94]
750, 1950, 1350
[[-1.0168986e-01  6.9241138e-01 -7.1402942e-01 -6.8530000e+01]
 [ 7.0434820e-02  7.2116022e-01  6.8910722e-01  1.6884000e+02]
 [ 9.9212422e-01  1.9907420e-02 -1.2205908e-01 -1.1712300e+03]
 [ 0.0000000e+00  0.0000000e+00  0.0000000e+00  1.0000000e+00]]
[-0041.59, -0038.07, -1113.38]
750, 1950, 1650
[[-1.0148658e-01  6.9212884e-01 -7.1446854e-01 -6.8600000e+01]
 [ 7.0438440e-02  7.2147288e-01  6.8881532e-01  1.6882000e+02]
 [ 9.9224294e-01  1.9641480e-02 -1.2194970e-01 -1.1712000e+03]
 [ 0.0000000e+00  0.0000000e+00  0.0000000e+00  1.0000000e+00]]
[-0063.15, -0047.15, -1122.73]
750, 1950, 1950
[[-1.0290756e-01  6.9107804e-01 -7.1507440e-01 -6.8750000e+01]
 [ 6.8856800e-02  7.2236844e-01  6.8798204e-01  1.6877000e+02]
 [ 9.9205796e-01  2.1718400e-02 -1.2186516e-01 -1.1712000e+03]
 [ 0.0000000e+00  0.0000000e+00  0.0000000e+00  1.0000000e+00]]
[-0082.19, -0048.93, -1135.21]
750, 1950, 2250
[[-9.9890260e-02  6.8982256e-01 -7.1671628e-01 -6.8660000e+01]
 [ 7.0404320e-02  7.2366390e-01  6.8646344e-01  1.6893000e+02]
 [ 9.9226036e-01  1.8266320e-02 -1.2079720e-01 -1.1713300e+03]
 [ 0.0000000e+00  0.0000000e+00  0.0000000e+00  1.0000000e+00]]
[-0093.66, -0047.25, -1142.96]
750, 2250, 750
[[-1.0047284e-01  6.9204558e-01 -7.1439330e-01 -6.8560000e+01]
 [ 6.9805500e-02  7.2148060e-01  6.8879310e-01  1.6897000e+02]
 [ 9.9217542e-01  1.9536060e-02 -1.2072500e-01 -1.1713100e+03]
 [ 0.0000000e+00  0.0000000e+00  0.0000000e+00  1.0000000e+00]]
[+0000.57, -0008.92, -1146.70]
750, 2250, 1050
[[-1.0138500e-01  6.9149940e-01 -7.1486580e-01 -6.8620000e+01]
 [ 6.9952200e-02  7.2201158e-01  6.8824094e-01  1.6893000e+02]
 [ 9.9212460e-01  1.9936940e-02 -1.2151258e-01 -1.1712800e+03]
 [ 0.0000000e+00  0.0000000e+00  0.0000000e+00  1.0000000e+00]]
[-0012.97, -0021.84, -1138.21]
750, 2250, 1350
[[-1.0194292e-01  6.9136754e-01 -7.1488238e-01 -6.8670000e+01]
 [ 7.0023460e-02  7.2212076e-01  6.8811094e-01  1.6891000e+02]
 [ 9.9203962e-01  2.0270060e-02 -1.2196132e-01 -1.1712400e+03]
 [ 0.0000000e+00  0.0000000e+00  0.0000000e+00  1.0000000e+00]]
[-0028.88, -0032.95, -1136.09]
750, 2250, 1650
[[-1.0331314e-01  6.8928436e-01 -7.1668070e-01 -6.8950000e+01]
 [ 6.8573000e-02  7.2405816e-01  6.8621564e-01  1.6885000e+02]
 [ 9.9198886e-01  2.1937000e-02 -1.2200314e-01 -1.1712600e+03]
 [ 0.0000000e+00  0.0000000e+00  0.0000000e+00  1.0000000e+00]]
[-0045.95, -0040.88, -1138.31]
750, 2250, 1950
[[-1.0012132e-01  6.8851460e-01 -7.1799260e-01 -6.8730000e+01]
 [ 7.0365400e-02  7.2492318e-01  6.8515150e-01  1.6900000e+02]
 [ 9.9227740e-01  1.8207500e-02 -1.2098050e-01 -1.1713200e+03]
 [ 0.0000000e+00  0.0000000e+00  0.0000000e+00  1.0000000e+00]]
[-0060.75, -0044.30, -1139.76]
750, 2250, 2250
[[-1.0101312e-01  6.8802264e-01 -7.1845880e-01 -6.8800000e+01]
 [ 7.1401360e-02  7.2542688e-01  6.8454240e-01  1.6899000e+02]
 [ 9.9219960e-01  1.7924800e-02 -1.2237600e-01 -1.1712800e+03]
 [ 0.0000000e+00  0.0000000e+00  0.0000000e+00  1.0000000e+00]]
[-0063.09, -0044.66, -1139.95]
1050, 750, 1350
[[-1.0005160e-01  6.9473860e-01 -7.1178740e-01 -6.8210000e+01]
 [ 6.9132040e-02  7.1885630e-01  6.9158578e-01  1.6873000e+02]
 [ 9.9223172e-01  2.0209100e-02 -1.1986986e-01 -1.1712200e+03]
 [ 0.0000000e+00  0.0000000e+00  0.0000000e+00  1.0000000e+00]]
[-0149.48, +0041.40, -1074.52]
1050, 750, 1650
[[-1.0113796e-01  6.9435324e-01 -7.1219692e-01 -6.8310000e+01]
 [ 6.9787320e-02  7.1927254e-01  6.9113646e-01  1.6871000e+02]
 [ 9.9220996e-01  2.0333580e-02 -1.2115306e-01 -1.1711800e+03]
 [ 0.0000000e+00  0.0000000e+00  0.0000000e+00  1.0000000e+00]]
[-0167.48, +0024.43, -1100.88]
1050, 750, 1950
[[-1.0116584e-01  6.9384348e-01 -7.1268588e-01 -6.8600000e+01]
 [ 6.8236920e-02  7.1973278e-01  6.9081122e-01  1.6869000e+02]
 [ 9.9231228e-01  2.1392620e-02 -1.2010762e-01 -1.1711000e+03]
 [ 0.0000000e+00  0.0000000e+00  0.0000000e+00  1.0000000e+00]]
[-0174.80, +0012.84, -1131.52]
1050, 750, 2250
[[-1.0204884e-01  6.9316158e-01 -7.1306462e-01 -6.8510000e+01]
 [ 6.9186980e-02  7.2035286e-01  6.9002862e-01  1.6865000e+02]
 [ 9.9204198e-01  2.1292220e-02 -1.2139194e-01 -1.1711900e+03]
 [ 0.0000000e+00  0.0000000e+00  0.0000000e+00  1.0000000e+00]]
[-0171.00, +0007.02, -1158.71]
1050, 1050, 1350
[[-1.0085930e-01  6.9434946e-01 -7.1221392e-01 -6.8310000e+01]
 [ 6.9681420e-02  7.1927254e-01  6.9114024e-01  1.6876000e+02]
 [ 9.9222696e-01  2.0227680e-02 -1.2087440e-01 -1.1712100e+03]
 [ 0.0000000e+00  0.0000000e+00  0.0000000e+00  1.0000000e+00]]
[-0118.80, +0023.16, -1062.30]
1050, 1050, 1650
[[-1.0030210e-01  6.9411440e-01 -7.1248920e-01 -6.8360000e+01]
 [ 6.9140000e-02  7.1949182e-01  6.9095784e-01  1.6874000e+02]
 [ 9.9229800e-01  2.0205840e-02 -1.2009792e-01 -1.1712400e+03]
 [ 0.0000000e+00  0.0000000e+00  0.0000000e+00  1.0000000e+00]]
[-0141.99, +0007.06, -1083.87]
1050, 1050, 1950
[[-1.0250458e-01  6.9355348e-01 -7.1274152e-01 -6.8450000e+01]
 [ 7.0129480e-02  7.2001712e-01  6.9031612e-01  1.6872000e+02]
 [ 9.9201752e-01  2.0929880e-02 -1.2238746e-01 -1.1711600e+03]
 [ 0.0000000e+00  0.0000000e+00  0.0000000e+00  1.0000000e+00]]
[-0156.60, -0004.24, -1113.04]
1050, 1050, 2250
[[-1.0232770e-01  6.9307682e-01 -7.1323794e-01 -6.8540000e+01]
 [ 6.9102220e-02  7.2046220e-01  6.8995734e-01  1.6868000e+02]
 [ 9.9211326e-01  2.1465540e-02 -1.2156146e-01 -1.1711800e+03]
 [ 0.0000000e+00  0.0000000e+00  0.0000000e+00  1.0000000e+00]]
[-0159.49, -0008.41, -1141.10]
1050, 1350, 750
[[-1.0037652e-01  6.9488574e-01 -7.1189514e-01 -6.8260000e+01]
 [ 7.0707060e-02  7.1881790e-01  6.9154462e-01  1.6882000e+02]
 [ 9.9230106e-01  1.9163980e-02 -1.2125458e-01 -1.1712100e+03]
 [ 0.0000000e+00  0.0000000e+00  0.0000000e+00  1.0000000e+00]]
[-0033.17, +0042.55, -1062.12]
1050, 1350, 1050
[[-1.0085930e-01  6.9440052e-01 -7.1235324e-01 -6.8340000e+01]
 [ 6.9630360e-02  7.1927254e-01  6.9119508e-01  1.6880000e+02]
 [ 9.9236628e-01  2.0172840e-02 -1.2087440e-01 -1.1712200e+03]
 [ 0.0000000e+00  0.0000000e+00  0.0000000e+00  1.0000000e+00]]
[-0064.44, +0024.09, -1056.87]
1050, 1350, 1350
[[-1.0141666e-01  6.9412936e-01 -7.1242136e-01 -6.8390000e+01]
 [ 6.9563440e-02  7.1949182e-01  6.9094288e-01  1.6877000e+02]
 [ 9.9223016e-01  2.0629280e-02 -1.2121248e-01 -1.1712200e+03]
 [ 0.0000000e+00  0.0000000e+00  0.0000000e+00  1.0000000e+00]]
[-0091.59, +0007.93, -1062.75]
1050, 1350, 1650
[[-1.0075720e-01  6.9399952e-01 -7.1251016e-01 -6.8390000e+01]
 [ 6.9474080e-02  7.1959392e-01  6.9081104e-01  1.6877000e+02]
 [ 9.9220936e-01  2.0278240e-02 -1.2065512e-01 -1.1712300e+03]
 [ 0.0000000e+00  0.0000000e+00  0.0000000e+00  1.0000000e+00]]
[-0116.67, -0006.76, -1079.14]
1050, 1350, 1950
[[-1.0138922e-01  6.9353844e-01 -7.1281008e-01 -6.8490000e+01]
 [ 6.9706440e-02  7.2001712e-01  6.9033116e-01  1.6873000e+02]
 [ 9.9208608e-01  2.0506840e-02 -1.2127210e-01 -1.1711800e+03]
 [ 0.0000000e+00  0.0000000e+00  0.0000000e+00  1.0000000e+00]]
[-0135.65, -0017.58, -1104.75]
1050, 1350, 2250
[[-1.0202176e-01  6.9303976e-01 -7.1343944e-01 -6.8560000e+01]
 [ 6.9697040e-02  7.2054942e-01  6.8983832e-01  1.6870000e+02]
 [ 9.9219064e-01  2.0747920e-02 -1.2178018e-01 -1.1711800e+03]
 [ 0.0000000e+00  0.0000000e+00  0.0000000e+00  1.0000000e+00]]
[-0143.99, -0020.67, -1131.42]
1050, 1650, 750
[[-1.0113796e-01  6.9472020e-01 -7.1190440e-01 -6.8310000e+01]
 [ 7.0256400e-02  7.1894332e-01  6.9144852e-01  1.6885000e+02]
 [ 9.9222380e-01  2.0021520e-02 -1.2148228e-01 -1.1712300e+03]
 [ 0.0000000e+00  0.0000000e+00  0.0000000e+00  1.0000000e+00]]
[-0011.59, +0027.92, -1082.13]
1050, 1650, 1050
[[-1.0065514e-01  6.9429512e-01 -7.1241190e-01 -6.8370000e+01]
 [ 7.0014400e-02  7.1936700e-01  6.9103880e-01  1.6882000e+02]
 [ 9.9230762e-01  1.9771840e-02 -1.2098410e-01 -1.1712400e+03]
 [ 0.0000000e+00  0.0000000e+00  0.0000000e+00  1.0000000e+00]]
[-0040.19, +0010.77, -1071.10]
1050, 1650, 1350
[[-1.0121250e-01  6.9407510e-01 -7.1261930e-01 -6.8410000e+01]
 [ 6.9896420e-02  7.1958636e-01  6.9084130e-01  1.6880000e+02]
 [ 9.9231094e-01  2.0173420e-02 -1.2132210e-01 -1.1712100e+03]
 [ 0.0000000e+00  0.0000000e+00  0.0000000e+00  1.0000000e+00]]
[-0065.77, -0004.43, -1072.25]
1050, 1650, 1650
[[-1.0169540e-01  6.9353832e-01 -7.1293836e-01 -6.8470000e+01]
 [ 6.8870280e-02  7.2003932e-01  6.9043704e-01  1.6877000e+02]
 [ 9.9223656e-01  2.1237240e-02 -1.2094372e-01 -1.1712500e+03]
 [ 0.0000000e+00  0.0000000e+00  0.0000000e+00  1.0000000e+00]]
[-0091.64, -0018.62, -1083.83]
1050, 1650, 1950
[[-1.0215090e-01  6.9333492e-01 -7.1314936e-01 -6.8510000e+01]
 [ 6.9013640e-02  7.2025080e-01  6.9022272e-01  1.6875000e+02]
 [ 9.9223608e-01  2.1376960e-02 -1.2139194e-01 -1.1712200e+03]
 [ 0.0000000e+00  0.0000000e+00  0.0000000e+00  1.0000000e+00]]
[-0112.48, -0028.55, -1104.61]
1050, 1650, 2250
[[-1.0230066e-01  6.9262512e-01 -7.1357518e-01 -6.8610000e+01]
 [ 6.9384320e-02  7.2087744e-01  6.8946768e-01  1.6871000e+02]
 [ 9.9202062e-01  2.1220480e-02 -1.2173106e-01 -1.1712000e+03]
 [ 0.0000000e+00  0.0000000e+00  0.0000000e+00  1.0000000e+00]]
[-0124.93, -0030.51, -1127.47]
1050, 1950, 750
[[-1.0065514e-01  6.9438342e-01 -7.1222156e-01 -6.8330000e+01]
 [ 7.0204740e-02  7.1925726e-01  6.9110628e-01  1.6887000e+02]
 [ 9.9221932e-01  1.9704360e-02 -1.2109384e-01 -1.1712300e+03]
 [ 0.0000000e+00  0.0000000e+00  0.0000000e+00  1.0000000e+00]]
[+0002.32, +0016.41, -1109.27]
1050, 1950, 1050
[[-1.0156602e-01  6.9397750e-01 -7.1264384e-01 -6.8410000e+01]
 [ 7.0492100e-02  7.1968070e-01  6.9067720e-01  1.6885000e+02]
 [ 9.9221816e-01  1.9984000e-02 -1.2198928e-01 -1.1712300e+03]
 [ 0.0000000e+00  0.0000000e+00  0.0000000e+00  1.0000000e+00]]
[-0018.77, -0000.04, -1095.89]
1050, 1950, 1350
[[-1.0177002e-01  6.9380390e-01 -7.1268722e-01 -6.8430000e+01]
 [ 6.9829300e-02  7.1980556e-01  6.9058910e-01  1.6883000e+02]
 [ 9.9217478e-01  2.0629700e-02 -1.2166042e-01 -1.1712100e+03]
 [ 0.0000000e+00  0.0000000e+00  0.0000000e+00  1.0000000e+00]]
[-0040.88, -0014.43, -1092.51]
1050, 1950, 1650
[[-1.0156602e-01  6.9333148e-01 -7.1303814e-01 -6.8490000e+01]
 [ 6.9744120e-02  7.2022860e-01  6.9012044e-01  1.6880000e+02]
 [ 9.9210266e-01  2.0540760e-02 -1.2144138e-01 -1.1712000e+03]
 [ 0.0000000e+00  0.0000000e+00  0.0000000e+00  1.0000000e+00]]
[-0065.39, -0027.72, -1098.55]
1050, 1950, 1950
[[-1.0174290e-01  6.9289660e-01 -7.1350750e-01 -6.8570000e+01]
 [ 6.9451960e-02  7.2065880e-01  6.8971972e-01  1.6877000e+02]
 [ 9.9215678e-01  2.0764600e-02 -1.2139194e-01 -1.1712200e+03]
 [ 0.0000000e+00  0.0000000e+00  0.0000000e+00  1.0000000e+00]]
[-0086.77, -0036.15, -1112.63]
1050, 1950, 2250
[[-1.0173988e-01  6.9154132e-01 -7.1483932e-01 -6.8640000e+01]
 [ 7.0686680e-02  7.2199614e-01  6.8819902e-01  1.6881000e+02]
 [ 9.9208268e-01  1.9623980e-02 -1.2228898e-01 -1.1711900e+03]
 [ 0.0000000e+00  0.0000000e+00  0.0000000e+00  1.0000000e+00]]
[-0102.42, -0035.70, -1125.89]
1050, 2250, 750
[[-1.0141096e-01  6.9249612e-01 -7.1385624e-01 -6.8510000e+01]
 [ 7.0519560e-02  7.2105080e-01  6.8917872e-01  1.6893000e+02]
 [ 9.9205272e-01  1.9734240e-02 -1.2188960e-01 -1.1712500e+03]
 [ 0.0000000e+00  0.0000000e+00  0.0000000e+00  1.0000000e+00]]
[+0004.81, +0011.36, -1136.43]
1050, 2250, 1050
[[-1.0158820e-01  6.9242850e-01 -7.1403330e-01 -6.8550000e+01]
 [ 7.0696620e-02  7.2115246e-01  6.8909010e-01  1.6889000e+02]
 [ 9.9212034e-01  1.9645620e-02 -1.2216850e-01 -1.1712300e+03]
 [ 0.0000000e+00  0.0000000e+00  0.0000000e+00  1.0000000e+00]]
[-0008.22, -0002.17, -1123.15]
1050, 2250, 1350
[[-1.0186714e-01  6.9220426e-01 -7.1425728e-01 -6.8590000e+01]
 [ 7.0472380e-02  7.2137126e-01  6.8889624e-01  1.6885000e+02]
 [ 9.9214104e-01  1.9941120e-02 -1.2222864e-01 -1.1712400e+03]
 [ 0.0000000e+00  0.0000000e+00  0.0000000e+00  1.0000000e+00]]
[-0025.48, -0015.86, -1116.86]
1050, 2250, 1650
[[-1.0158820e-01  6.9174420e-01 -7.1475660e-01 -6.8640000e+01]
 [ 6.9707400e-02  7.2180838e-01  6.8851986e-01  1.6883000e+02]
 [ 9.9223380e-01  2.0215860e-02 -1.2151258e-01 -1.1712500e+03]
 [ 0.0000000e+00  0.0000000e+00  0.0000000e+00  1.0000000e+00]]
[-0045.62, -0027.99, -1117.90]
1050, 2250, 1950
[[-1.0143562e-01  6.9040046e-01 -7.1591600e-01 -6.8740000e+01]
 [ 6.9874540e-02  7.2306438e-01  6.8714200e-01  1.6887000e+02]
 [ 9.9212200e-01  1.9844000e-02 -1.2152500e-01 -1.1712500e+03]
 [ 0.0000000e+00  0.0000000e+00  0.0000000e+00  1.0000000e+00]]
[-0064.22, -0034.05, -1122.04]
1050, 2250, 2250
[[-9.8904820e-02  6.8897230e-01 -7.1758344e-01 -6.8650000e+01]
 [ 7.0866700e-02  7.2447950e-01  6.8553240e-01  1.6893000e+02]
 [ 9.9226344e-01  1.7144400e-02 -1.2040932e-01 -1.1713200e+03]
 [ 0.0000000e+00  0.0000000e+00  0.0000000e+00  1.0000000e+00]]
[-0075.29, -0035.76, -1124.50]
1350, 750, 750
[[-1.0096144e-01  6.9520556e-01 -7.1157396e-01 -6.8260000e+01]
 [ 7.0497160e-02  7.1851160e-01  6.9190368e-01  1.6875000e+02]
 [ 9.9230964e-01  1.9742880e-02 -1.2153320e-01 -1.1711800e+03]
 [ 0.0000000e+00  0.0000000e+00  0.0000000e+00  1.0000000e+00]]
[-0092.01, +0110.63, -1074.26]
1350, 750, 1050
[[-1.0151880e-01  6.9456760e-01 -7.1193460e-01 -6.8370000e+01]
 [ 6.9961360e-02  7.1906070e-01  6.9133948e-01  1.6870000e+02]
 [ 9.9215948e-01  2.0511400e-02 -1.2154146e-01 -1.1711700e+03]
 [ 0.0000000e+00  0.0000000e+00  0.0000000e+00  1.0000000e+00]]
[-0123.32, +0092.18, -1074.91]
1350, 750, 1350
[[-1.0169540e-01  6.9436080e-01 -7.1216280e-01 -6.8400000e+01]
 [ 6.9999120e-02  7.1927254e-01  6.9112890e-01  1.6869000e+02]
 [ 9.9217584e-01  2.0545380e-02 -1.2171050e-01 -1.1711800e+03]
 [ 0.0000000e+00  0.0000000e+00  0.0000000e+00  1.0000000e+00]]
[-0147.08, +0074.12, -1085.91]
1350, 750, 1650
[[-1.0141666e-01  6.9421766e-01 -7.1223094e-01 -6.8410000e+01]
 [ 6.9753860e-02  7.1938220e-01  6.9101038e-01  1.6868000e+02]
 [ 9.9214186e-01  2.0561780e-02 -1.2132210e-01 -1.1711500e+03]
 [ 0.0000000e+00  0.0000000e+00  0.0000000e+00  1.0000000e+00]]
[-0164.37, +0056.27, -1104.78]
1350, 750, 1950
[[-1.0253186e-01  6.9372600e-01 -7.1250606e-01 -6.8500000e+01]
 [ 6.9568560e-02  7.1982044e-01  6.9056120e-01  1.6865000e+02]
 [ 9.9200850e-01  2.1419440e-02 -1.2199906e-01 -1.1711400e+03]
 [ 0.0000000e+00  0.0000000e+00  0.0000000e+00  1.0000000e+00]]
[-0174.26, +0040.06, -1131.30]
1350, 750, 2250
[[-1.0268154e-01  6.9297906e-01 -7.1326192e-01 -6.8610000e+01]
 [ 6.9697580e-02  7.2055686e-01  6.8979336e-01  1.6861000e+02]
 [ 9.9202056e-01  2.1275680e-02 -1.2222864e-01 -1.1711100e+03]
 [ 0.0000000e+00  0.0000000e+00  0.0000000e+00  1.0000000e+00]]
[-0172.62, +0028.48, -1154.68]
1350, 1050, 750
[[-1.0068282e-01  6.9483486e-01 -7.1188350e-01 -6.8320000e+01]
 [ 6.9922140e-02  7.1884118e-01  6.9159550e-01  1.6875000e+02]
 [ 9.9231270e-01  1.9948900e-02 -1.2092500e-01 -1.1712100e+03]
 [ 0.0000000e+00  0.0000000e+00  0.0000000e+00  1.0000000e+00]]
[-0059.93, +0092.26, -1067.85]
1350, 1050, 1050
[[-1.0085930e-01  6.9421014e-01 -7.1226498e-01 -6.8400000e+01]
 [ 6.9542100e-02  7.1938220e-01  6.9101790e-01  1.6873000e+02]
 [ 9.9217590e-01  2.0350020e-02 -1.2076474e-01 -1.1711900e+03]
 [ 0.0000000e+00  0.0000000e+00  0.0000000e+00  1.0000000e+00]]
[-0092.25, +0074.56, -1061.78]
1350, 1050, 1350
[[-1.0141666e-01  6.9412936e-01 -7.1242136e-01 -6.8420000e+01]
 [ 6.9563440e-02  7.1949182e-01  6.9094288e-01  1.6872000e+02]
 [ 9.9223016e-01  2.0629280e-02 -1.2121248e-01 -1.1711800e+03]
 [ 0.0000000e+00  0.0000000e+00  0.0000000e+00  1.0000000e+00]]
[-0118.74, +0057.69, -1067.43]
1350, 1050, 1650
[[-1.0179754e-01  6.9383726e-01 -7.1250274e-01 -6.8450000e+01]
 [ 6.9128860e-02  7.1971830e-01  6.9071162e-01  1.6870000e+02]
 [ 9.9211466e-01  2.1241420e-02 -1.2116260e-01 -1.1711900e+03]
 [ 0.0000000e+00  0.0000000e+00  0.0000000e+00  1.0000000e+00]]
[-0141.44, +0040.80, -1082.69]
1350, 1050, 1950
[[-1.0138922e-01  6.9367782e-01 -7.1275908e-01 -6.8400000e+01]
 [ 6.9845820e-02  7.1990758e-01  6.9045348e-01  1.6863000e+02]
 [ 9.9213708e-01  2.0384520e-02 -1.2138164e-01 -1.1710000e+03]
 [ 0.0000000e+00  0.0000000e+00  0.0000000e+00  1.0000000e+00]]
[-0158.21, +0025.06, -1106.88]
1350, 1050, 2250
[[-1.0215090e-01  6.9296770e-01 -7.1344190e-01 -6.8500000e+01]
 [ 6.8544340e-02  7.2057870e-01  6.8991038e-01  1.6862000e+02]
 [ 9.9222238e-01  2.1689300e-02 -1.2106404e-01 -1.1710500e+03]
 [ 0.0000000e+00  0.0000000e+00  0.0000000e+00  1.0000000e+00]]
[-0163.59, +0014.48, -1132.91]
1350, 1350, 750
[[-1.0040424e-01  6.9455248e-01 -7.1200260e-01 -6.8230000e+01]
 [ 6.9537600e-02  7.1906070e-01  6.9135460e-01  1.6876000e+02]
 [ 9.9222748e-01  2.0087640e-02 -1.2042690e-01 -1.1710500e+03]
 [ 0.0000000e+00  0.0000000e+00  0.0000000e+00  1.0000000e+00]]
[-0034.92, +0075.37, -1072.98]
1350, 1350, 1050
[[-1.0103586e-01  6.9405432e-01 -7.1263252e-01 -6.8370000e+01]
 [ 6.9528880e-02  7.1959392e-01  6.9086208e-01  1.6873000e+02]
 [ 9.9233172e-01  2.0329280e-02 -1.2093378e-01 -1.1710700e+03]
 [ 0.0000000e+00  0.0000000e+00  0.0000000e+00  1.0000000e+00]]
[-0065.30, +0058.72, -1061.88]
1350, 1350, 1350
[[-1.0075720e-01  6.9396228e-01 -7.1283984e-01 -6.8400000e+01]
 [ 6.9232680e-02  7.1970350e-01  6.9079824e-01  1.6873000e+02]
 [ 9.9243696e-01  2.0291040e-02 -1.2054554e-01 -1.1710800e+03]
 [ 0.0000000e+00  0.0000000e+00  0.0000000e+00  1.0000000e+00]]
[-0092.12, +0042.74, -1062.66]
1350, 1350, 1650
[[-1.0093380e-01  6.9370430e-01 -7.1292870e-01 -6.8430000e+01]
 [ 6.9321540e-02  7.1991510e-01  6.9053278e-01  1.6871000e+02]
 [ 9.9231422e-01  2.0379900e-02 -1.2071466e-01 -1.1710700e+03]
 [ 0.0000000e+00  0.0000000e+00  0.0000000e+00  1.0000000e+00]]
[-0118.12, +0026.00, -1073.84]
1350, 1350, 1950
[[-1.0141666e-01  6.9339532e-01 -7.1300644e-01 -6.8510000e+01]
 [ 6.8625160e-02  7.2014870e-01  6.9031832e-01  1.6869000e+02]
 [ 9.9220252e-01  2.1253840e-02 -1.2055560e-01 -1.1710600e+03]
 [ 0.0000000e+00  0.0000000e+00  0.0000000e+00  1.0000000e+00]]
[-0138.91, +0011.40, -1094.23]
1350, 1350, 2250
[[-1.0247770e-01  6.9278548e-01 -7.1351076e-01 -6.8590000e+01]
 [ 6.9891160e-02  7.2076070e-01  6.8956908e-01  1.6866000e+02]
 [ 9.9205068e-01  2.0942040e-02 -1.2222864e-01 -1.1710200e+03]
 [ 0.0000000e+00  0.0000000e+00  0.0000000e+00  1.0000000e+00]]
[-0149.95, +0002.09, -1119.50]
1350, 1650, 750
[[-1.0083178e-01  6.9417662e-01 -7.1244978e-01 -6.8340000e+01]
 [ 7.0242620e-02  7.1946902e-01  6.9089562e-01  1.6880000e+02]
 [ 9.9223578e-01  1.9738380e-02 -1.2126276e-01 -1.1711000e+03]
 [ 0.0000000e+00  0.0000000e+00  0.0000000e+00  1.0000000e+00]]
[-0013.72, +0058.78, -1087.49]
1350, 1650, 1050
[[-1.0113796e-01  6.9380972e-01 -7.1287024e-01 -6.8400000e+01]
 [ 6.8937440e-02  7.1982044e-01  6.9068908e-01  1.6876000e+02]
 [ 9.9237268e-01  2.0780960e-02 -1.2060516e-01 -1.1711100e+03]
 [ 0.0000000e+00  0.0000000e+00  0.0000000e+00  1.0000000e+00]]
[-0039.17, +0043.32, -1071.95]
1350, 1650, 1350
[[-1.0149124e-01  6.9366076e-01 -7.1275532e-01 -6.8440000e+01]
 [ 6.9584120e-02  7.1991510e-01  6.9047054e-01  1.6874000e+02]
 [ 9.9214084e-01  2.0646220e-02 -1.2127210e-01 -1.1710600e+03]
 [ 0.0000000e+00  0.0000000e+00  0.0000000e+00  1.0000000e+00]]
[-0065.14, +0027.53, -1067.90]
1350, 1650, 1650
[[-1.0138922e-01  6.9358944e-01 -7.1294946e-01 -6.8460000e+01]
 [ 6.9655440e-02  7.2001712e-01  6.9038592e-01  1.6874000e+02]
 [ 9.9222546e-01  2.0452080e-02 -1.2127210e-01 -1.1710600e+03]
 [ 0.0000000e+00  0.0000000e+00  0.0000000e+00  1.0000000e+00]]
[-0091.22, +0012.03, -1073.50]
1350, 1650, 1950
[[-1.0202176e-01  6.9312824e-01 -7.1324904e-01 -6.8540000e+01]
 [ 6.9887440e-02  7.2044000e-01  6.8990592e-01  1.6870000e+02]
 [ 9.9210216e-01  2.0680320e-02 -1.2188960e-01 -1.1710200e+03]
 [ 0.0000000e+00  0.0000000e+00  0.0000000e+00  1.0000000e+00]]
[-0115.03, -0002.25, -1089.44]
1350, 1650, 2250
[[-1.0250458e-01  6.9264180e-01 -7.1370736e-01 -6.8610000e+01]
 [ 6.8809800e-02  7.2089200e-01  6.8955660e-01  1.6867000e+02]
 [ 9.9216736e-01  2.1689400e-02 -1.2151258e-01 -1.1710400e+03]
 [ 0.0000000e+00  0.0000000e+00  0.0000000e+00  1.0000000e+00]]
[-0130.17, -0010.52, -1111.54]
1350, 1950, 750
[[-1.0131456e-01  6.9405808e-01 -7.1261552e-01 -6.8350000e+01]
 [ 6.9634720e-02  7.1959392e-01  6.9085832e-01  1.6882000e+02]
 [ 9.9231472e-01  2.0435120e-02 -1.2121248e-01 -1.1711000e+03]
 [ 0.0000000e+00  0.0000000e+00  0.0000000e+00  1.0000000e+00]]
[+0001.22, +0043.64, -1109.31]
1350, 1950, 1050
[[-1.0138922e-01  6.9345006e-01 -7.1300046e-01 -6.8420000e+01]
 [ 6.9516060e-02  7.2012662e-01  6.9026358e-01  1.6879000e+02]
 [ 9.9217446e-01  2.0574420e-02 -1.2116260e-01 -1.1710600e+03]
 [ 0.0000000e+00  0.0000000e+00  0.0000000e+00  1.0000000e+00]]
[-0018.48, +0029.12, -1090.62]
1350, 1950, 1350
[[-1.0146408e-01  6.9353892e-01 -7.1313036e-01 -6.8440000e+01]
 [ 7.0094280e-02  7.2011150e-01  6.9028046e-01  1.6877000e+02]
 [ 9.9228924e-01  2.0101940e-02 -1.2166042e-01 -1.1710300e+03]
 [ 0.0000000e+00  0.0000000e+00  0.0000000e+00  1.0000000e+00]]
[-0040.70, +0014.26, -1082.21]
1350, 1950, 1650
[[-1.0222568e-01  6.9309396e-01 -7.1324160e-01 -6.8520000e+01]
 [ 6.9363960e-02  7.2045488e-01  6.8994020e-01  1.6874000e+02]
 [ 9.9210960e-01  2.1203800e-02 -1.2167080e-01 -1.1710400e+03]
 [ 0.0000000e+00  0.0000000e+00  0.0000000e+00  1.0000000e+00]]
[-0066.54, -0001.15, -1083.11]
1350, 1950, 1950
[[-1.0219876e-01  6.9278174e-01 -7.1352794e-01 -6.8570000e+01]
 [ 6.9785540e-02  7.2076070e-01  6.8957282e-01  1.6872000e+02]
 [ 9.9206786e-01  2.0836420e-02 -1.2194970e-01 -1.1710200e+03]
 [ 0.0000000e+00  0.0000000e+00  0.0000000e+00  1.0000000e+00]]
[-0090.66, -0013.37, -1093.36]
1350, 1950, 2250
[[-1.0161440e-01  6.9228480e-01 -7.1422920e-01 -6.8640000e+01]
 [ 6.9615360e-02  7.2128480e-01  6.8907752e-01  1.6869000e+02]
 [ 9.9223752e-01  2.0393200e-02 -1.2145216e-01 -1.1710400e+03]
 [ 0.0000000e+00  0.0000000e+00  0.0000000e+00  1.0000000e+00]]
[-0108.33, -0019.93, -1110.60]
1350, 2250, 750
[[-1.0128724e-01  6.9383426e-01 -7.1271190e-01 -6.8460000e+01]
 [ 7.0246900e-02  7.1979036e-01  6.9055874e-01  1.6891000e+02]
 [ 9.9218426e-01  2.0000500e-02 -1.2160084e-01 -1.1710900e+03]
 [ 0.0000000e+00  0.0000000e+00  0.0000000e+00  1.0000000e+00]]
[+0004.72, +0031.82, -1132.30]
1350, 2250, 1050
[[-1.0149124e-01  6.9380014e-01 -7.1270430e-01 -6.8470000e+01]
 [ 6.9723500e-02  7.1980556e-01  6.9059286e-01  1.6884000e+02]
 [ 9.9219186e-01  2.0523900e-02 -1.2138164e-01 -1.1710700e+03]
 [ 0.0000000e+00  0.0000000e+00  0.0000000e+00  1.0000000e+00]]
[-0007.69, +0018.98, -1115.02]
1350, 2250, 1350
[[-1.0177002e-01  6.9366450e-01 -7.1273824e-01 -6.8490000e+01]
 [ 6.9689900e-02  7.1991510e-01  6.9046680e-01  1.6881000e+02]
 [ 9.9212376e-01  2.0752000e-02 -1.2155088e-01 -1.1710600e+03]
 [ 0.0000000e+00  0.0000000e+00  0.0000000e+00  1.0000000e+00]]
[-0024.42, +0005.57, -1104.34]
1350, 2250, 1650
[[-1.0131456e-01  6.9369104e-01 -7.1290800e-01 -6.8520000e+01]
 [ 6.9165600e-02  7.1992254e-01  6.9054604e-01  1.6878000e+02]
 [ 9.9230096e-01  2.0747400e-02 -1.2088386e-01 -1.1711000e+03]
 [ 0.0000000e+00  0.0000000e+00  0.0000000e+00  1.0000000e+00]]
[-0044.86, -0008.05, -1101.35]
1350, 2250, 1950
[[-1.0222568e-01  6.9277764e-01 -7.1367348e-01 -6.8640000e+01]
 [ 6.8843640e-02  7.2078278e-01  6.8968254e-01  1.6873000e+02]
 [ 9.9223548e-01  2.1461460e-02 -1.2134290e-01 -1.1710900e+03]
 [ 0.0000000e+00  0.0000000e+00  0.0000000e+00  1.0000000e+00]]
[-0066.64, -0019.60, -1106.52]
1350, 2250, 2250
[[-1.0080160e-01  6.9100160e-01 -7.1556640e-01 -6.8620000e+01]
 [ 6.9783040e-02  7.2253440e-01  6.8774528e-01  1.6880000e+02]
 [ 9.9229472e-01  1.9494400e-02 -1.2101536e-01 -1.1711000e+03]
 [ 0.0000000e+00  0.0000000e+00  0.0000000e+00  1.0000000e+00]]
[-0083.72, -0021.84, -1111.46]
1650, 750, 750
[[-1.0021138e-01  6.9630616e-01 -7.1038220e-01 -6.8160000e+01]
 [ 6.9293840e-02  7.1737062e-01  6.9314960e-01  1.6866000e+02]
 [ 9.9231220e-01  2.0389600e-02 -1.2008200e-01 -1.1710500e+03]
 [ 0.0000000e+00  0.0000000e+00  0.0000000e+00  1.0000000e+00]]
[-0089.44, +0130.85, -1104.75]
1650, 750, 1050
[[-1.0205866e-01  6.9556470e-01 -7.1071360e-01 -6.8270000e+01]
 [ 6.9411900e-02  7.1802262e-01  6.9242808e-01  1.6862000e+02]
 [ 9.9202120e-01  2.1550080e-02 -1.2148228e-01 -1.1710000e+03]
 [ 0.0000000e+00  0.0000000e+00  0.0000000e+00  1.0000000e+00]]
[-0117.84, +0115.95, -1099.86]
1650, 750, 1350
[[-1.0119412e-01  6.9552044e-01 -7.1094944e-01 -6.8310000e+01]
 [ 6.9793760e-02  7.1811020e-01  6.9231692e-01  1.6862000e+02]
 [ 9.9213236e-01  2.0620480e-02 -1.2114468e-01 -1.1710100e+03]
 [ 0.0000000e+00  0.0000000e+00  0.0000000e+00  1.0000000e+00]]
[-0140.96, +0099.21, -1105.04]
1650, 750, 1650
[[-1.0223490e-01  6.9504240e-01 -7.1137430e-01 -6.8370000e+01]
 [ 6.8929120e-02  7.1856396e-01  6.9196080e-01  1.6860000e+02]
 [ 9.9216234e-01  2.1841120e-02 -1.2132210e-01 -1.1710100e+03]
 [ 0.0000000e+00  0.0000000e+00  0.0000000e+00  1.0000000e+00]]
[-0159.33, +0080.75, -1119.01]
1650, 750, 1950
[[-1.0279242e-01  6.9491020e-01 -7.1139120e-01 -6.8430000e+01]
 [ 6.9001800e-02  7.1867358e-01  6.9183140e-01  1.6857000e+02]
 [ 9.9207680e-01  2.2175400e-02 -1.2177000e-01 -1.1709800e+03]
 [ 0.0000000e+00  0.0000000e+00  0.0000000e+00  1.0000000e+00]]
[-0169.28, +0063.18, -1138.11]
1650, 750, 2250
[[-1.0567714e-01  6.9224478e-01 -7.1366588e-01 -6.8810000e+01]
 [ 6.9290580e-02  7.2122646e-01  6.8916828e-01  1.6836000e+02]
 [ 9.9182692e-01  2.3479080e-02 -1.2414664e-01 -1.1708300e+03]
 [ 0.0000000e+00  0.0000000e+00  0.0000000e+00  1.0000000e+00]]
[-0169.76, +0047.68, -1152.53]
1650, 1050, 750
[[-1.0129650e-01  6.9559150e-01 -7.1075520e-01 -6.8280000e+01]
 [ 6.9722700e-02  7.1800782e-01  6.9240128e-01  1.6872000e+02]
 [ 9.9204800e-01  2.0814720e-02 -1.2114468e-01 -1.1710600e+03]
 [ 0.0000000e+00  0.0000000e+00  0.0000000e+00  1.0000000e+00]]
[-0061.69, +0114.52, -1091.71]
1650, 1050, 1050
[[-1.0200194e-01  6.9508068e-01 -7.1123628e-01 -6.8360000e+01]
 [ 7.0394280e-02  7.1852696e-01  6.9181648e-01  1.6870000e+02]
 [ 9.9198732e-01  2.0694080e-02 -1.2214954e-01 -1.1710100e+03]
 [ 0.0000000e+00  0.0000000e+00  0.0000000e+00  1.0000000e+00]]
[-0089.97, +0100.83, -1081.06]
1650, 1050, 1350
[[-1.0182546e-01  6.9483216e-01 -7.1149130e-01 -6.8400000e+01]
 [ 6.9696800e-02  7.1875404e-01  6.9164784e-01  1.6868000e+02]
 [ 9.9204534e-01  2.1039200e-02 -1.2154146e-01 -1.1710500e+03]
 [ 0.0000000e+00  0.0000000e+00  0.0000000e+00  1.0000000e+00]]
[-0115.86, +0085.44, -1081.53]
1650, 1050, 1650
[[-1.0182546e-01  6.9474394e-01 -7.1168180e-01 -6.8420000e+01]
 [ 6.9506300e-02  7.1886374e-01  6.9158044e-01  1.6867000e+02]
 [ 9.9213356e-01  2.1106600e-02 -1.2143176e-01 -1.1710100e+03]
 [ 0.0000000e+00  0.0000000e+00  0.0000000e+00  1.0000000e+00]]
[-0138.67, +0068.57, -1091.43]
1650, 1050, 1950
[[-1.0301508e-01  6.9442976e-01 -7.1189604e-01 -6.8490000e+01]
 [ 7.0089960e-02  7.1917788e-01  6.9121568e-01  1.6864000e+02]
 [ 9.9202624e-01  2.1424920e-02 -1.2271620e-01 -1.1709800e+03]
 [ 0.0000000e+00  0.0000000e+00  0.0000000e+00  1.0000000e+00]]
[-0156.51, +0051.09, -1110.37]
1650, 1050, 2250
[[-1.0347082e-01  6.9385922e-01 -7.1239954e-01 -6.8580000e+01]
 [ 6.9763780e-02  7.1971830e-01  6.9068966e-01  1.6861000e+02]
 [ 9.9201146e-01  2.1876340e-02 -1.2283588e-01 -1.1709800e+03]
 [ 0.0000000e+00  0.0000000e+00  0.0000000e+00  1.0000000e+00]]
[-0163.08, +0036.76, -1131.38]
1650, 1350, 750
[[-1.0157512e-01  6.9555832e-01 -7.1106796e-01 -6.8300000e+01]
 [ 6.9587120e-02  7.1811768e-01  6.9238516e-01  1.6874000e+02]
 [ 9.9225836e-01  2.0933240e-02 -1.2131344e-01 -1.1710700e+03]
 [ 0.0000000e+00  0.0000000e+00  0.0000000e+00  1.0000000e+00]]
[-0038.26, +0099.12, -1092.27]
1650, 1350, 1050
[[-1.0210420e-01  6.9502640e-01 -7.1156240e-01 -6.8380000e+01]
 [ 6.9891040e-02  7.1864430e-01  6.9182122e-01  1.6871000e+02]
 [ 9.9221872e-01  2.0968100e-02 -1.2192994e-01 -1.1710300e+03]
 [ 0.0000000e+00  0.0000000e+00  0.0000000e+00  1.0000000e+00]]
[-0065.87, +0086.28, -1076.20]
1650, 1350, 1350
[[-1.0144450e-01  6.9461796e-01 -7.1175372e-01 -6.8410000e+01]
 [ 6.9522600e-02  7.1896600e-01  6.9144480e-01  1.6869000e+02]
 [ 9.9209580e-01  2.0861280e-02 -1.2115306e-01 -1.1710400e+03]
 [ 0.0000000e+00  0.0000000e+00  0.0000000e+00  1.0000000e+00]]
[-0091.78, +0071.98, -1072.30]
1650, 1350, 1650
[[-1.0126810e-01  6.9464836e-01 -7.1190638e-01 -6.8420000e+01]
 [ 6.9103880e-02  7.1897340e-01  6.9152036e-01  1.6869000e+02]
 [ 9.9225586e-01  2.0962120e-02 -1.2076474e-01 -1.1710500e+03]
 [ 0.0000000e+00  0.0000000e+00  0.0000000e+00  1.0000000e+00]]
[-0117.32, +0055.68, -1078.41]
1650, 1350, 1950
[[-1.0189972e-01  6.9432660e-01 -7.1215532e-01 -6.8480000e+01]
 [ 6.9475800e-02  7.1928750e-01  6.9116310e-01  1.6866000e+02]
 [ 9.9218332e-01  2.1068700e-02 -1.2149122e-01 -1.1710500e+03]
 [ 0.0000000e+00  0.0000000e+00  0.0000000e+00  1.0000000e+00]]
[-0139.45, +0039.19, -1094.41]
1650, 1350, 2250
[[-1.0326658e-01  6.9375436e-01 -7.1245798e-01 -6.8570000e+01]
 [ 7.0147640e-02  7.1981304e-01  6.9053284e-01  1.6863000e+02]
 [ 9.9195302e-01  2.1475160e-02 -1.2294538e-01 -1.1709800e+03]
 [ 0.0000000e+00  0.0000000e+00  0.0000000e+00  1.0000000e+00]]
[-0152.00, +0026.11, -1115.93]
1650, 1650, 750
[[-1.0162098e-01  6.9514512e-01 -7.1139662e-01 -6.8340000e+01]
 [ 7.0498720e-02  7.1851932e-01  6.9185808e-01  1.6876000e+02]
 [ 9.9214002e-01  2.0271520e-02 -1.2198066e-01 -1.1710200e+03]
 [ 0.0000000e+00  0.0000000e+00  0.0000000e+00  1.0000000e+00]]
[-0018.36, +0082.74, -1101.07]
1650, 1650, 1050
[[-1.0172320e-01  6.9481216e-01 -7.1182488e-01 -6.8400000e+01]
 [ 6.9716800e-02  7.1885630e-01  6.9161820e-01  1.6873000e+02]
 [ 9.9226920e-01  2.0790120e-02 -1.2154146e-01 -1.1710500e+03]
 [ 0.0000000e+00  0.0000000e+00  0.0000000e+00  1.0000000e+00]]
[-0041.97, +0071.12, -1080.99]
1650, 1650, 1350
[[-1.0217850e-01  6.9450690e-01 -7.1175720e-01 -6.8440000e+01]
 [ 6.9962700e-02  7.1906822e-01  6.9129424e-01  1.6872000e+02]
 [ 9.9198960e-01  2.1039760e-02 -1.2198928e-01 -1.1710300e+03]
 [ 0.0000000e+00  0.0000000e+00  0.0000000e+00  1.0000000e+00]]
[-0066.90, +0057.35, -1072.61]
1650, 1650, 1650
[[-1.0210420e-01  6.9457116e-01 -7.1204572e-01 -6.8450000e+01]
 [ 6.9231240e-02  7.1908302e-01  6.9144186e-01  1.6870000e+02]
 [ 9.9229292e-01  2.1347460e-02 -1.2149122e-01 -1.1710500e+03]
 [ 0.0000000e+00  0.0000000e+00  0.0000000e+00  1.0000000e+00]]
[-0092.03, +0042.54, -1073.92]
1650, 1650, 1950
[[-1.0273618e-01  6.9405882e-01 -7.1220604e-01 -6.8500000e+01]
 [ 6.9514620e-02  7.1950662e-01  6.9090756e-01  1.6869000e+02]
 [ 9.9202964e-01  2.1630840e-02 -1.2210856e-01 -1.1710400e+03]
 [ 0.0000000e+00  0.0000000e+00  0.0000000e+00  1.0000000e+00]]
[-0117.25, +0026.17, -1085.35]
1650, 1650, 2250
[[-1.0253186e-01  6.9372600e-01 -7.1250606e-01 -6.8570000e+01]
 [ 6.9568560e-02  7.1982044e-01  6.9056120e-01  1.6865000e+02]
 [ 9.9200850e-01  2.1419440e-02 -1.2199906e-01 -1.1710200e+03]
 [ 0.0000000e+00  0.0000000e+00  0.0000000e+00  1.0000000e+00]]
[-0134.45, +0013.77, -1104.28]
1650, 1950, 750
[[-1.0037652e-01  6.9497402e-01 -7.1170482e-01 -6.8340000e+01]
 [ 7.0897380e-02  7.1870796e-01  6.9161198e-01  1.6880000e+02]
 [ 9.9221278e-01  1.9096620e-02 -1.2136452e-01 -1.1710600e+03]
 [ 0.0000000e+00  0.0000000e+00  0.0000000e+00  1.0000000e+00]]
[-0003.52, +0066.20, -1117.21]
1650, 1950, 1050
[[-1.0134228e-01  6.9454678e-01 -7.1194790e-01 -6.8410000e+01]
 [ 6.9593780e-02  7.1906822e-01  6.9136030e-01  1.6877000e+02]
 [ 9.9218030e-01  2.0667100e-02 -1.2115306e-01 -1.1710800e+03]
 [ 0.0000000e+00  0.0000000e+00  0.0000000e+00  1.0000000e+00]]
[-0021.04, +0054.98, -1094.87]
1650, 1950, 1350
[[-1.0106362e-01  6.9431550e-01 -7.1220644e-01 -6.8440000e+01]
 [ 6.9158100e-02  7.1928750e-01  6.9117420e-01  1.6874000e+02]
 [ 9.9223444e-01  2.0751000e-02 -1.2065512e-01 -1.1711000e+03]
 [ 0.0000000e+00  0.0000000e+00  0.0000000e+00  1.0000000e+00]]
[-0042.44, +0041.94, -1082.41]
1650, 1950, 1650
[[-1.0189972e-01  6.9432660e-01 -7.1215532e-01 -6.8470000e+01]
 [ 6.9475800e-02  7.1928750e-01  6.9116310e-01  1.6873000e+02]
 [ 9.9218332e-01  2.1068700e-02 -1.2149122e-01 -1.1710500e+03]
 [ 0.0000000e+00  0.0000000e+00  0.0000000e+00  1.0000000e+00]]
[-0067.14, +0027.15, -1078.98]
1650, 1950, 1950
[[-1.0228072e-01  6.9385780e-01 -7.1261780e-01 -6.8520000e+01]
 [ 6.8660200e-02  7.1973278e-01  6.9079690e-01  1.6869000e+02]
 [ 9.9224420e-01  2.1815900e-02 -1.2122250e-01 -1.1710500e+03]
 [ 0.0000000e+00  0.0000000e+00  0.0000000e+00  1.0000000e+00]]
[-0092.54, +0012.29, -1085.21]
1650, 1950, 2250
[[-1.0232770e-01  6.9330468e-01 -7.1299646e-01 -6.8590000e+01]
 [ 6.9432120e-02  7.2024348e-01  6.9014724e-01  1.6867000e+02]
 [ 9.9207586e-01  2.1275640e-02 -1.2178018e-01 -1.1710300e+03]
 [ 0.0000000e+00  0.0000000e+00  0.0000000e+00  1.0000000e+00]]
[-0111.47, +0001.07, -1099.67]
1650, 2250, 750
[[-1.0210420e-01  6.9556988e-01 -7.1088856e-01 -6.8390000e+01]
 [ 7.0741360e-02  7.1809500e-01  6.9226748e-01  1.6893000e+02]
 [ 9.9205628e-01  2.0521840e-02 -1.2247924e-01 -1.1711300e+03]
 [ 0.0000000e+00  0.0000000e+00  0.0000000e+00  1.0000000e+00]]
[+0001.29, +0048.70, -1130.84]
1650, 2250, 1050
[[-1.0248528e-01  6.9555648e-01 -7.1086752e-01 -6.8370000e+01]
 [ 7.0585920e-02  7.1810264e-01  6.9228088e-01  1.6877000e+02]
 [ 9.9204288e-01  2.0889520e-02 -1.2264808e-01 -1.1710400e+03]
 [ 0.0000000e+00  0.0000000e+00  0.0000000e+00  1.0000000e+00]]
[-0009.18, +0037.79, -1113.63]
1650, 2250, 1350
[[-1.0167754e-01  6.9576868e-01 -7.1082250e-01 -6.8360000e+01]
 [ 6.9655400e-02  7.1790540e-01  6.9259180e-01  1.6872000e+02]
 [ 9.9222518e-01  2.1005240e-02 -1.2142330e-01 -1.1710800e+03]
 [ 0.0000000e+00  0.0000000e+00  0.0000000e+00  1.0000000e+00]]
[-0024.83, +0025.43, -1100.42]
1650, 2250, 1650
[[-1.0157512e-01  6.9564644e-01 -7.1087744e-01 -6.8360000e+01]
 [ 6.9777640e-02  7.1800782e-01  6.9245248e-01  1.6867000e+02]
 [ 9.9217024e-01  2.0865920e-02 -1.2142330e-01 -1.1710400e+03]
 [ 0.0000000e+00  0.0000000e+00  0.0000000e+00  1.0000000e+00]]
[-0045.84, +0011.44, -1093.67]
1650, 2250, 1950
[[-1.0230884e-01  6.9508032e-01 -7.1136444e-01 -6.8450000e+01]
 [ 6.9558360e-02  7.1854940e-01  6.9192288e-01  1.6864000e+02]
 [ 9.9213792e-01  2.1423960e-02 -1.2182020e-01 -1.1710100e+03]
 [ 0.0000000e+00  0.0000000e+00  0.0000000e+00  1.0000000e+00]]
[-0068.41, -0002.09, -1095.78]
1650, 2250, 2250
[[-1.0263400e-01  6.9353208e-01 -7.1288344e-01 -6.8590000e+01]
 [ 6.8925840e-02  7.2004656e-01  6.9044328e-01  1.6852000e+02]
 [ 9.9218888e-01  2.1816240e-02 -1.2167080e-01 -1.1710000e+03]
 [ 0.0000000e+00  0.0000000e+00  0.0000000e+00  1.0000000e+00]]
[-0087.27, -0007.10, -1102.57]
1950, 750, 750
[[-1.0204392e-01  6.9761620e-01 -7.0897596e-01 -6.8140000e+01]
 [ 6.9816600e-02  7.1610150e-01  6.9444530e-01  1.6852000e+02]
 [ 9.9218996e-01  2.1453900e-02 -1.2174642e-01 -1.1709900e+03]
 [ 0.0000000e+00  0.0000000e+00  0.0000000e+00  1.0000000e+00]]
[-0086.53, +0138.85, -1136.35]
1950, 750, 1050
[[-1.0211698e-01  6.9686982e-01 -7.0941374e-01 -6.8230000e+01]
 [ 6.9558780e-02  7.1674750e-01  6.9372954e-01  1.6850000e+02]
 [ 9.9199646e-01  2.1715260e-02 -1.2158452e-01 -1.1709800e+03]
 [ 0.0000000e+00  0.0000000e+00  0.0000000e+00  1.0000000e+00]]
[-0110.91, +0129.22, -1129.10]
1950, 750, 1350
[[-1.0257156e-01  6.9666704e-01 -7.0962504e-01 -6.8270000e+01]
 [ 6.9702960e-02  7.1696022e-01  6.9351578e-01  1.6849000e+02]
 [ 9.9199504e-01  2.1855780e-02 -1.2203178e-01 -1.1709400e+03]
 [ 0.0000000e+00  0.0000000e+00  0.0000000e+00  1.0000000e+00]]
[-0132.00, +0115.99, -1129.74]
1950, 750, 1650
[[-1.0312900e-01  6.9630756e-01 -7.0988392e-01 -6.8340000e+01]
 [ 6.9446160e-02  7.1729004e-01  6.9319716e-01  1.6846000e+02]
 [ 9.9194588e-01  2.2379760e-02 -1.2225940e-01 -1.1709500e+03]
 [ 0.0000000e+00  0.0000000e+00  0.0000000e+00  1.0000000e+00]]
[-0149.61, +0098.99, -1137.49]
1950, 750, 1950
[[-1.0403908e-01  6.9480036e-01 -7.1118596e-01 -6.8580000e+01]
 [ 6.8324760e-02  7.1870158e-01  6.9183522e-01  1.6837000e+02]
 [ 9.9189956e-01  2.3594580e-02 -1.2216850e-01 -1.1709100e+03]
 [ 0.0000000e+00  0.0000000e+00  0.0000000e+00  1.0000000e+00]]
[-0158.75, +0081.39, -1146.39]
1950, 750, 2250
[[-1.1101840e-01  6.9044556e-01 -7.1446788e-01 -6.9320000e+01]
 [ 6.8291160e-02  7.2276806e-01  6.8761836e-01  1.6815000e+02]
 [ 9.9121932e-01  2.7705960e-02 -1.2733370e-01 -1.1706900e+03]
 [ 0.0000000e+00  0.0000000e+00  0.0000000e+00  1.0000000e+00]]
[-0162.17, +0070.34, -1150.60]
1950, 1050, 750
[[-1.0309992e-01  6.9627500e-01 -7.1006828e-01 -6.8360000e+01]
 [ 7.0146200e-02  7.1737806e-01  6.9307450e-01  1.6872000e+02]
 [ 9.9200572e-01  2.1768700e-02 -1.2275802e-01 -1.1710400e+03]
 [ 0.0000000e+00  0.0000000e+00  0.0000000e+00  1.0000000e+00]]
[-0063.10, +0128.01, -1120.91]
1950, 1050, 1050
[[-1.0307124e-01  6.9564786e-01 -7.1078782e-01 -6.8440000e+01]
 [ 7.0046780e-02  7.1801526e-01  6.9245106e-01  1.6869000e+02]
 [ 9.9208806e-01  2.1658180e-02 -1.2270714e-01 -1.1710100e+03]
 [ 0.0000000e+00  0.0000000e+00  0.0000000e+00  1.0000000e+00]]
[-0087.68, +0118.73, -1107.23]
1950, 1050, 1350
[[-1.0335010e-01  6.9551212e-01 -7.1082174e-01 -6.8470000e+01]
 [ 7.0013480e-02  7.1812508e-01  6.9232524e-01  1.6868000e+02]
 [ 9.9201954e-01  2.1886440e-02 -1.2287618e-01 -1.1710100e+03]
 [ 0.0000000e+00  0.0000000e+00  0.0000000e+00  1.0000000e+00]]
[-0111.03, +0106.41, -1103.01]
1950, 1050, 1650
[[-1.0307124e-01  6.9536902e-01 -7.1089026e-01 -6.8510000e+01]
 [ 6.9767940e-02  7.1823486e-01  6.9220678e-01  1.6865000e+02]
 [ 9.9198562e-01  2.1902460e-02 -1.2248754e-01 -1.1710100e+03]
 [ 0.0000000e+00  0.0000000e+00  0.0000000e+00  1.0000000e+00]]
[-0133.46, +0090.91, -1108.02]
1950, 1050, 1950
[[-1.0342420e-01  6.9481612e-01 -7.1139784e-01 -6.8590000e+01]
 [ 6.9703600e-02  7.1876876e-01  6.9166388e-01  1.6862000e+02]
 [ 9.9196660e-01  2.2092400e-02 -1.2271620e-01 -1.1709800e+03]
 [ 0.0000000e+00  0.0000000e+00  0.0000000e+00  1.0000000e+00]]
[-0150.66, +0073.70, -1120.61]
1950, 1050, 2250
[[-1.0743538e-01  6.9269228e-01 -7.1304760e-01 -6.8990000e+01]
 [ 6.8052280e-02  7.2074232e-01  6.8981840e-01  1.6839000e+02]
 [ 9.9178040e-01  2.5650400e-02 -1.2454906e-01 -1.1708600e+03]
 [ 0.0000000e+00  0.0000000e+00  0.0000000e+00  1.0000000e+00]]
[-0157.10, +0057.98, -1131.25]
1950, 1350, 750
[[-1.0309992e-01  6.9627500e-01 -7.1006828e-01 -6.8340000e+01]
 [ 7.0146200e-02  7.1737806e-01  6.9307450e-01  1.6872000e+02]
 [ 9.9200572e-01  2.1768700e-02 -1.2275802e-01 -1.1710300e+03]
 [ 0.0000000e+00  0.0000000e+00  0.0000000e+00  1.0000000e+00]]
[-0042.01, +0115.24, -1117.39]
1950, 1350, 1050
[[-1.0279242e-01  6.9587174e-01 -7.1056324e-01 -6.8420000e+01]
 [ 7.0270660e-02  7.1779550e-01  6.9264412e-01  1.6869000e+02]
 [ 9.9206836e-01  2.1362680e-02 -1.2264808e-01 -1.1710100e+03]
 [ 0.0000000e+00  0.0000000e+00  0.0000000e+00  1.0000000e+00]]
[-0065.64, +0106.94, -1098.90]
1950, 1350, 1350
[[-1.0299738e-01  6.9569782e-01 -7.1060710e-01 -6.8460000e+01]
 [ 6.9608180e-02  7.1792012e-01  6.9255650e-01  1.6868000e+02]
 [ 9.9202450e-01  2.2007900e-02 -1.2231850e-01 -1.1710400e+03]
 [ 0.0000000e+00  0.0000000e+00  0.0000000e+00  1.0000000e+00]]
[-0089.53, +0095.75, -1090.55]
1950, 1350, 1650
[[-1.0261610e-01  6.9534450e-01 -7.1092110e-01 -6.8480000e+01]
 [ 6.9294180e-02  7.1824214e-01  6.9223130e-01  1.6866000e+02]
 [ 9.9202374e-01  2.1951820e-02 -1.2182020e-01 -1.1710400e+03]
 [ 0.0000000e+00  0.0000000e+00  0.0000000e+00  1.0000000e+00]]
[-0113.24, +0081.64, -1091.31]
1950, 1350, 1950
[[-1.0296882e-01  6.9493102e-01 -7.1137758e-01 -6.8550000e+01]
 [ 6.9369420e-02  7.1866638e-01  6.9181058e-01  1.6862000e+02]
 [ 9.9205598e-01  2.2019820e-02 -1.2215844e-01 -1.1710000e+03]
 [ 0.0000000e+00  0.0000000e+00  0.0000000e+00  1.0000000e+00]]
[-0136.72, +0064.37, -1102.46]
1950, 1350, 2250
[[-1.0408450e-01  6.9448990e-01 -7.1179210e-01 -6.8640000e+01]
 [ 6.9133100e-02  7.1910462e-01  6.9141718e-01  1.6858000e+02]
 [ 9.9206090e-01  2.2822820e-02 -1.2283588e-01 -1.1709900e+03]
 [ 0.0000000e+00  0.0000000e+00  0.0000000e+00  1.0000000e+00]]
[-0147.48, +0048.65, -1115.95]
1950, 1650, 750
[[-1.0205866e-01  6.9593148e-01 -7.1042054e-01 -6.8360000e+01]
 [ 6.9881160e-02  7.1769304e-01  6.9273972e-01  1.6874000e+02]
 [ 9.9203558e-01  2.1238440e-02 -1.2181186e-01 -1.1710400e+03]
 [ 0.0000000e+00  0.0000000e+00  0.0000000e+00  1.0000000e+00]]
[-0024.34, +0100.39, -1121.14]
1950, 1650, 1050
[[-1.0223490e-01  6.9549740e-01 -7.1089070e-01 -6.8440000e+01]
 [ 6.9589000e-02  7.1812508e-01  6.9233996e-01  1.6871000e+02]
 [ 9.9208850e-01  2.1461960e-02 -1.2176098e-01 -1.1710400e+03]
 [ 0.0000000e+00  0.0000000e+00  0.0000000e+00  1.0000000e+00]]
[-0044.77, +0093.08, -1098.92]
1950, 1650, 1350
[[-1.0296882e-01  6.9538630e-01 -7.1089394e-01 -6.8470000e+01]
 [ 7.0029500e-02  7.1822750e-01  6.9218950e-01  1.6869000e+02]
 [ 9.9198194e-01  2.1640900e-02 -1.2259732e-01 -1.1710200e+03]
 [ 0.0000000e+00  0.0000000e+00  0.0000000e+00  1.0000000e+00]]
[-0067.24, +0082.57, -1086.26]
1950, 1650, 1650
[[-1.0286644e-01  6.9489708e-01 -7.1124180e-01 -6.8520000e+01]
 [ 6.9682200e-02  7.1865910e-01  6.9173850e-01  1.6867000e+02]
 [ 9.9191292e-01  2.1813060e-02 -1.2226810e-01 -1.1710200e+03]
 [ 0.0000000e+00  0.0000000e+00  0.0000000e+00  1.0000000e+00]]
[-0093.36, +0068.04, -1083.11]
1950, 1650, 1950
[[-1.0324768e-01  6.9479520e-01 -7.1141152e-01 -6.8560000e+01]
 [ 6.9336000e-02  7.1877600e-01  6.9168480e-01  1.6865000e+02]
 [ 9.9198752e-01  2.2248000e-02 -1.2232768e-01 -1.1710300e+03]
 [ 0.0000000e+00  0.0000000e+00  0.0000000e+00  1.0000000e+00]]
[-0117.45, +0052.57, -1090.06]
1950, 1650, 2250
[[-1.0332186e-01  6.9460568e-01 -7.1164328e-01 -6.8620000e+01]
 [ 6.9635120e-02  7.1898072e-01  6.9145708e-01  1.6861000e+02]
 [ 9.9200008e-01  2.2020280e-02 -1.2260658e-01 -1.1709900e+03]
 [ 0.0000000e+00  0.0000000e+00  0.0000000e+00  1.0000000e+00]]
[-0134.59, +0038.75, -1104.40]
1950, 1950, 750
[[-1.0216116e-01  6.9650850e-01 -7.0988186e-01 -6.8340000e+01]
 [ 7.0418860e-02  7.1715054e-01  6.9325770e-01  1.6881000e+02]
 [ 9.9201690e-01  2.0999140e-02 -1.2225186e-01 -1.1711100e+03]
 [ 0.0000000e+00  0.0000000e+00  0.0000000e+00  1.0000000e+00]]
[-0013.19, +0083.70, -1126.78]
1950, 1950, 1050
[[-1.0309992e-01  6.9613560e-01 -7.1011956e-01 -6.8380000e+01]
 [ 7.0006800e-02  7.1748800e-01  6.9295240e-01  1.6871000e+02]
 [ 9.9195444e-01  2.1890800e-02 -1.2264808e-01 -1.1710400e+03]
 [ 0.0000000e+00  0.0000000e+00  0.0000000e+00  1.0000000e+00]]
[-0026.56, +0076.87, -1106.03]
1950, 1950, 1350
[[-1.0233736e-01  6.9612580e-01 -7.1049148e-01 -6.8410000e+01]
 [ 7.0075480e-02  7.1758310e-01  6.9291314e-01  1.6868000e+02]
 [ 9.9220900e-01  2.1167500e-02 -1.2220050e-01 -1.1710300e+03]
 [ 0.0000000e+00  0.0000000e+00  0.0000000e+00  1.0000000e+00]]
[-0045.43, +0067.09, -1090.68]
1950, 1950, 1650
[[-1.0205866e-01  6.9584338e-01 -7.1061112e-01 -6.8450000e+01]
 [ 6.9690580e-02  7.1780294e-01  6.9267248e-01  1.6866000e+02]
 [ 9.9212368e-01  2.1305680e-02 -1.2170196e-01 -1.1710200e+03]
 [ 0.0000000e+00  0.0000000e+00  0.0000000e+00  1.0000000e+00]]
[-0069.88, +0054.09, -1083.29]
1950, 1950, 1950
[[-1.0307124e-01  6.9559664e-01 -7.1064840e-01 -6.8490000e+01]
 [ 7.0098000e-02  7.1801526e-01  6.9239614e-01  1.6864000e+02]
 [ 9.9194864e-01  2.1713100e-02 -1.2270714e-01 -1.1710000e+03]
 [ 0.0000000e+00  0.0000000e+00  0.0000000e+00  1.0000000e+00]]
[-0094.84, +0039.09, -1085.76]
1950, 1950, 2250
[[-1.0269000e-01  6.9515500e-01 -7.1115300e-01 -6.8530000e+01]
 [ 6.9593400e-02  7.1844702e-01  6.9200374e-01  1.6859000e+02]
 [ 9.9203620e-01  2.1724260e-02 -1.2209898e-01 -1.1710100e+03]
 [ 0.0000000e+00  0.0000000e+00  0.0000000e+00  1.0000000e+00]]
[-0114.44, +0026.10, -1096.45]
1950, 2250, 750
[[-1.0019780e-01  6.9830544e-01 -7.0850448e-01 -6.7990000e+01]
 [ 6.9747360e-02  7.1544718e-01  6.9511134e-01  1.6857000e+02]
 [ 9.9234288e-01  2.0346540e-02 -1.2034898e-01 -1.1710500e+03]
 [ 0.0000000e+00  0.0000000e+00  0.0000000e+00  1.0000000e+00]]
[-0021.68, +0080.30, -1105.65]
1950, 2250, 1050
[[-1.0264498e-01  6.9729942e-01 -7.0907998e-01 -6.8260000e+01]
 [ 7.1131620e-02  7.1639452e-01  6.9397782e-01  1.6877000e+02]
 [ 9.9194818e-01  2.0938980e-02 -1.2308146e-01 -1.1710800e+03]
 [ 0.0000000e+00  0.0000000e+00  0.0000000e+00  1.0000000e+00]]
[-0015.70, +0058.91, -1115.03]
1950, 2250, 1350
[[-1.0155986e-01  6.9741954e-01 -7.0924254e-01 -6.8190000e+01]
 [ 6.9903060e-02  7.1630702e-01  6.9422558e-01  1.6860000e+02]
 [ 9.9223614e-01  2.1013780e-02 -1.2146788e-01 -1.1710400e+03]
 [ 0.0000000e+00  0.0000000e+00  0.0000000e+00  1.0000000e+00]]
[-0028.06, +0050.43, -1102.69]
1950, 2250, 1650
[[-1.0176538e-01  6.9738538e-01 -7.0923514e-01 -6.8200000e+01]
 [ 6.9380180e-02  7.1632182e-01  6.9425974e-01  1.6853000e+02]
 [ 9.9224354e-01  2.1536660e-02 -1.2124756e-01 -1.1710200e+03]
 [ 0.0000000e+00  0.0000000e+00  0.0000000e+00  1.0000000e+00]]
[-0047.79, +0038.74, -1092.78]
1950, 2250, 1950
[[-1.0194114e-01  6.9698832e-01 -7.0937586e-01 -6.8240000e+01]
 [ 6.9330240e-02  7.1664476e-01  6.9387248e-01  1.6850000e+02]
 [ 9.9206862e-01  2.1748160e-02 -1.2130594e-01 -1.1710000e+03]
 [ 0.0000000e+00  0.0000000e+00  0.0000000e+00  1.0000000e+00]]
[-0070.08, +0025.58, -1090.86]
2250, 750, 750
[[-1.0260112e-01  6.9793876e-01 -7.0850876e-01 -6.8180000e+01]
 [ 7.0550360e-02  7.1577072e-01  6.9469388e-01  1.6857000e+02]
 [ 9.9203116e-01  2.1410920e-02 -1.2263440e-01 -1.1709800e+03]
 [ 0.0000000e+00  0.0000000e+00  0.0000000e+00  1.0000000e+00]]
[-0084.47, +0134.28, -1159.30]
2250, 750, 1050
[[-1.0354004e-01  6.9711126e-01 -7.0923114e-01 -6.8300000e+01]
 [ 6.9478740e-02  7.1654918e-01  6.9401098e-01  1.6854000e+02]
 [ 9.9204114e-01  2.2680980e-02 -1.2258922e-01 -1.1709800e+03]
 [ 0.0000000e+00  0.0000000e+00  0.0000000e+00  1.0000000e+00]]
[-0103.22, +0129.11, -1151.30]
2250, 750, 1350
[[-1.0420050e-01  6.9687362e-01 -7.0943516e-01 -6.8340000e+01]
 [ 6.9099860e-02  7.1677614e-01  6.9383212e-01  1.6852000e+02]
 [ 9.9204652e-01  2.3344360e-02 -1.2281700e-01 -1.1709900e+03]
 [ 0.0000000e+00  0.0000000e+00  0.0000000e+00  1.0000000e+00]]
[-0121.29, +0119.92, -1149.21]
2250, 750, 1650
[[-1.0759428e-01  6.9443800e-01 -7.1126196e-01 -6.8760000e+01]
 [ 6.8603400e-02  7.1904300e-01  6.9151880e-01  1.6847000e+02]
 [ 9.9168104e-01  2.5701000e-02 -1.2497172e-01 -1.1709100e+03]
 [ 0.0000000e+00  0.0000000e+00  0.0000000e+00  1.0000000e+00]]
[-0135.83, +0107.73, -1150.48]
2250, 750, 1950
[[-1.1716452e-01  6.8718900e-01 -7.1654880e-01 -7.0010000e+01]
 [ 6.7296000e-02  7.2566348e-01  6.8464300e-01  1.6828000e+02]
 [ 9.9052620e-01  3.2188000e-02 -1.3119700e-01 -1.1706400e+03]
 [ 0.0000000e+00  0.0000000e+00  0.0000000e+00  1.0000000e+00]]
[-0145.48, +0095.11, -1149.87]
2250, 750, 2250
[[-1.1782866e-01  6.8726478e-01 -7.1631648e-01 -6.9990000e+01]
 [ 6.7435020e-02  7.2556142e-01  6.8472448e-01  1.6830000e+02]
 [ 9.9040128e-01  3.2591680e-02 -1.3175908e-01 -1.1706300e+03]
 [ 0.0000000e+00  0.0000000e+00  0.0000000e+00  1.0000000e+00]]
[-0145.49, +0095.11, -1149.91]
2250, 1050, 750
[[-1.0540570e-01  6.9541780e-01 -7.1041670e-01 -6.8560000e+01]
 [ 7.0597240e-02  7.1813240e-01  6.9220732e-01  1.6874000e+02]
 [ 9.9162182e-01  2.3000600e-02 -1.2471954e-01 -1.1709800e+03]
 [ 0.0000000e+00  0.0000000e+00  0.0000000e+00  1.0000000e+00]]
[-0065.69, +0129.87, -1146.35]
2250, 1050, 1050
[[-1.0558242e-01  6.9475518e-01 -7.1112882e-01 -6.8650000e+01]
 [ 6.9973620e-02  7.1878316e-01  6.9161882e-01  1.6872000e+02]
 [ 9.9171198e-01  2.3412380e-02 -1.2445042e-01 -1.1709500e+03]
 [ 0.0000000e+00  0.0000000e+00  0.0000000e+00  1.0000000e+00]]
[-0084.77, +0125.56, -1133.14]
2250, 1050, 1350
[[-1.0627172e-01  6.9468810e-01 -7.1109726e-01 -6.8680000e+01]
 [ 6.9033300e-02  7.1881100e-01  6.9168590e-01  1.6869000e+02]
 [ 9.9170826e-01  2.4564700e-02 -1.2429172e-01 -1.1710100e+03]
 [ 0.0000000e+00  0.0000000e+00  0.0000000e+00  1.0000000e+00]]
[-0106.24, +0117.94, -1128.56]
2250, 1050, 1650
[[-1.0718388e-01  6.9422980e-01 -7.1137792e-01 -6.8760000e+01]
 [ 6.9370400e-02  7.1923484e-01  6.9120380e-01  1.6863000e+02]
 [ 9.9156508e-01  2.4898400e-02 -1.2519028e-01 -1.1710300e+03]
 [ 0.0000000e+00  0.0000000e+00  0.0000000e+00  1.0000000e+00]]
[-0126.45, +0104.99, -1128.49]
2250, 1050, 1950
[[-1.0967250e-01  6.9275570e-01 -7.1257340e-01 -6.8990000e+01]
 [ 6.9139700e-02  7.2063342e-01  6.8980540e-01  1.6846000e+02]
 [ 9.9140860e-01  2.6482600e-02 -1.2689508e-01 -1.1708000e+03]
 [ 0.0000000e+00  0.0000000e+00  0.0000000e+00  1.0000000e+00]]
[-0139.86, +0090.04, -1131.82]
2250, 1050, 2250
[[-1.1522410e-01  6.8827242e-01 -7.1595126e-01 -6.9750000e+01]
 [ 6.7037460e-02  7.2471206e-01  6.8570778e-01  1.6824000e+02]
 [ 9.9086382e-01  3.1148940e-02 -1.2959540e-01 -1.1706800e+03]
 [ 0.0000000e+00  0.0000000e+00  0.0000000e+00  1.0000000e+00]]
[-0144.63, +0080.73, -1131.93]
2250, 1350, 750
[[-1.0401040e-01  6.9567856e-01 -7.1040192e-01 -6.8450000e+01]
 [ 7.0345600e-02  7.1791280e-01  6.9246960e-01  1.6875000e+02]
 [ 9.9181200e-01  2.2225920e-02 -1.2354384e-01 -1.1709900e+03]
 [ 0.0000000e+00  0.0000000e+00  0.0000000e+00  1.0000000e+00]]
[-0048.83, +0120.92, -1139.98]
2250, 1350, 1050
[[-1.0456840e-01  6.9523032e-01 -7.1085096e-01 -6.8550000e+01]
 [ 6.9897360e-02  7.1835184e-01  6.9208392e-01  1.6869000e+02]
 [ 9.9185112e-01  2.2816560e-02 -1.2366280e-01 -1.1709700e+03]
 [ 0.0000000e+00  0.0000000e+00  0.0000000e+00  1.0000000e+00]]
[-0066.73, +0118.14, -1123.95]
2250, 1350, 1350
[[-1.0571332e-01  6.9496046e-01 -7.1102990e-01 -6.8590000e+01]
 [ 6.9100460e-02  7.1859212e-01  6.9193670e-01  1.6868000e+02]
 [ 9.9184610e-01  2.4108700e-02 -1.2395220e-01 -1.1709600e+03]
 [ 0.0000000e+00  0.0000000e+00  0.0000000e+00  1.0000000e+00]]
[-0088.33, +0111.01, -1114.24]
2250, 1350, 1650
[[-1.0484746e-01  6.9486654e-01 -7.1112672e-01 -6.8620000e+01]
 [ 6.9533580e-02  7.1868070e-01  6.9176904e-01  1.6866000e+02]
 [ 9.9181944e-01  2.3233920e-02 -1.2361300e-01 -1.1709500e+03]
 [ 0.0000000e+00  0.0000000e+00  0.0000000e+00  1.0000000e+00]]
[-0109.50, +0100.02, -1111.35]
2250, 1350, 1950
[[-1.0631778e-01  6.9404804e-01 -7.1166588e-01 -6.8750000e+01]
 [ 6.9612840e-02  7.1943288e-01  6.9096824e-01  1.6860000e+02]
 [ 9.9162748e-01  2.4090960e-02 -1.2474090e-01 -1.1709100e+03]
 [ 0.0000000e+00  0.0000000e+00  0.0000000e+00  1.0000000e+00]]
[-0129.47, +0083.96, -1115.43]
2250, 1350, 2250
[[-1.1119636e-01  6.9037794e-01 -7.1464386e-01 -6.9370000e+01]
 [ 6.8467140e-02  7.2287020e-01  6.8752938e-01  1.6829000e+02]
 [ 9.9128694e-01  2.7616980e-02 -1.2761380e-01 -1.1707400e+03]
 [ 0.0000000e+00  0.0000000e+00  0.0000000e+00  1.0000000e+00]]
[-0137.61, +0068.66, -1118.08]
2250, 1650, 750
[[-1.0436352e-01  6.9586048e-01 -7.1032320e-01 -6.8420000e+01]
 [ 7.1220480e-02  7.1778798e-01  6.9254920e-01  1.6884000e+02]
 [ 9.9182080e-01  2.1793200e-02 -1.2443154e-01 -1.1710500e+03]
 [ 0.0000000e+00  0.0000000e+00  0.0000000e+00  1.0000000e+00]]
[-0035.11, +0109.45, -1136.84]
2250, 1650, 1050
[[-1.0449442e-01  6.9578678e-01 -7.1032590e-01 -6.8480000e+01]
 [ 7.0068220e-02  7.1781758e-01  6.9262290e-01  1.6869000e+02]
 [ 9.9185310e-01  2.2733100e-02 -1.2371300e-01 -1.1709700e+03]
 [ 0.0000000e+00  0.0000000e+00  0.0000000e+00  1.0000000e+00]]
[-0049.50, +0106.76, -1120.01]
2250, 1650, 1350
[[-1.0477344e-01  6.9565088e-01 -7.1035968e-01 -6.8500000e+01]
 [ 7.0034880e-02  7.1792736e-01  6.9249728e-01  1.6867000e+02]
 [ 9.9178432e-01  2.2961280e-02 -1.2388224e-01 -1.1709500e+03]
 [ 0.0000000e+00  0.0000000e+00  0.0000000e+00  1.0000000e+00]]
[-0068.80, +0100.52, -1106.68]
2250, 1650, 1650
[[-1.0505250e-01  6.9542668e-01 -7.1058424e-01 -6.8560000e+01]
 [ 6.9810680e-02  7.1814680e-01  6.9230456e-01  1.6862000e+02]
 [ 9.9180376e-01  2.3256560e-02 -1.2394186e-01 -1.1709200e+03]
 [ 0.0000000e+00  0.0000000e+00  0.0000000e+00  1.0000000e+00]]
[-0090.43, +0090.33, -1099.93]
2250, 1650, 1950
[[-1.0477344e-01  6.9519536e-01 -7.1084384e-01 -6.8590000e+01]
 [ 6.9374240e-02  7.1836608e-01  6.9211888e-01  1.6857000e+02]
 [ 9.9185824e-01  2.3339680e-02 -1.2344352e-01 -1.1709500e+03]
 [ 0.0000000e+00  0.0000000e+00  0.0000000e+00  1.0000000e+00]]
[-0114.27, +0075.01, -1101.70]
2250, 1650, 2250
[[-1.0548000e-01  6.9400040e-01 -7.1204920e-01 -6.8730000e+01]
 [ 6.9053200e-02  7.1954222e-01  6.9096598e-01  1.6847000e+02]
 [ 9.9190840e-01  2.3786020e-02 -1.2379378e-01 -1.1708800e+03]
 [ 0.0000000e+00  0.0000000e+00  0.0000000e+00  1.0000000e+00]]
[-0126.39, +0059.48, -1107.48]
2250, 1950, 750
[[-1.0373146e-01  6.9672506e-01 -7.0940034e-01 -6.8250000e+01]
 [ 7.1699540e-02  7.1692262e-01  6.9335142e-01  1.6892000e+02]
 [ 9.9173274e-01  2.1241620e-02 -1.2425508e-01 -1.1710500e+03]
 [ 0.0000000e+00  0.0000000e+00  0.0000000e+00  1.0000000e+00]]
[-0024.68, +0096.78, -1132.78]
2250, 1950, 1050
[[-1.0236628e-01  6.9720754e-01 -7.0928790e-01 -6.8170000e+01]
 [ 7.0834540e-02  7.1650478e-01  6.9391470e-01  1.6863000e+02]
 [ 9.9205350e-01  2.0899500e-02 -1.2269250e-01 -1.1710000e+03]
 [ 0.0000000e+00  0.0000000e+00  0.0000000e+00  1.0000000e+00]]
[-0033.66, +0090.98, -1118.23]
2250, 1950, 1350
[[-1.0201428e-01  6.9716558e-01 -7.0931474e-01 -6.8170000e+01]
 [ 7.0098820e-02  7.1651990e-01  6.9395666e-01  1.6852000e+02]
 [ 9.9209546e-01  2.1209540e-02 -1.2191482e-01 -1.1709500e+03]
 [ 0.0000000e+00  0.0000000e+00  0.0000000e+00  1.0000000e+00]]
[-0047.99, +0084.63, -1104.44]
2250, 1950, 1650
[[-1.0287978e-01  6.9698200e-01 -7.0932070e-01 -6.8220000e+01]
 [ 6.9388000e-02  7.1665200e-01  6.9387880e-01  1.6848000e+02]
 [ 9.9202070e-01  2.2328800e-02 -1.2203178e-01 -1.1709400e+03]
 [ 0.0000000e+00  0.0000000e+00  0.0000000e+00  1.0000000e+00]]
[-0068.49, +0076.12, -1095.15]
2250, 1950, 1950
[[-1.0257156e-01  6.9671838e-01 -7.0976438e-01 -6.8270000e+01]
 [ 6.9651620e-02  7.1696022e-01  6.9357078e-01  1.6845000e+02]
 [ 9.9213438e-01  2.1800780e-02 -1.2203178e-01 -1.1709100e+03]
 [ 0.0000000e+00  0.0000000e+00  0.0000000e+00  1.0000000e+00]]
[-0093.57, +0062.16, -1093.41]
2250, 2250, 750
[[-1.0180900e-01  6.9725120e-01 -7.0946160e-01 -6.8080000e+01]
 [ 7.0570400e-02  7.1650478e-01  6.9397746e-01  1.6854000e+02]
 [ 9.9222720e-01  2.0631540e-02 -1.2213522e-01 -1.1709500e+03]
 [ 0.0000000e+00  0.0000000e+00  0.0000000e+00  1.0000000e+00]]
[-0015.58, +0072.20, -1114.57]
2250, 2250, 1050
[[-1.053450e-01  6.926713e-01 -7.132379e-01 -6.874000e+01]
 [ 7.148770e-02  7.208550e-01  6.893159e-01  1.689600e+02]
 [ 9.916609e-01  2.175710e-02 -1.254090e-01 -1.171150e+03]
 [ 0.000000e+00  0.000000e+00  0.000000e+00  1.000000e+00]]
[-0044.13, +0063.73, -1100.91]
2250, 2250, 1350
[[-1.0590388e-01  6.9276774e-01 -7.1301186e-01 -6.8730000e+01]
 [ 7.1889540e-02  7.2074558e-01  6.8937558e-01  1.6895000e+02]
 [ 9.9153666e-01  2.1901020e-02 -1.2607730e-01 -1.1711400e+03]
 [ 0.0000000e+00  0.0000000e+00  0.0000000e+00  1.0000000e+00]]
[-0044.18, +0063.37, -1100.89]
2250, 2250, 1650
[[-1.0501536e-01  7.0027008e-01 -7.0568952e-01 -6.8200000e+01]
 [ 6.9833280e-02  7.1336174e-01  6.9719708e-01  1.6841000e+02]
 [ 9.9171528e-01  2.4130280e-02 -1.2374386e-01 -1.1709800e+03]
 [ 0.0000000e+00  0.0000000e+00  0.0000000e+00  1.0000000e+00]]
[-0052.50, +0059.66, -1098.15]
