1220, 1220, 1220
[[-4.5178180e-02  9.2830042e-01  3.6847558e-01 -2.0360000e+01]
 [ 1.6506380e-02 -3.6789636e-01  9.2940842e-01  1.4424000e+02]
 [ 9.9862078e-01  4.8278380e-02  1.5978200e-03 -1.1710700e+03]
 [ 0.0000000e+00  0.0000000e+00  0.0000000e+00  1.0000000e+00]]
[-0158.16, +0104.19, -1072.10]
1426, 1490, 2058
[[-4.5762820e-02  9.2867048e-01  3.6753828e-01 -2.0440000e+01]
 [ 1.6791920e-02 -3.6696904e-01  9.2980572e-01  1.4437000e+02]
 [ 9.9861468e-01  4.8905880e-02  1.4647800e-03 -1.1710500e+03]
 [ 0.0000000e+00  0.0000000e+00  0.0000000e+00  1.0000000e+00]]
[-0201.21, +0137.72, -1112.75]
2179, 1277, 1441
[[-4.5635280e-02  9.2871000e-01  3.6738148e-01 -2.0450000e+01]
 [ 1.8395600e-02 -3.6670746e-01  9.2984100e-01  1.4444000e+02]
 [ 9.9856548e-01  4.9400600e-02 -4.8180000e-05 -1.1710500e+03]
 [ 0.0000000e+00  0.0000000e+00  0.0000000e+00  1.0000000e+00]]
[-0093.17, +0143.95, -1115.47]
1479, 1463, 1790
[[-4.6000680e-02  9.2850928e-01  3.6781776e-01 -2.0420000e+01]
 [ 1.6953120e-02 -3.6720690e-01  9.2965826e-01  1.4434000e+02]
 [ 9.9856496e-01  4.9217940e-02  1.4647800e-03 -1.1710600e+03]
 [ 0.0000000e+00  0.0000000e+00  0.0000000e+00  1.0000000e+00]]
[-0182.64, +0125.91, -1093.42]
813, 1138, 1055
[[-4.5546580e-02  9.2794482e-01  3.6919550e-01 -2.0300000e+01]
 [ 1.5384180e-02 -3.6862658e-01  9.2907090e-01  1.4413000e+02]
 [ 9.9857410e-01  4.8247500e-02  2.8790000e-03 -1.1710800e+03]
 [ 0.0000000e+00  0.0000000e+00  0.0000000e+00  1.0000000e+00]]
[-0189.85, +0081.96, -1074.01]
1463, 1504, 1342
[[-4.5598240e-02  9.2848232e-01  3.6801736e-01 -2.0370000e+01]
 [ 1.7079440e-02 -3.6742864e-01  9.2961032e-01  1.4430000e+02]
 [ 9.9861128e-01  4.8863440e-02  1.1697600e-03 -1.1710500e+03]
 [ 0.0000000e+00  0.0000000e+00  0.0000000e+00  1.0000000e+00]]
[-0145.41, +0094.12, -1080.97]
1151, 1987, 1799
[[-4.6165300e-02  9.2869740e-01  3.6733860e-01 -2.0390000e+01]
 [ 1.6665480e-02 -3.6674746e-01  9.2985360e-01  1.4436000e+02]
 [ 9.9856836e-01  4.9260480e-02  1.7596000e-03 -1.1710800e+03]
 [ 0.0000000e+00  0.0000000e+00  0.0000000e+00  1.0000000e+00]]
[-0209.36, +0066.59, -1125.48]
1770, 1864, 1602
[[-4.6018980e-02  9.2878300e-01  3.6747698e-01 -2.0410000e+01]
 [ 1.7533400e-02 -3.6696100e-01  9.2992700e-01  1.4441000e+02]
 [ 9.9868402e-01  4.9333400e-02  7.4102000e-04 -1.1710800e+03]
 [ 0.0000000e+00  0.0000000e+00  0.0000000e+00  1.0000000e+00]]
[-0141.03, +0090.85, -1093.46]
2166, 1487, 2199
[[-4.6644820e-02  9.2922472e-01  3.6618838e-01 -2.0620000e+01]
 [ 1.9454320e-02 -3.6554272e-01  9.3040072e-01  1.4463000e+02]
 [ 9.9858602e-01  5.0649680e-02 -8.4354000e-04 -1.1710400e+03]
 [ 0.0000000e+00  0.0000000e+00  0.0000000e+00  1.0000000e+00]]
[-0150.06, +0159.02, -1118.67]
1419, 1260, 1182
[[-4.5909460e-02  9.2812710e-01  3.6877184e-01 -2.0380000e+01]
 [ 1.7369340e-02 -3.6813426e-01  9.2927280e-01  1.4424000e+02]
 [ 9.9855440e-01  4.9292160e-02  1.1044400e-03 -1.1710700e+03]
 [ 0.0000000e+00  0.0000000e+00  0.0000000e+00  1.0000000e+00]]
[-0136.57, +0105.59, -1074.97]
1573, 852, 1627
[[-4.5671560e-02  9.2840736e-01  3.6841012e-01 -2.0440000e+01]
 [ 1.7089080e-02 -3.6789636e-01  9.2953536e-01  1.4427000e+02]
 [ 9.9868624e-01  4.8865080e-02  1.1044400e-03 -1.1710400e+03]
 [ 0.0000000e+00  0.0000000e+00  0.0000000e+00  1.0000000e+00]]
[-0148.72, +0179.62, -1108.67]
840, 1887, 1804
[[-4.5836100e-02  9.2851334e-01  3.6781212e-01 -2.0360000e+01]
 [ 1.6719300e-02 -3.6720690e-01  9.2965420e-01  1.4428000e+02]
 [ 9.9857060e-01  4.8984120e-02  1.6293600e-03 -1.1710500e+03]
 [ 0.0000000e+00  0.0000000e+00  0.0000000e+00  1.0000000e+00]]
[-0227.39, +0067.90, -1145.67]
1748, 2138, 1318
[[-4.5068100e-02  9.2887880e-01  3.6709030e-01 -2.0380000e+01]
 [ 1.7767040e-02 -3.6646980e-01  9.2998072e-01  1.4446000e+02]
 [ 9.9862678e-01  4.8620800e-02  2.8134000e-04 -1.1710600e+03]
 [ 0.0000000e+00  0.0000000e+00  0.0000000e+00  1.0000000e+00]]
[-0128.02, +0051.27, -1115.45]
1333, 2153, 1516
[[-4.5854280e-02  9.2870466e-01  3.6735238e-01 -2.0380000e+01]
 [ 1.7217260e-02 -3.6673122e-01  9.2984634e-01  1.4439000e+02]
 [ 9.9857082e-01  4.9176260e-02  1.1355000e-03 -1.1710600e+03]
 [ 0.0000000e+00  0.0000000e+00  0.0000000e+00  1.0000000e+00]]
[-0175.15, +0044.26, -1121.62]
1918, 1382, 1955
[[-4.5470500e-02  9.2871390e-01  3.6737570e-01 -2.0490000e+01]
 [ 1.8161820e-02 -3.6670746e-01  9.2983710e-01  1.4445000e+02]
 [ 9.9857126e-01  4.9166820e-02  1.1660000e-04 -1.1710600e+03]
 [ 0.0000000e+00  0.0000000e+00  0.0000000e+00  1.0000000e+00]]
[-0150.15, +0158.15, -1107.57]
1902, 1651, 1927
[[-4.5945940e-02  9.2858350e-01  3.6745020e-01 -2.0440000e+01]
 [ 1.7962700e-02 -3.6672322e-01  9.2973372e-01  1.4441000e+02]
 [ 9.9848100e-01  4.9599720e-02  5.7628000e-04 -1.1710500e+03]
 [ 0.0000000e+00  0.0000000e+00  0.0000000e+00  1.0000000e+00]]
[-0154.26, +0129.75, -1097.19]
1134, 1301, 1173
[[-4.5489640e-02  9.2821982e-01  3.6886430e-01 -2.0360000e+01]
 [ 1.6357100e-02 -3.6837220e-01  9.2933890e-01  1.4421000e+02]
 [ 9.9869182e-01  4.8438740e-02  1.7622000e-03 -1.1710600e+03]
 [ 0.0000000e+00  0.0000000e+00  0.0000000e+00  1.0000000e+00]]
[-0164.99, +0088.43, -1074.00]
1858, 2198, 961
[[-4.3920000e-02  9.2951784e-01  3.6550312e-01 -2.0250000e+01]
 [ 1.8837200e-02 -3.6479250e-01  9.3056460e-01  1.4469000e+02]
 [ 9.9861960e-01  4.7978120e-02 -1.1675400e-03 -1.1711400e+03]
 [ 0.0000000e+00  0.0000000e+00  0.0000000e+00  1.0000000e+00]]
[-0105.70, +0044.58, -1136.45]
1461, 1200, 1040
[[-4.5013800e-02  9.2838660e-01  3.6858900e-01 -2.0360000e+01]
 [ 1.6354680e-02 -3.6812626e-01  9.2948110e-01  1.4425000e+02]
 [ 9.9874524e-01  4.7967820e-02  1.5323000e-03 -1.1710600e+03]
 [ 0.0000000e+00  0.0000000e+00  0.0000000e+00  1.0000000e+00]]
[-0119.42, +0104.88, -1076.81]
1782, 1934, 852
[[-4.5287220e-02  9.2880060e-01  3.6746398e-01 -2.0340000e+01]
 [ 1.6991000e-02 -3.6695304e-01  9.2990940e-01  1.4441000e+02]
 [ 9.9870498e-01  4.8473000e-02  1.0051800e-03 -1.1711100e+03]
 [ 0.0000000e+00  0.0000000e+00  0.0000000e+00  1.0000000e+00]]
[-0093.42, +0049.54, -1130.69]
1943, 1126, 955
[[-4.4958100e-02  9.2834202e-01  3.6830306e-01 -2.0400000e+01]
 [ 1.7483460e-02 -3.6764274e-01  9.2944182e-01  1.4433000e+02]
 [ 9.9857918e-01  4.8465060e-02  6.4460000e-04 -1.1710800e+03]
 [ 0.0000000e+00  0.0000000e+00  0.0000000e+00  1.0000000e+00]]
[-0072.49, +0124.37, -1113.83]
2108, 1054, 1500
[[-4.6586320e-02  9.2865028e-01  3.6756688e-01 -2.0470000e+01]
 [ 1.7960920e-02 -3.6696904e-01  9.2982592e-01  1.4443000e+02]
 [ 9.9858608e-01  5.0074880e-02  6.4128000e-04 -1.1711000e+03]
 [ 0.0000000e+00  0.0000000e+00  0.0000000e+00  1.0000000e+00]]
[-0100.42, +0163.64, -1121.29]
1037, 1100, 1834
[[-4.5982900e-02  9.2828118e-01  3.6847866e-01 -2.0420000e+01]
 [ 1.6656420e-02 -3.6791252e-01  9.2942766e-01  1.4426000e+02]
 [ 9.9860154e-01  4.9063860e-02  1.7286200e-03 -1.1710500e+03]
 [ 0.0000000e+00  0.0000000e+00  0.0000000e+00  1.0000000e+00]]
[-0218.63, +0144.83, -1116.02]
2019, 1369, 1867
[[-4.5562440e-02  9.2886716e-01  3.6710752e-01 -2.0480000e+01]
 [ 1.8468320e-02 -3.6646980e-01  9.2999236e-01  1.4447000e+02]
 [ 9.9860956e-01  4.9322080e-02 -2.1300000e-04 -1.1710500e+03]
 [ 0.0000000e+00  0.0000000e+00  0.0000000e+00  1.0000000e+00]]
[-0134.66, +0156.37, -1107.37]
2133, 1520, 1041
[[-4.4811780e-02  9.2869296e-01  3.6755412e-01 -2.0410000e+01]
 [ 1.7427840e-02 -3.6693736e-01  9.2978324e-01  1.4444000e+02]
 [ 9.9863052e-01  4.8269960e-02  5.4542000e-04 -1.1710800e+03]
 [ 0.0000000e+00  0.0000000e+00  0.0000000e+00  1.0000000e+00]]
[-0074.99, +0100.98, -1122.30]
1128, 1240, 1129
[[-4.5744960e-02  9.2825008e-01  3.6868392e-01 -2.0360000e+01]
 [ 1.7016480e-02 -3.6813426e-01  9.2938372e-01  1.4424000e+02]
 [ 9.9864232e-01  4.8943320e-02  1.2689400e-03 -1.1710700e+03]
 [ 0.0000000e+00  0.0000000e+00  0.0000000e+00  1.0000000e+00]]
[-0160.72, +0092.03, -1071.37]
1847, 1489, 1665
[[-4.5945940e-02  9.2858350e-01  3.6745020e-01 -2.0450000e+01]
 [ 1.7962700e-02 -3.6672322e-01  9.2973372e-01  1.4442000e+02]
 [ 9.9848100e-01  4.9599720e-02  5.7628000e-04 -1.1710700e+03]
 [ 0.0000000e+00  0.0000000e+00  0.0000000e+00  1.0000000e+00]]
[-0136.22, +0129.41, -1091.59]
1170, 1135, 1480
[[-4.6311940e-02  9.2823632e-01  3.6869124e-01 -2.0400000e+01]
 [ 1.7325440e-02 -3.6814234e-01  9.2939748e-01  1.4425000e+02]
 [ 9.9862692e-01  4.9569960e-02  1.1697600e-03 -1.1710400e+03]
 [ 0.0000000e+00  0.0000000e+00  0.0000000e+00  1.0000000e+00]]
[-0184.92, +0128.20, -1081.73]
1983, 1615, 1530
[[-4.5232840e-02  9.2883848e-01  3.6729720e-01 -2.0440000e+01]
 [ 1.8202000e-02 -3.6669970e-01  9.2994630e-01  1.4446000e+02]
 [ 9.9865752e-01  4.8892860e-02 -1.1330000e-04 -1.1710600e+03]
 [ 0.0000000e+00  0.0000000e+00  0.0000000e+00  1.0000000e+00]]
[-0115.38, +0114.25, -1096.31]
1176, 1978, 2032
[[-4.6256800e-02  9.2885040e-01  3.6707040e-01 -2.0450000e+01]
 [ 1.6971840e-02 -3.6650960e-01  9.3000912e-01  1.4441000e+02]
 [ 9.9860688e-01  4.9416000e-02  1.4302400e-03 -1.1710500e+03]
 [ 0.0000000e+00  0.0000000e+00  0.0000000e+00  1.0000000e+00]]
[-0218.79, +0082.85, -1133.72]
819, 1243, 976
[[-4.5234720e-02  9.2795164e-01  3.6920916e-01 -2.0300000e+01]
 [ 1.5935640e-02 -3.6861018e-01  9.2906408e-01  1.4412000e+02]
 [ 9.9857684e-01  4.8163920e-02  2.2551000e-03 -1.1710600e+03]
 [ 0.0000000e+00  0.0000000e+00  0.0000000e+00  1.0000000e+00]]
[-0181.96, +0064.87, -1077.46]
1194, 1970, 1351
[[-4.5287220e-02  9.2856284e-01  3.6762858e-01 -2.0360000e+01]
 [ 1.7228760e-02 -3.6695304e-01  9.2967956e-01  1.4433000e+02]
 [ 9.9854038e-01  4.8702840e-02  1.0051800e-03 -1.1710600e+03]
 [ 0.0000000e+00  0.0000000e+00  0.0000000e+00  1.0000000e+00]]
[-0174.72, +0042.61, -1113.74]
1373, 1514, 829
[[-4.5013800e-02  9.2811196e-01  3.6895448e-01 -2.0330000e+01]
 [ 1.6793680e-02 -3.6835620e-01  9.2921284e-01  1.4422000e+02]
 [ 9.9861764e-01  4.8236080e-02  1.3023600e-03 -1.1710900e+03]
 [ 0.0000000e+00  0.0000000e+00  0.0000000e+00  1.0000000e+00]]
[-0111.51, +0058.90, -1093.42]
1115, 1834, 2092
[[-4.6165300e-02  9.2881634e-01  3.6725628e-01 -2.0440000e+01]
 [ 1.6546540e-02 -3.6674746e-01  9.2996844e-01  1.4438000e+02]
 [ 9.9865068e-01  4.9145640e-02  1.7596000e-03 -1.1710700e+03]
 [ 0.0000000e+00  0.0000000e+00  0.0000000e+00  1.0000000e+00]]
[-0225.35, +0096.40, -1136.30]
1662, 1174, 1421
[[-4.5507060e-02  9.2832912e-01  3.6828556e-01 -2.0400000e+01]
 [ 1.6772960e-02 -3.6766650e-01  9.2945472e-01  1.4430000e+02]
 [ 9.9857292e-01  4.8707840e-02  1.4988000e-03 -1.1710800e+03]
 [ 0.0000000e+00  0.0000000e+00  0.0000000e+00  1.0000000e+00]]
[-0127.72, +0139.95, -1086.20]
1148, 1392, 2193
[[-4.6732560e-02  9.2864688e-01  3.6754716e-01 -2.0470000e+01]
 [ 1.7175360e-02 -3.6698536e-01  9.2982932e-01  1.4436000e+02]
 [ 9.9858948e-01  4.9925240e-02  1.4302400e-03 -1.1710700e+03]
 [ 0.0000000e+00  0.0000000e+00  0.0000000e+00  1.0000000e+00]]
[-0224.63, +0138.20, -1139.06]
1190, 1234, 1985
[[-4.6311940e-02  9.2842870e-01  3.6820644e-01 -2.0430000e+01]
 [ 1.6803940e-02 -3.6768274e-01  9.2958900e-01  1.4430000e+02]
 [ 9.9863580e-01  4.9378440e-02  1.6293600e-03 -1.1710700e+03]
 [ 0.0000000e+00  0.0000000e+00  0.0000000e+00  1.0000000e+00]]
[-0212.59, +0145.04, -1118.70]
1551, 837, 1030
[[-4.5251700e-02  9.2810640e-01  3.6895050e-01 -2.0380000e+01]
 [ 1.6634880e-02 -3.6836416e-01  9.2921840e-01  1.4420000e+02]
 [ 9.9861366e-01  4.8394880e-02  1.5323000e-03 -1.1710600e+03]
 [ 0.0000000e+00  0.0000000e+00  0.0000000e+00  1.0000000e+00]]
[-0101.48, +0148.25, -1088.41]
2040, 1628, 1089
[[-4.5781200e-02  9.2870636e-01  3.6736208e-01 -2.0400000e+01]
 [ 1.7610040e-02 -3.6672322e-01  9.2984464e-01  1.4444000e+02]
 [ 9.9856912e-01  4.9251040e-02  7.4102000e-04 -1.1711100e+03]
 [ 0.0000000e+00  0.0000000e+00  0.0000000e+00  1.0000000e+00]]
[-0082.45, +0092.04, -1114.95]
881, 2049, 1775
[[-4.5671560e-02  9.2867302e-01  3.6752306e-01 -2.0350000e+01]
 [ 1.6165340e-02 -3.6697716e-01  9.2980318e-01  1.4432000e+02]
 [ 9.9862178e-01  4.8597260e-02  2.0236400e-03 -1.1710700e+03]
 [ 0.0000000e+00  0.0000000e+00  0.0000000e+00  1.0000000e+00]]
[-0218.64, +0056.79, -1149.75]
945, 1175, 1519
[[-4.5087360e-02  9.2814720e-01  3.6874384e-01 -2.0370000e+01]
 [ 1.6199840e-02 -3.6813426e-01  9.2925270e-01  1.4420000e+02]
 [ 9.9858240e-01  4.8122660e-02  1.9265400e-03 -1.1710500e+03]
 [ 0.0000000e+00  0.0000000e+00  0.0000000e+00  1.0000000e+00]]
[-0209.44, +0116.24, -1091.59]
2157, 2053, 1733
[[-4.5509380e-02  9.2913332e-01  3.6625496e-01 -2.0450000e+01]
 [ 1.8956680e-02 -3.6552720e-01  9.3025844e-01  1.4458000e+02]
 [ 9.9853496e-01  4.9511560e-02 -6.4282000e-04 -1.1710700e+03]
 [ 0.0000000e+00  0.0000000e+00  0.0000000e+00  1.0000000e+00]]
[-0125.72, +0092.96, -1105.21]
1740, 2168, 1238
[[-4.5214100e-02  9.2883882e-01  3.6727236e-01 -2.0360000e+01]
 [ 1.7182620e-02 -3.6671530e-01  9.2994596e-01  1.4443000e+02]
 [ 9.9866676e-01  4.8509560e-02  8.4056000e-04 -1.1710600e+03]
 [ 0.0000000e+00  0.0000000e+00  0.0000000e+00  1.0000000e+00]]
[-0127.27, +0045.05, -1121.95]
1314, 1881, 904
[[-4.4226980e-02  9.2844144e-01  3.6840906e-01 -2.0340000e+01]
 [ 1.7022960e-02 -3.6786500e-01  9.2950128e-01  1.4426000e+02]
 [ 9.9871866e-01  4.7527920e-02  6.7798000e-04 -1.1710300e+03]
 [ 0.0000000e+00  0.0000000e+00  0.0000000e+00  1.0000000e+00]]
[-0130.06, +0035.57, -1114.22]
1868, 1734, 837
[[-4.5671560e-02  9.2856298e-01  3.6812666e-01 -2.0360000e+01]
 [ 1.6768940e-02 -3.6766650e-01  9.2968858e-01  1.4434000e+02]
 [ 9.9873182e-01  4.8711860e-02  1.3343000e-03 -1.1711100e+03]
 [ 0.0000000e+00  0.0000000e+00  0.0000000e+00  1.0000000e+00]]
[-0081.44, +0066.58, -1125.28]
1073, 1022, 2047
[[-4.6238580e-02  9.2846696e-01  3.6801494e-01 -2.0470000e+01]
 [ 1.6995440e-02 -3.6744480e-01  9.2962568e-01  1.4429000e+02]
 [ 9.9859754e-01  4.9415120e-02  1.4647800e-03 -1.1710400e+03]
 [ 0.0000000e+00  0.0000000e+00  0.0000000e+00  1.0000000e+00]]
[-0220.09, +0160.93, -1138.77]
2114, 1539, 1277
[[-4.4830480e-02  9.2884804e-01  3.6729532e-01 -2.0430000e+01]
 [ 1.8127240e-02 -3.6669202e-01  9.2993674e-01  1.4445000e+02]
 [ 9.9866708e-01  4.8500060e-02 -1.7850000e-04 -1.1710500e+03]
 [ 0.0000000e+00  0.0000000e+00  0.0000000e+00  1.0000000e+00]]
[-0088.30, +0110.48, -1110.25]
1823, 887, 1551
[[-4.5671560e-02  9.2832510e-01  3.6829118e-01 -2.0450000e+01]
 [ 1.7006820e-02 -3.6766650e-01  9.2945874e-01  1.4429000e+02]
 [ 9.9856730e-01  4.8941700e-02  1.3343000e-03 -1.1710600e+03]
 [ 0.0000000e+00  0.0000000e+00  0.0000000e+00  1.0000000e+00]]
[-0125.02, +0175.55, -1113.61]
1924, 1678, 1522
[[-4.6018980e-02  9.2870064e-01  3.6735808e-01 -2.0430000e+01]
 [ 1.7451040e-02 -3.6673122e-01  9.2985036e-01  1.4443000e+02]
 [ 9.9856512e-01  4.9410040e-02  9.7080000e-04 -1.1710900e+03]
 [ 0.0000000e+00  0.0000000e+00  0.0000000e+00  1.0000000e+00]]
[-0121.69, +0105.70, -1093.97]
1383, 2054, 1179
[[-4.5689620e-02  9.2863552e-01  3.6774916e-01 -2.0350000e+01]
 [ 1.7385920e-02 -3.6719082e-01  9.2976584e-01  1.4436000e+02]
 [ 9.9864964e-01  4.9018960e-02  8.4056000e-04 -1.1710600e+03]
 [ 0.0000000e+00  0.0000000e+00  0.0000000e+00  1.0000000e+00]]
[-0145.97, +0035.23, -1119.08]
2192, 1590, 2085
[[-4.7173000e-02  9.2890060e-01  3.6671240e-01 -2.0560000e+01]
 [ 1.8364400e-02 -3.6604212e-01  9.3010828e-01  1.4457000e+02]
 [ 9.9849740e-01  5.0816720e-02  5.0588000e-04 -1.1710900e+03]
 [ 0.0000000e+00  0.0000000e+00  0.0000000e+00  1.0000000e+00]]
[-0141.50, +0152.00, -1112.62]
1440, 1255, 1080
[[-4.5507060e-02  9.2825572e-01  3.6868792e-01 -2.0380000e+01]
 [ 1.7175320e-02 -3.6812626e-01  9.2937808e-01  1.4425000e+02]
 [ 9.9864632e-01  4.8784480e-02  1.0390400e-03 -1.1710500e+03]
 [ 0.0000000e+00  0.0000000e+00  0.0000000e+00  1.0000000e+00]]
[-0124.87, +0100.64, -1076.38]
1535, 1607, 926
[[-4.5598240e-02  9.2832676e-01  3.6830084e-01 -2.0370000e+01]
 [ 1.7399560e-02 -3.6765850e-01  9.2945708e-01  1.4430000e+02]
 [ 9.9856564e-01  4.9016680e-02  9.3990000e-04 -1.1710600e+03]
 [ 0.0000000e+00  0.0000000e+00  0.0000000e+00  1.0000000e+00]]
[-0106.42, +0063.27, -1098.21]
1146, 1666, 1745
[[-4.6000680e-02  9.2850928e-01  3.6781776e-01 -2.0420000e+01]
 [ 1.6953120e-02 -3.6720690e-01  9.2965826e-01  1.4434000e+02]
 [ 9.9856496e-01  4.9217940e-02  1.4647800e-03 -1.1710600e+03]
 [ 0.0000000e+00  0.0000000e+00  0.0000000e+00  1.0000000e+00]]
[-0209.51, +0091.23, -1107.08]
1078, 1726, 2159
[[-4.6732560e-02  9.2868348e-01  3.6734584e-01 -2.0470000e+01]
 [ 1.6974040e-02 -3.6675570e-01  9.2986752e-01  1.4439000e+02]
 [ 9.9855288e-01  4.9887040e-02  1.6599000e-03 -1.1710600e+03]
 [ 0.0000000e+00  0.0000000e+00  0.0000000e+00  1.0000000e+00]]
[-0229.14, +0107.42, -1141.47]
2011, 1479, 1494
[[-4.5543460e-02  9.2867558e-01  3.6756726e-01 -2.0440000e+01]
 [ 1.7970260e-02 -3.6694516e-01  9.2980062e-01  1.4441000e+02]
 [ 9.9860958e-01  4.9130340e-02  2.8134000e-04 -1.1710700e+03]
 [ 0.0000000e+00  0.0000000e+00  0.0000000e+00  1.0000000e+00]]
[-0107.05, +0127.22, -1099.60]
925, 1124, 1156
[[-4.4849460e-02  9.2807914e-01  3.6915004e-01 -2.0330000e+01]
 [ 1.6760860e-02 -3.6858618e-01  9.2917052e-01  1.4415000e+02]
 [ 9.9865996e-01  4.8040520e-02  1.2367200e-03 -1.1710300e+03]
 [ 0.0000000e+00  0.0000000e+00  0.0000000e+00  1.0000000e+00]]
[-0185.29, +0096.14, -1072.64]
1383, 966, 827
[[-4.5801300e-02  9.2802012e-01  3.6933514e-01 -2.0350000e+01]
 [ 1.6326920e-02 -3.6884820e-01  9.2915436e-01  1.4417000e+02]
 [ 9.9868074e-01  4.8713960e-02  1.9265400e-03 -1.1710900e+03]
 [ 0.0000000e+00  0.0000000e+00  0.0000000e+00  1.0000000e+00]]
[-0100.37, +0113.85, -1077.08]
1617, 1332, 1524
[[-4.5360420e-02  9.2852458e-01  3.6782016e-01 -2.0410000e+01]
 [ 1.7037180e-02 -3.6719082e-01  9.2964296e-01  1.4433000e+02]
 [ 9.9857864e-01  4.8666240e-02  1.1697600e-03 -1.1710600e+03]
 [ 0.0000000e+00  0.0000000e+00  0.0000000e+00  1.0000000e+00]]
[-0144.33, +0129.06, -1084.03]
1855, 952, 840
[[-4.5013800e-02  9.2811196e-01  3.6895448e-01 -2.0370000e+01]
 [ 1.6793680e-02 -3.6835620e-01  9.2921284e-01  1.4425000e+02]
 [ 9.9861764e-01  4.8236080e-02  1.3023600e-03 -1.1710800e+03]
 [ 0.0000000e+00  0.0000000e+00  0.0000000e+00  1.0000000e+00]]
[-0067.47, +0131.46, -1115.46]
1401, 2115, 1486
[[-4.5762820e-02  9.2867048e-01  3.6753828e-01 -2.0390000e+01]
 [ 1.6791920e-02 -3.6696904e-01  9.2980572e-01  1.4440000e+02]
 [ 9.9861468e-01  4.8905880e-02  1.4647800e-03 -1.1710900e+03]
 [ 0.0000000e+00  0.0000000e+00  0.0000000e+00  1.0000000e+00]]
[-0167.68, +0046.39, -1116.04]
1551, 1754, 1525
[[-4.5598240e-02  9.2860124e-01  3.6793508e-01 -2.0400000e+01]
 [ 1.6960520e-02 -3.6742864e-01  9.2972524e-01  1.4434000e+02]
 [ 9.9869356e-01  4.8748520e-02  1.1697600e-03 -1.1710800e+03]
 [ 0.0000000e+00  0.0000000e+00  0.0000000e+00  1.0000000e+00]]
[-0155.90, +0087.88, -1089.07]
903, 1808, 1130
[[-4.5325300e-02  9.2826068e-01  3.6865764e-01 -2.0310000e+01]
 [ 1.5922040e-02 -3.6814234e-01  9.2937312e-01  1.4423000e+02]
 [ 9.9866052e-01  4.8166560e-02  2.1564000e-03 -1.1710700e+03]
 [ 0.0000000e+00  0.0000000e+00  0.0000000e+00  1.0000000e+00]]
[-0183.59, +0034.48, -1115.63]
1056, 2159, 1515
[[-4.5451840e-02  9.2875088e-01  3.6714952e-01 -2.0370000e+01]
 [ 1.6941280e-02 -3.6649344e-01  9.2987488e-01  1.4441000e+02]
 [ 9.9854392e-01  4.8745280e-02  1.3001600e-03 -1.1710700e+03]
 [ 0.0000000e+00  0.0000000e+00  0.0000000e+00  1.0000000e+00]]
[-0192.88, +0039.18, -1138.08]
2060, 2057, 2104
[[-4.5179460e-02  9.2910470e-01  3.6644454e-01 -2.0500000e+01]
 [ 1.8690540e-02 -3.6575706e-01  9.3021250e-01  1.4455000e+02]
 [ 9.9858290e-01  4.9082460e-02 -5.4276000e-04 -1.1710300e+03]
 [ 0.0000000e+00  0.0000000e+00  0.0000000e+00  1.0000000e+00]]
[-0157.59, +0113.78, -1105.09]
2003, 954, 887
[[-4.4940320e-02  9.2815032e-01  3.6876288e-01 -2.0370000e+01]
 [ 1.6985280e-02 -3.6811834e-01  9.2924958e-01  1.4422000e+02]
 [ 9.9857928e-01  4.8272820e-02  1.1379800e-03 -1.1710600e+03]
 [ 0.0000000e+00  0.0000000e+00  0.0000000e+00  1.0000000e+00]]
[-0065.87, +0135.79, -1126.45]
1335, 1989, 914
[[-4.5982900e-02  9.2847364e-01  3.6799398e-01 -2.0350000e+01]
 [ 1.6135000e-02 -3.6745300e-01  9.2961900e-01  1.4433000e+02]
 [ 9.9861030e-01  4.8872520e-02  2.1881400e-03 -1.1711100e+03]
 [ 0.0000000e+00  0.0000000e+00  0.0000000e+00  1.0000000e+00]]
[-0129.42, +0028.04, -1126.37]
1963, 1548, 1422
[[-4.634850e-02  9.285372e-01  3.676533e-01 -2.044000e+01]
 [ 1.823880e-02 -3.669610e-01  9.297052e-01  1.444000e+02]
 [ 9.985077e-01  5.003080e-02  4.115000e-04 -1.171080e+03]
 [ 0.000000e+00  0.000000e+00  0.000000e+00  1.000000e+00]]
[-0107.97, +0116.51, -1097.05]
