950, 950, 950
[[-3.2705250e-01  8.9694200e-02 -9.4057460e-01  6.1370000e+01]
 [ 1.9056200e-02  9.9590838e-01  8.8331200e-02  8.3630000e+01]
 [ 9.4464940e-01  1.0976800e-02 -3.2742312e-01 -1.1151600e+03]
 [ 0.0000000e+00  0.0000000e+00  0.0000000e+00  1.0000000e+00]]
[+0094.99, -0028.06, -0978.73]
946, 1609, 841
[[-3.2735380e-01  8.8974760e-02 -9.4055912e-01  6.1280000e+01]
 [ 1.8812080e-02  9.9597260e-01  8.7657640e-02  8.3600000e+01]
 [ 9.4457084e-01  1.1011280e-02 -3.2770884e-01 -1.1152200e+03]
 [ 0.0000000e+00  0.0000000e+00  0.0000000e+00  1.0000000e+00]]
[+0172.26, -0005.75, -0992.41]
1275, 1205, 1095
[[-3.2800516e-01  8.8481240e-02 -9.4032028e-01  6.1250000e+01]
 [ 1.8354920e-02  9.9601214e-01  8.7302740e-02  8.3520000e+01]
 [ 9.4429564e-01  1.1390420e-02 -3.2832066e-01 -1.1152100e+03]
 [ 0.0000000e+00  0.0000000e+00  0.0000000e+00  1.0000000e+00]]
[+0096.11, -0009.96, -0989.50]
1142, 1950, 1146
[[-3.2831880e-01  8.7551640e-02 -9.4030988e-01  6.1180000e+01]
 [ 1.7668840e-02  9.9608934e-01  8.6560860e-02  8.3530000e+01]
 [ 9.4421172e-01  1.1818660e-02 -3.2858130e-01 -1.1152300e+03]
 [ 0.0000000e+00  0.0000000e+00  0.0000000e+00  1.0000000e+00]]
[+0179.62, -0015.82, -1006.24]
802, 2227, 1570
[[-3.2690898e-01  8.7008060e-02 -9.4086444e-01  6.1170000e+01]
 [ 1.9137540e-02  9.9615750e-01  8.5457720e-02  8.3640000e+01]
 [ 9.4468516e-01  9.9430800e-03 -3.2731752e-01 -1.1153300e+03]
 [ 0.0000000e+00  0.0000000e+00  0.0000000e+00  1.0000000e+00]]
[+0199.35, -0060.11, -1043.34]
1005, 1155, 1029
[[-3.2766736e-01  8.9348080e-02 -9.4050056e-01  6.1330000e+01]
 [ 1.9429040e-02  9.9594480e-01  8.7841520e-02  8.3650000e+01]
 [ 9.4453528e-01  1.0513840e-02 -3.2807440e-01 -1.1152300e+03]
 [ 0.0000000e+00  0.0000000e+00  0.0000000e+00  1.0000000e+00]]
[+0112.77, -0026.56, -0979.39]
1076, 2106, 1410
[[-3.2859658e-01  8.7252240e-02 -9.4028256e-01  6.1160000e+01]
 [ 1.8306960e-02  9.9612440e-01  8.6024520e-02  8.3560000e+01]
 [ 9.4414464e-01  1.1063880e-02 -3.2892002e-01 -1.1152500e+03]
 [ 0.0000000e+00  0.0000000e+00  0.0000000e+00  1.0000000e+00]]
[+0187.36, -0039.80, -1018.07]
1151, 2004, 2109
[[-3.2793316e-01  8.5506880e-02 -9.4044280e-01  6.1080000e+01]
 [ 1.6769200e-02  9.9626390e-01  8.4705500e-02  8.3360000e+01]
 [ 9.4417312e-01  1.2033340e-02 -3.2814090e-01 -1.1152500e+03]
 [ 0.0000000e+00  0.0000000e+00  0.0000000e+00  1.0000000e+00]]
[+0152.00, -0087.44, -1035.29]
943, 1116, 2214
[[-3.2764328e-01  8.6999640e-02 -9.4059192e-01  6.1220000e+01]
 [ 1.7543640e-02  9.9613918e-01  8.6010960e-02  8.3420000e+01]
 [ 9.4444392e-01  1.1693040e-02 -3.2790410e-01 -1.1152200e+03]
 [ 0.0000000e+00  0.0000000e+00  0.0000000e+00  1.0000000e+00]]
[+0103.55, -0115.91, -1070.77]
1775, 864, 1667
[[-3.2935716e-01  8.7799080e-02 -9.3998520e-01  6.1210000e+01]
 [ 1.6808400e-02  9.9605420e-01  8.7136600e-02  8.3430000e+01]
 [ 9.4392708e-01  1.2908560e-02 -3.2953300e-01 -1.1152100e+03]
 [ 0.0000000e+00  0.0000000e+00  0.0000000e+00  1.0000000e+00]]
[+0037.54, -0028.34, -1060.09]
837, 1860, 763
[[-3.2704032e-01  8.9735120e-02 -9.4041240e-01  6.1340000e+01]
 [ 1.9340880e-02  9.9590718e-01  8.8277500e-02  8.3740000e+01]
 [ 9.4448600e-01  1.0704900e-02 -3.2743650e-01 -1.1152400e+03]
 [ 0.0000000e+00  0.0000000e+00  0.0000000e+00  1.0000000e+00]]
[+0203.25, -0005.47, -1016.88]
965, 1312, 1266
[[-3.2704032e-01  8.8764400e-02 -9.4061168e-01  6.1290000e+01]
 [ 1.8358000e-02  9.9598686e-01  8.7589400e-02  8.3560000e+01]
 [ 9.4461232e-01  1.1393000e-02 -3.2735682e-01 -1.1152400e+03]
 [ 0.0000000e+00  0.0000000e+00  0.0000000e+00  1.0000000e+00]]
[+0124.30, -0053.92, -0986.09]
2225, 2070, 1719
[[-3.3125226e-01  8.5417520e-02 -9.3947298e-01  6.0960000e+01]
 [ 1.5679680e-02  9.9625392e-01  8.5036720e-02  8.3320000e+01]
 [ 9.4321778e-01  1.3451520e-02 -3.3135018e-01 -1.1152200e+03]
 [ 0.0000000e+00  0.0000000e+00  0.0000000e+00  1.0000000e+00]]
[+0110.08, +0007.63, -1023.86]
1277, 1586, 1852
[[-3.2833090e-01  8.8155980e-02 -9.4028524e-01  6.1170000e+01]
 [ 1.8041780e-02  9.9603830e-01  8.7070840e-02  8.3540000e+01]
 [ 9.4423636e-01  1.1634440e-02 -3.2862024e-01 -1.1152600e+03]
 [ 0.0000000e+00  0.0000000e+00  0.0000000e+00  1.0000000e+00]]
[+0114.06, -0078.26, -1013.82]
1495, 1636, 1649
[[-3.2865668e-01  8.8150380e-02 -9.4007514e-01  6.1160000e+01]
 [ 1.8060420e-02  9.9603830e-01  8.7063860e-02  8.3560000e+01]
 [ 9.4402626e-01  1.1653540e-02 -3.2894602e-01 -1.1152800e+03]
 [ 0.0000000e+00  0.0000000e+00  0.0000000e+00  1.0000000e+00]]
[+0107.62, -0039.26, -1002.01]
1390, 1477, 878
[[-3.2770378e-01  8.9520320e-02 -9.4016094e-01  6.1280000e+01]
 [ 1.8931120e-02  9.9592172e-01  8.8200960e-02  8.3700000e+01]
 [ 9.4422354e-01  1.1131440e-02 -3.2806106e-01 -1.1152700e+03]
 [ 0.0000000e+00  0.0000000e+00  0.0000000e+00  1.0000000e+00]]
[+0128.63, +0024.54, -0998.80]
1584, 1869, 1903
[[-3.2964640e-01  8.6957600e-02 -9.3981240e-01  6.1070000e+01]
 [ 1.6684960e-02  9.9612920e-01  8.6294280e-02  8.3480000e+01]
 [ 9.4367928e-01  1.2785400e-02 -3.2982056e-01 -1.1152700e+03]
 [ 0.0000000e+00  0.0000000e+00  0.0000000e+00  1.0000000e+00]]
[+0117.45, -0052.42, -1010.32]
1838, 1290, 1756
[[-3.2901904e-01  8.8002880e-02 -9.3986376e-01  6.1150000e+01]
 [ 1.7243440e-02  9.9604070e-01  8.7198780e-02  8.3520000e+01]
 [ 9.4381728e-01  1.2508260e-02 -3.2923290e-01 -1.1152500e+03]
 [ 0.0000000e+00  0.0000000e+00  0.0000000e+00  1.0000000e+00]]
[+0058.09, -0026.36, -1033.90]
1475, 2237, 2123
[[-3.2857282e-01  8.6043480e-02 -9.4033104e-01  6.1030000e+01]
 [ 1.7560920e-02  9.9622520e-01  8.5004640e-02  8.3500000e+01]
 [ 9.4409616e-01  1.1432160e-02 -3.2884298e-01 -1.1153400e+03]
 [ 0.0000000e+00  0.0000000e+00  0.0000000e+00  1.0000000e+00]]
[+0150.75, -0065.12, -1024.88]
2179, 760, 1662
[[-3.3043450e-01  8.8222800e-02 -9.3948460e-01  6.1150000e+01]
 [ 1.5445200e-02  9.9599302e-01  8.8080360e-02  8.3350000e+01]
 [ 9.4349140e-01  1.4609640e-02 -3.3047248e-01 -1.1152000e+03]
 [ 0.0000000e+00  0.0000000e+00  0.0000000e+00  1.0000000e+00]]
[+0040.19, -0009.67, -1091.45]
2176, 1533, 1756
[[-3.3038442e-01  8.6951940e-02 -9.3970414e-01  6.1060000e+01]
 [ 1.5086060e-02  9.9610620e-01  8.6857020e-02  8.3330000e+01]
 [ 9.4359786e-01  1.4528980e-02 -3.3040938e-01 -1.1152100e+03]
 [ 0.0000000e+00  0.0000000e+00  0.0000000e+00  1.0000000e+00]]
[+0069.17, -0003.28, -1037.32]
1139, 1383, 1471
[[-3.2711400e-01  8.9947600e-02 -9.4055360e-01  6.1310000e+01]
 [ 1.8151600e-02  9.9587352e-01  8.8913600e-02  8.3600000e+01]
 [ 9.4467040e-01  1.2022400e-02 -3.2739648e-01 -1.1152500e+03]
 [ 0.0000000e+00  0.0000000e+00  0.0000000e+00  1.0000000e+00]]
[+0113.95, -0055.51, -0993.43]
1107, 895, 1231
[[-3.2809098e-01  9.0913680e-02 -9.4004950e-01  6.1370000e+01]
 [ 1.9179680e-02  9.9579312e-01  8.9593200e-02  8.3650000e+01]
 [ 9.4424070e-01  1.1380000e-02 -3.2845386e-01 -1.1151800e+03]
 [ 0.0000000e+00  0.0000000e+00  0.0000000e+00  1.0000000e+00]]
[+0069.82, -0045.75, -0998.12]
2088, 1464, 1541
[[-3.30372e-01  8.79712e-02 -9.39504e-01  6.11200e+01]
 [ 1.63488e-02  9.96030e-01  8.74964e-02  8.34200e+01]
 [ 9.43472e-01  1.35636e-02 -3.30498e-01 -1.11520e+03]
 [ 0.00000e+00  0.00000e+00  0.00000e+00  1.00000e+00]]
[+0070.35, +0010.75, -1035.65]
1916, 1245, 1104
[[-3.2876738e-01  8.9680020e-02 -9.3999774e-01  6.1280000e+01]
 [ 1.7508180e-02  9.9588830e-01  8.8876940e-02  8.3590000e+01]
 [ 9.4410366e-01  1.2772660e-02 -3.2898532e-01 -1.1152200e+03]
 [ 0.0000000e+00  0.0000000e+00  0.0000000e+00  1.0000000e+00]]
[+0075.41, +0032.13, -1035.44]
1560, 1602, 1841
[[-3.2906832e-01  8.8308640e-02 -9.4000704e-01  6.1190000e+01]
 [ 1.6611840e-02  9.9600432e-01  8.7741280e-02  8.3470000e+01]
 [ 9.4399984e-01  1.3269120e-02 -3.2922000e-01 -1.1152300e+03]
 [ 0.0000000e+00  0.0000000e+00  0.0000000e+00  1.0000000e+00]]
[+0099.13, -0055.58, -1011.30]
977, 1848, 1423
[[-3.2772826e-01  8.9920740e-02 -9.4030432e-01  6.1290000e+01]
 [ 1.8856380e-02  9.9588390e-01  8.8649040e-02  8.3640000e+01]
 [ 9.4440584e-01  1.1334720e-02 -3.2807440e-01 -1.1152500e+03]
 [ 0.0000000e+00  0.0000000e+00  0.0000000e+00  1.0000000e+00]]
[+0173.32, -0053.07, -1006.21]
1718, 1867, 806
[[-3.2908074e-01  8.9401800e-02 -9.3996328e-01  6.1210000e+01]
 [ 1.7473720e-02  9.9591390e-01  8.8598040e-02  8.3620000e+01]
 [ 9.4404360e-01  1.2738200e-02 -3.2929800e-01 -1.1152800e+03]
 [ 0.0000000e+00  0.0000000e+00  0.0000000e+00  1.0000000e+00]]
[+0151.55, +0048.16, -1034.61]
1399, 1969, 989
[[-3.2809098e-01  8.9128420e-02 -9.4028056e-01  6.1230000e+01]
 [ 1.7382020e-02  9.9593942e-01  8.8327040e-02  8.3610000e+01]
 [ 9.4433536e-01  1.2646160e-02 -3.2830756e-01 -1.1152500e+03]
 [ 0.0000000e+00  0.0000000e+00  0.0000000e+00  1.0000000e+00]]
[+0169.52, +0015.85, -1014.04]
2033, 1009, 765
[[-3.2978258e-01  9.0184500e-02 -9.3966684e-01  6.1280000e+01]
 [ 1.7369100e-02  9.9583750e-01  8.9473800e-02  8.3610000e+01]
 [ 9.4382484e-01  1.3191000e-02 -3.2997608e-01 -1.1152200e+03]
 [ 0.0000000e+00  0.0000000e+00  0.0000000e+00  1.0000000e+00]]
[+0075.67, +0057.32, -1071.87]
1077, 1333, 1326
[[-3.2775290e-01  9.0146040e-02 -9.4012812e-01  6.1310000e+01]
 [ 1.8631080e-02  9.9585926e-01  8.8968040e-02  8.3620000e+01]
 [ 9.4425636e-01  1.1667080e-02 -3.2807440e-01 -1.1152200e+03]
 [ 0.0000000e+00  0.0000000e+00  0.0000000e+00  1.0000000e+00]]
[+0116.67, -0050.21, -0988.31]
1353, 947, 1981
[[-3.2841672e-01  8.8633920e-02 -9.4008912e-01  6.1240000e+01]
 [ 1.6912320e-02  9.9597848e-01  8.7973120e-02  8.3440000e+01]
 [ 9.4410672e-01  1.3012480e-02 -3.2859424e-01 -1.1151900e+03]
 [ 0.0000000e+00  0.0000000e+00  0.0000000e+00  1.0000000e+00]]
[+0060.13, -0086.64, -1059.02]
905, 2117, 1448
[[-3.2740260e-01  8.9594560e-02 -9.4036368e-01  6.1270000e+01]
 [ 1.8517920e-02  9.9591054e-01  8.8418060e-02  8.3660000e+01]
 [ 9.4444064e-01  1.1553420e-02 -3.2772210e-01 -1.1152600e+03]
 [ 0.0000000e+00  0.0000000e+00  0.0000000e+00  1.0000000e+00]]
[+0195.99, -0051.72, -1028.74]
1180, 1618, 1458
[[-3.27114e-01  8.96220e-02 -9.40566e-01  6.12800e+01]
 [ 1.78260e-02  9.95900e-01  8.86820e-02  8.35900e+01]
 [ 9.44658e-01  1.22540e-02 -3.27370e-01 -1.11526e+03]
 [ 0.00000e+00  0.00000e+00  0.00000e+00  1.00000e+00]]
[+0133.10, -0047.01, -0993.95]
757, 766, 1582
[[-3.2712642e-01  9.0708380e-02 -9.4035928e-01  6.1420000e+01]
 [ 1.8693220e-02  9.9580766e-01  8.9532880e-02  8.3630000e+01]
 [ 9.4453912e-01  1.1728720e-02 -3.2744992e-01 -1.1151900e+03]
 [ 0.0000000e+00  0.0000000e+00  0.0000000e+00  1.0000000e+00]]
[+0082.59, -0109.91, -1032.72]
1534, 1867, 766
[[-3.2874250e-01  8.9774500e-02 -9.3999850e-01  6.1250000e+01]
 [ 1.8065300e-02  9.9588678e-01  8.8782460e-02  8.3650000e+01]
 [ 9.4410290e-01  1.2215540e-02 -3.2901172e-01 -1.1152700e+03]
 [ 0.0000000e+00  0.0000000e+00  0.0000000e+00  1.0000000e+00]]
[+0162.01, +0042.45, -1028.16]
1345, 1909, 1876
[[-3.2836744e-01  8.7851560e-02 -9.4029016e-01  6.1140000e+01]
 [ 1.7043160e-02  9.9605360e-01  8.7096680e-02  8.3430000e+01]
 [ 9.4423144e-01  1.2585880e-02 -3.2856840e-01 -1.1152500e+03]
 [ 0.0000000e+00  0.0000000e+00  0.0000000e+00  1.0000000e+00]]
[+0140.55, -0068.38, -1012.95]
1082, 1467, 1904
[[-3.2774056e-01  8.8896600e-02 -9.4034076e-01  6.1250000e+01]
 [ 1.7600760e-02  9.9596414e-01  8.8001700e-02  8.3510000e+01]
 [ 9.4436940e-01  1.2307740e-02 -3.2798186e-01 -1.1152300e+03]
 [ 0.0000000e+00  0.0000000e+00  0.0000000e+00  1.0000000e+00]]
[+0118.25, -0097.44, -1025.71]
2104, 1518, 2077
[[-3.3102408e-01  8.6830320e-02 -9.3945236e-01  6.1050000e+01]
 [ 1.5232720e-02  9.9611862e-01  8.6687640e-02  8.3300000e+01]
 [ 9.4333356e-01  1.4397160e-02 -3.3106146e-01 -1.1152200e+03]
 [ 0.0000000e+00  0.0000000e+00  0.0000000e+00  1.0000000e+00]]
[+0063.43, -0034.77, -1044.24]
1021, 1176, 1455
[[-3.2774056e-01  9.0199320e-02 -9.4029148e-01  6.1320000e+01]
 [ 1.8903480e-02  9.9585822e-01  8.8927620e-02  8.3600000e+01]
 [ 9.4441868e-01  1.1381820e-02 -3.2808778e-01 -1.1152100e+03]
 [ 0.0000000e+00  0.0000000e+00  0.0000000e+00  1.0000000e+00]]
[+0101.90, -0068.85, -0996.44]
1215, 1176, 1820
[[-3.2810340e-01  8.8912200e-02 -9.4012360e-01  6.1250000e+01]
 [ 1.6946800e-02  9.9595308e-01  8.8251960e-02  8.3490000e+01]
 [ 9.4416660e-01  1.3046960e-02 -3.2828148e-01 -1.1152100e+03]
 [ 0.0000000e+00  0.0000000e+00  0.0000000e+00  1.0000000e+00]]
[+0083.13, -0086.21, -1026.40]
819, 1718, 1001
[[-3.2710162e-01  9.0971400e-02 -9.4051698e-01  6.1370000e+01]
 [ 1.9407000e-02  9.9579196e-01  8.9561400e-02  8.3730000e+01]
 [ 9.4470702e-01  1.1049000e-02 -3.2749042e-01 -1.1152300e+03]
 [ 0.0000000e+00  0.0000000e+00  0.0000000e+00  1.0000000e+00]]
[+0187.03, -0031.91, -1000.77]
1960, 1124, 1120
[[-3.2944410e-01  8.9084680e-02 -9.3959554e-01  6.1230000e+01]
 [ 1.6500440e-02  9.9592856e-01  8.8611080e-02  8.3530000e+01]
 [ 9.4366498e-01  1.3715240e-02 -3.2957170e-01 -1.1152300e+03]
 [ 0.0000000e+00  0.0000000e+00  0.0000000e+00  1.0000000e+00]]
[+0064.15, +0033.08, -1047.01]
1422, 1174, 1775
[[-3.2809098e-01  8.8965560e-02 -9.4028676e-01  6.1250000e+01]
 [ 1.7219160e-02  9.9595248e-01  8.8211320e-02  8.3510000e+01]
 [ 9.4432916e-01  1.2761880e-02 -3.2829450e-01 -1.1152100e+03]
 [ 0.0000000e+00  0.0000000e+00  0.0000000e+00  1.0000000e+00]]
[+0070.74, -0064.64, -1023.25]
1366, 2192, 1815
[[-3.2869322e-01  8.7357060e-02 -9.4009842e-01  6.1100000e+01]
 [ 1.6573140e-02  9.9609206e-01  8.6742940e-02  8.3470000e+01]
 [ 9.4400298e-01  1.2951860e-02 -3.2885572e-01 -1.1152600e+03]
 [ 0.0000000e+00  0.0000000e+00  0.0000000e+00  1.0000000e+00]]
[+0164.33, -0052.81, -1017.80]
1142, 1583, 1287
[[-3.2776528e-01  8.9942280e-02 -9.4029668e-01  6.1310000e+01]
 [ 1.8183480e-02  9.9587352e-01  8.8906080e-02  8.3640000e+01]
 [ 9.4441348e-01  1.2054720e-02 -3.2804776e-01 -1.1152300e+03]
 [ 0.0000000e+00  0.0000000e+00  0.0000000e+00  1.0000000e+00]]
[+0138.23, -0035.07, -0989.40]
2209, 841, 1397
[[-3.3107400e-01  8.8584000e-02 -9.3905100e-01  6.1190000e+01]
 [ 1.6087680e-02  9.9596726e-01  8.8250800e-02  8.3450000e+01]
 [ 9.4308276e-01  1.4138320e-02 -3.3116290e-01 -1.1151900e+03]
 [ 0.0000000e+00  0.0000000e+00  0.0000000e+00  1.0000000e+00]]
[+0044.83, +0011.38, -1085.30]
1056, 1795, 1588
[[-3.2839200e-01  8.9548880e-02 -9.4022184e-01  6.1230000e+01]
 [ 1.8277680e-02  9.9591150e-01  8.8463740e-02  8.3610000e+01]
 [ 9.4429976e-01  1.1870340e-02 -3.2868594e-01 -1.1152500e+03]
 [ 0.0000000e+00  0.0000000e+00  0.0000000e+00  1.0000000e+00]]
[+0157.33, -0065.59, -1006.44]
1958, 1752, 1733
[[-3.3004602e-01  8.7814220e-02 -9.3972064e-01  6.1080000e+01]
 [ 1.6167020e-02  9.9604278e-01  8.7387440e-02  8.3450000e+01]
 [ 9.4367624e-01  1.3660160e-02 -3.3015924e-01 -1.1152700e+03]
 [ 0.0000000e+00  0.0000000e+00  0.0000000e+00  1.0000000e+00]]
[+0089.32, -0011.64, -1017.79]
921, 2122, 1032
[[-3.2804170e-01  9.0288020e-02 -9.4008266e-01  6.1240000e+01]
 [ 1.9479620e-02  9.9585590e-01  8.8826060e-02  8.3770000e+01]
 [ 9.4420754e-01  1.0844260e-02 -3.2844036e-01 -1.1153000e+03]
 [ 0.0000000e+00  0.0000000e+00  0.0000000e+00  1.0000000e+00]]
[+0206.16, -0019.57, -1029.86]
1180, 1201, 1740
[[-3.2775290e-01  8.9338020e-02 -9.4032186e-01  6.1230000e+01]
 [ 1.7810700e-02  9.9592556e-01  8.8396020e-02  8.3570000e+01]
 [ 9.4438830e-01  1.2239100e-02 -3.2800810e-01 -1.1152700e+03]
 [ 0.0000000e+00  0.0000000e+00  0.0000000e+00  1.0000000e+00]]
[+0088.18, -0082.60, -1017.95]
1388, 1488, 1020
[[-3.2809098e-01  8.9936520e-02 -9.4008670e-01  6.1260000e+01]
 [ 1.8202520e-02  9.9587352e-01  8.8899000e-02  8.3690000e+01]
 [ 9.4420350e-01  1.2074200e-02 -3.2837346e-01 -1.1152700e+03]
 [ 0.0000000e+00  0.0000000e+00  0.0000000e+00  1.0000000e+00]]
[+0122.17, +0012.61, -0994.92]
1052, 866, 2071
[[-3.2807860e-01  8.9012700e-02 -9.4028710e-01  6.1260000e+01]
 [ 1.7497740e-02  9.9595180e-01  8.8164180e-02  8.3520000e+01]
 [ 9.4432882e-01  1.2483300e-02 -3.2830756e-01 -1.1152200e+03]
 [ 0.0000000e+00  0.0000000e+00  0.0000000e+00  1.0000000e+00]]
[+0077.50, -0109.32, -1073.44]
1199, 1500, 1699
[[-3.2772826e-01  8.9106540e-02 -9.4033502e-01  6.1220000e+01]
 [ 1.8042180e-02  9.9595020e-01  8.8070340e-02  8.3600000e+01]
 [ 9.4437514e-01  1.1913420e-02 -3.2800810e-01 -1.1152600e+03]
 [ 0.0000000e+00  0.0000000e+00  0.0000000e+00  1.0000000e+00]]
[+0116.85, -0067.99, -1003.38]
1457, 912, 2222
[[-3.2970770e-01  8.7541680e-02 -9.3994356e-01  6.1120000e+01]
 [ 1.6100880e-02  9.9606790e-01  8.7115440e-02  8.3360000e+01]
 [ 9.4387404e-01  1.3593840e-02 -3.2982056e-01 -1.1152200e+03]
 [ 0.0000000e+00  0.0000000e+00  0.0000000e+00  1.0000000e+00]]
[+0062.44, -0087.57, -1079.89]
1014, 1105, 1681
[[-3.2810340e-01  8.9889360e-02 -9.4008628e-01  6.1290000e+01]
 [ 1.7923960e-02  9.9587436e-01  8.8946160e-02  8.3650000e+01]
 [ 9.4420392e-01  1.2352760e-02 -3.2836020e-01 -1.1152200e+03]
 [ 0.0000000e+00  0.0000000e+00  0.0000000e+00  1.0000000e+00]]
[+0093.49, -0087.42, -1014.52]
852, 2141, 1004
[[-3.2836744e-01  8.9969000e-02 -9.4021060e-01  6.1240000e+01]
 [ 1.9160600e-02  9.9588278e-01  8.8600780e-02  8.3790000e+01]
 [ 9.4431100e-01  1.1081780e-02 -3.2873922e-01 -1.1152700e+03]
 [ 0.0000000e+00  0.0000000e+00  0.0000000e+00  1.0000000e+00]]
[+0210.34, -0021.93, -1035.22]
1733, 1783, 1252
[[-3.2934490e-01  8.8980860e-02 -9.3977972e-01  6.1160000e+01]
 [ 1.8233660e-02  9.9596246e-01  8.7892040e-02  8.3600000e+01]
 [ 9.4380668e-01  1.1827240e-02 -3.2963700e-01 -1.1152700e+03]
 [ 0.0000000e+00  0.0000000e+00  0.0000000e+00  1.0000000e+00]]
[+0120.15, +0018.08, -1009.48]
1271, 1257, 1070
[[-3.2777770e-01  9.0383700e-02 -9.4027760e-01  6.1300000e+01]
 [ 1.8393420e-02  9.9583446e-01  8.9300400e-02  8.3690000e+01]
 [ 9.4443256e-01  1.1986080e-02 -3.2807440e-01 -1.1152600e+03]
 [ 0.0000000e+00  0.0000000e+00  0.0000000e+00  1.0000000e+00]]
[+0103.56, -0006.59, -0988.36]
1610, 1100, 1181
[[-3.2842914e-01  9.0052640e-02 -9.4003288e-01  6.1260000e+01]
 [ 1.8099680e-02  9.9586110e-01  8.9061440e-02  8.3630000e+01]
 [ 9.4416296e-01  1.2249920e-02 -3.2869920e-01 -1.1152600e+03]
 [ 0.0000000e+00  0.0000000e+00  0.0000000e+00  1.0000000e+00]]
[+0066.06, +0006.61, -1016.21]
1427, 1219, 1282
[[-3.2840434e-01  8.9821280e-02 -9.4004616e-01  6.1250000e+01]
 [ 1.8331040e-02  9.9588590e-01  8.8735680e-02  8.3650000e+01]
 [ 9.4414968e-01  1.1924160e-02 -3.2869920e-01 -1.1152300e+03]
 [ 0.0000000e+00  0.0000000e+00  0.0000000e+00  1.0000000e+00]]
[+0083.22, -0017.06, -0999.21]
995, 1427, 1922
[[-3.2806626e-01  8.9059840e-02 -9.4028748e-01  6.1220000e+01]
 [ 1.7776320e-02  9.9595104e-01  8.8117040e-02  8.3560000e+01]
 [ 9.4432844e-01  1.2204720e-02 -3.2832066e-01 -1.1152200e+03]
 [ 0.0000000e+00  0.0000000e+00  0.0000000e+00  1.0000000e+00]]
[+0121.76, -0104.07, -1031.78]
1562, 756, 1152
[[-3.2877988e-01  9.0284380e-02 -9.3997238e-01  6.1330000e+01]
 [ 1.7881220e-02  9.9583614e-01  8.9386820e-02  8.3670000e+01]
 [ 9.4412902e-01  1.2588580e-02 -3.2902498e-01 -1.1152300e+03]
 [ 0.0000000e+00  0.0000000e+00  0.0000000e+00  1.0000000e+00]]
[+0039.76, -0000.84, -1037.62]
945, 1453, 919
[[-3.2777770e-01  9.0872220e-02 -9.4025894e-01  6.1340000e+01]
 [ 1.8881940e-02  9.9579420e-01  8.9647620e-02  8.3780000e+01]
 [ 9.4445122e-01  1.1638860e-02 -3.2811466e-01 -1.1152400e+03]
 [ 0.0000000e+00  0.0000000e+00  0.0000000e+00  1.0000000e+00]]
[+0154.94, -0016.10, -0983.67]
1800, 1155, 920
[[-3.2875492e-01  9.0046840e-02 -9.3982276e-01  6.1250000e+01]
 [ 1.8118760e-02  9.9586110e-01  8.9054380e-02  8.3650000e+01]
 [ 9.4395284e-01  1.2269420e-02 -3.2902498e-01 -1.1152600e+03]
 [ 0.0000000e+00  0.0000000e+00  0.0000000e+00  1.0000000e+00]]
[+0078.33, +0043.26, -1035.19]
1446, 1324, 1280
[[-3.2806626e-01  8.9711280e-02 -9.4026284e-01  6.1240000e+01]
 [ 1.8427760e-02  9.9589824e-01  8.8579920e-02  8.3630000e+01]
 [ 9.4435308e-01  1.1741840e-02 -3.2837346e-01 -1.1152600e+03]
 [ 0.0000000e+00  0.0000000e+00  0.0000000e+00  1.0000000e+00]]
[+0092.18, -0013.67, -0997.11]
1774, 1869, 1631
[[-3.2936946e-01  8.8234420e-02 -9.3980352e-01  6.1120000e+01]
 [ 1.7024820e-02  9.9601614e-01  8.7524320e-02  8.3540000e+01]
 [ 9.4378288e-01  1.2846720e-02 -3.2955876e-01 -1.1152800e+03]
 [ 0.0000000e+00  0.0000000e+00  0.0000000e+00  1.0000000e+00]]
[+0115.09, -0011.89, -1006.70]
1991, 2031, 1459
[[-3.3066100e-01  8.7787920e-02 -9.3946956e-01  6.1050000e+01]
 [ 1.6870920e-02  9.9605420e-01  8.7122640e-02  8.3550000e+01]
 [ 9.4341144e-01  1.2971640e-02 -3.3083684e-01 -1.1152700e+03]
 [ 0.0000000e+00  0.0000000e+00  0.0000000e+00  1.0000000e+00]]
[+0126.45, +0019.90, -1019.78]
1886, 1901, 1455
[[-3.2904360e-01  8.8729040e-02 -9.3999528e-01  6.1140000e+01]
 [ 1.7494800e-02  9.9597720e-01  8.7878000e-02  8.3560000e+01]
 [ 9.4401160e-01  1.2480720e-02 -3.2927184e-01 -1.1152500e+03]
 [ 0.0000000e+00  0.0000000e+00  0.0000000e+00  1.0000000e+00]]
[+0117.22, +0009.72, -1012.18]
2166, 1847, 1738
[[-3.3101170e-01  8.7360820e-02 -9.3927086e-01  6.1040000e+01]
 [ 1.6006540e-02  9.9608060e-01  8.6980180e-02  8.3440000e+01]
 [ 9.4318898e-01  1.3778540e-02 -3.3111186e-01 -1.1152300e+03]
 [ 0.0000000e+00  0.0000000e+00  0.0000000e+00  1.0000000e+00]]
[+0089.27, +0000.89, -1026.26]
1997, 2240, 1535
[[-3.2994810e-01  8.7704640e-02 -9.3974148e-01  6.1020000e+01]
 [ 1.7906400e-02  9.9607640e-01  8.6661400e-02  8.3630000e+01]
 [ 9.4365540e-01  1.1778520e-02 -3.3022354e-01 -1.1153200e+03]
 [ 0.0000000e+00  0.0000000e+00  0.0000000e+00  1.0000000e+00]]
[+0142.39, +0011.99, -1021.10]
1012, 1286, 2165
[[-3.2835522e-01  8.8876020e-02 -9.4025390e-01  6.1220000e+01]
 [ 1.8299020e-02  9.9597468e-01  8.7743700e-02  8.3540000e+01]
 [ 9.4426770e-01  1.1613100e-02 -3.2865954e-01 -1.1152100e+03]
 [ 0.0000000e+00  0.0000000e+00  0.0000000e+00  1.0000000e+00]]
[+0107.98, -0112.41, -1057.86]
1533, 2066, 1442
[[-3.2901904e-01  8.8817480e-02 -9.3983316e-01  6.1160000e+01]
 [ 1.8058040e-02  9.9597560e-01  8.7776880e-02  8.3670000e+01]
 [ 9.4384788e-01  1.1930160e-02 -3.2929800e-01 -1.1152900e+03]
 [ 0.0000000e+00  0.0000000e+00  0.0000000e+00  1.0000000e+00]]
[+0155.68, -0006.91, -1007.59]
1579, 2169, 1120
[[-3.2933268e-01  8.8539380e-02 -9.3979850e-01  6.1120000e+01]
 [ 1.8023380e-02  9.9600092e-01  8.7497900e-02  8.3670000e+01]
 [ 9.4378790e-01  1.1895500e-02 -3.2961076e-01 -1.1153000e+03]
 [ 0.0000000e+00  0.0000000e+00  0.0000000e+00  1.0000000e+00]]
[+0170.72, +0017.31, -1023.64]
1102, 1562, 2049
[[-3.2769160e-01  8.8759320e-02 -9.4035476e-01  6.1200000e+01]
 [ 1.8389400e-02  9.9598686e-01  8.7581820e-02  8.3580000e+01]
 [ 9.4435540e-01  1.1424900e-02 -3.2800810e-01 -1.1152600e+03]
 [ 0.0000000e+00  0.0000000e+00  0.0000000e+00  1.0000000e+00]]
[+0122.38, -0101.99, -1036.51]
1715, 2065, 1050
[[-3.2870548e-01  8.8932680e-02 -9.3987388e-01  6.1140000e+01]
 [ 1.7929720e-02  9.9596334e-01  8.7940220e-02  8.3680000e+01]
 [ 9.4390172e-01  1.2080380e-02 -3.2897218e-01 -1.1153500e+03]
 [ 0.0000000e+00  0.0000000e+00  0.0000000e+00  1.0000000e+00]]
[+0158.45, +0030.21, -1025.43]
1488, 839, 1422
[[-3.2841672e-01  9.0256520e-02 -9.3986424e-01  6.1310000e+01]
 [ 1.8547320e-02  9.9584688e-01  8.9123240e-02  8.3710000e+01]
 [ 9.4400584e-01  1.1862360e-02 -3.2872584e-01 -1.1152500e+03]
 [ 0.0000000e+00  0.0000000e+00  0.0000000e+00  1.0000000e+00]]
[+0043.31, -0033.21, -1032.81]
1358, 1919, 1708
[[-3.2804170e-01  8.8659420e-02 -9.4014386e-01  6.1150000e+01]
 [ 1.7851020e-02  9.9598870e-01  8.7669060e-02  8.3610000e+01]
 [ 9.4414634e-01  1.2001260e-02 -3.2830756e-01 -1.1152600e+03]
 [ 0.0000000e+00  0.0000000e+00  0.0000000e+00  1.0000000e+00]]
[+0144.41, -0051.83, -1005.52]
1893, 2222, 1497
[[-3.2933268e-01  8.7724680e-02 -9.3982900e-01  6.1040000e+01]
 [ 1.7208680e-02  9.9606582e-01  8.6919900e-02  8.3600000e+01]
 [ 9.4375740e-01  1.2473500e-02 -3.2954586e-01 -1.1153600e+03]
 [ 0.0000000e+00  0.0000000e+00  0.0000000e+00  1.0000000e+00]]
[+0146.66, +0009.47, -1018.60]
860, 2224, 1783
[[-3.2560690e-01  8.9608940e-02 -9.4095828e-01  6.1270000e+01]
 [ 2.1691540e-02  9.9594374e-01  8.7314760e-02  8.3930000e+01]
 [ 9.4496652e-01  8.0391600e-03 -3.2622920e-01 -1.1154500e+03]
 [ 0.0000000e+00  0.0000000e+00  0.0000000e+00  1.0000000e+00]]
[+0188.77, -0069.20, -1041.76]
1244, 2108, 2248
[[-3.2853748e-01  8.6516800e-02 -9.4048372e-01  6.1050000e+01]
 [ 1.8716600e-02  9.9619644e-01  8.5100800e-02  8.3540000e+01]
 [ 9.4426928e-01  1.0358600e-02 -3.2890708e-01 -1.1153200e+03]
 [ 0.0000000e+00  0.0000000e+00  0.0000000e+00  1.0000000e+00]]
[+0148.20, -0083.94, -1036.10]
910, 869, 913
[[-3.2681330e-01  9.2939820e-02 -9.4031844e-01  6.1500000e+01]
 [ 2.0680620e-02  9.9561710e-01  9.1201560e-02  8.3880000e+01]
 [ 9.4467396e-01  1.0373160e-02 -3.2730244e-01 -1.1152300e+03]
 [ 0.0000000e+00  0.0000000e+00  0.0000000e+00  1.0000000e+00]]
[+0089.08, -0029.50, -0978.82]
1363, 1958, 856
[[-3.2809098e-01  9.0099380e-02 -9.4008050e-01  6.1250000e+01]
 [ 1.8365380e-02  9.9586022e-01  8.9014700e-02  8.3750000e+01]
 [ 9.4420970e-01  1.1958500e-02 -3.2838676e-01 -1.1152900e+03]
 [ 0.0000000e+00  0.0000000e+00  0.0000000e+00  1.0000000e+00]]
[+0174.97, +0025.29, -1020.23]
1473, 1141, 805
[[-3.2747700e-01  9.1266040e-02 -9.4028628e-01  6.1360000e+01]
 [ 1.8800280e-02  9.9575574e-01  9.0089540e-02  8.3790000e+01]
 [ 9.4451804e-01  1.1835780e-02 -3.2780250e-01 -1.1152700e+03]
 [ 0.0000000e+00  0.0000000e+00  0.0000000e+00  1.0000000e+00]]
[+0092.76, +0037.04, -1010.29]
1624, 1961, 1957
[[-3.2900682e-01  8.8062380e-02 -9.4018996e-01  6.1100000e+01]
 [ 1.7509780e-02  9.9603998e-01  8.7164440e-02  8.3510000e+01]
 [ 9.4414276e-01  1.2216760e-02 -3.2924584e-01 -1.1152800e+03]
 [ 0.0000000e+00  0.0000000e+00  0.0000000e+00  1.0000000e+00]]
[+0122.36, -0052.88, -1012.48]
2117, 2008, 2176
[[-3.3131316e-01  8.6477860e-02 -9.3926050e-01  6.0980000e+01]
 [ 1.5597700e-02  9.9615564e-01  8.6192140e-02  8.3380000e+01]
 [ 9.4310414e-01  1.3926700e-02 -3.3138756e-01 -1.1152600e+03]
 [ 0.0000000e+00  0.0000000e+00  0.0000000e+00  1.0000000e+00]]
[+0096.50, -0035.27, -1026.02]
1252, 1572, 1093
[[-3.2809098e-01  9.0268440e-02 -9.4023716e-01  6.1280000e+01]
 [ 1.8522040e-02  9.9584688e-01  8.9137080e-02  8.3730000e+01]
 [ 9.4437876e-01  1.1836120e-02 -3.2840010e-01 -1.1152600e+03]
 [ 0.0000000e+00  0.0000000e+00  0.0000000e+00  1.0000000e+00]]
[+0137.38, -0006.60, -0989.87]
1713, 1334, 888
[[-3.2841672e-01  9.0588480e-02 -9.4001472e-01  6.1290000e+01]
 [ 1.8866880e-02  9.9582008e-01  8.9361280e-02  8.3760000e+01]
 [ 9.4418112e-01  1.1624320e-02 -3.2875264e-01 -1.1152500e+03]
 [ 0.0000000e+00  0.0000000e+00  0.0000000e+00  1.0000000e+00]]
[+0098.38, +0044.92, -1023.81]
1566, 886, 2150
[[-3.2905594e-01  8.8355920e-02 -9.4000730e-01  6.1190000e+01]
 [ 1.6890400e-02  9.9600380e-01  8.7694000e-02  8.3450000e+01]
 [ 9.4399958e-01  1.2990560e-02 -3.2923290e-01 -1.1152200e+03]
 [ 0.0000000e+00  0.0000000e+00  0.0000000e+00  1.0000000e+00]]
[+0054.74, -0078.35, -1079.39]
1825, 1778, 2109
[[-3.2999674e-01  8.7834800e-02 -9.3956482e-01  6.1090000e+01]
 [ 1.7124320e-02  9.9605360e-01  8.7075760e-02  8.3510000e+01]
 [ 9.4350610e-01  1.2668000e-02 -3.3019770e-01 -1.1152400e+03]
 [ 0.0000000e+00  0.0000000e+00  0.0000000e+00  1.0000000e+00]]
[+0092.29, -0050.96, -1023.41]
1316, 1276, 999
[[-3.2811586e-01  9.0656500e-02 -9.4005470e-01  6.1330000e+01]
 [ 1.8459700e-02  9.9580862e-01  8.9571820e-02  8.3760000e+01]
 [ 9.4423550e-01  1.2052820e-02 -3.2841348e-01 -1.1152400e+03]
 [ 0.0000000e+00  0.0000000e+00  0.0000000e+00  1.0000000e+00]]
[+0105.92, +0005.12, -0990.60]
1723, 2174, 817
[[-3.2994810e-01  8.7372640e-02 -9.3959058e-01  6.1000000e+01]
 [ 1.7586480e-02  9.9610224e-01  8.6423840e-02  8.3670000e+01]
 [ 9.4348034e-01  1.2016080e-02 -3.3019770e-01 -1.1153700e+03]
 [ 0.0000000e+00  0.0000000e+00  0.0000000e+00  1.0000000e+00]]
[+0170.79, +0037.67, -1043.20]
2059, 1746, 1396
[[-3.3002130e-01  8.7257140e-02 -9.3974572e-01  6.1060000e+01]
 [ 1.6072180e-02  9.9609294e-01  8.6830360e-02  8.3480000e+01]
 [ 9.4365116e-01  1.3565320e-02 -3.3013380e-01 -1.1152800e+03]
 [ 0.0000000e+00  0.0000000e+00  0.0000000e+00  1.0000000e+00]]
[+0096.89, +0024.62, -1027.05]
1839, 851, 900
[[-3.2779016e-01  9.0004680e-02 -9.4012680e-01  6.1300000e+01]
 [ 1.7795400e-02  9.9586190e-01  8.9109400e-02  8.3640000e+01]
 [ 9.4425768e-01  1.2502760e-02 -3.2803450e-01 -1.1152400e+03]
 [ 0.0000000e+00  0.0000000e+00  0.0000000e+00  1.0000000e+00]]
[+0056.59, +0036.36, -1053.72]
2033, 2198, 1715
[[-3.3095040e-01  8.5980480e-02 -9.3965904e-01  6.0930000e+01]
 [ 1.5756480e-02  9.9620480e-01  8.5600160e-02  8.3400000e+01]
 [ 9.4345296e-01  1.3528160e-02 -3.3104896e-01 -1.1152500e+03]
 [ 0.0000000e+00  0.0000000e+00  0.0000000e+00  1.0000000e+00]]
[+0129.02, -0001.61, -1017.07]
1849, 1232, 1021
[[-3.2908074e-01  8.9238880e-02 -9.3996950e-01  6.1210000e+01]
 [ 1.7310800e-02  9.9592700e-01  8.8482400e-02  8.3620000e+01]
 [ 9.4403738e-01  1.2853840e-02 -3.2928490e-01 -1.1153000e+03]
 [ 0.0000000e+00  0.0000000e+00  0.0000000e+00  1.0000000e+00]]
[+0080.02, +0035.22, -1031.18]
2049, 1530, 875
[[-3.2969536e-01  8.8560640e-02 -9.3974384e-01  6.1120000e+01]
 [ 1.7363360e-02  9.9599022e-01  8.7755180e-02  8.3570000e+01]
 [ 9.4374784e-01  1.2628180e-02 -3.2991058e-01 -1.1152500e+03]
 [ 0.0000000e+00  0.0000000e+00  0.0000000e+00  1.0000000e+00]]
[+0109.02, +0057.04, -1050.96]
1620, 1922, 1937
[[-3.2934490e-01  8.7031700e-02 -9.4001610e-01  6.1060000e+01]
 [ 1.6272260e-02  9.9611750e-01  8.6511180e-02  8.3440000e+01]
 [ 9.4389618e-01  1.3208100e-02 -3.2948196e-01 -1.1152400e+03]
 [ 0.0000000e+00  0.0000000e+00  0.0000000e+00  1.0000000e+00]]
[+0122.97, -0055.63, -1011.86]
1827, 816, 811
[[-3.2846664e-01  8.9911040e-02 -9.4003180e-01  6.1290000e+01]
 [ 1.7264000e-02  9.9586326e-01  8.9203040e-02  8.3640000e+01]
 [ 9.4416404e-01  1.3085600e-02 -3.2865954e-01 -1.1152100e+03]
 [ 0.0000000e+00  0.0000000e+00  0.0000000e+00  1.0000000e+00]]
[+0057.24, +0045.01, -1060.46]
1600, 928, 900
[[-3.2776528e-01  8.9290920e-02 -9.4032148e-01  6.1270000e+01]
 [ 1.7532120e-02  9.9592632e-01  8.8443120e-02  8.3630000e+01]
 [ 9.4438868e-01  1.2517680e-02 -3.2799496e-01 -1.1152400e+03]
 [ 0.0000000e+00  0.0000000e+00  0.0000000e+00  1.0000000e+00]]
[+0065.58, +0028.21, -1024.29]
804, 2132, 1597
[[-3.269920e-01  8.847000e-02 -9.407948e-01  6.119000e+01]
 [ 1.897800e-02  9.960220e-01  8.706060e-02  8.367000e+01]
 [ 9.447548e-01  1.061940e-02 -3.273700e-01 -1.115290e+03]
 [ 0.000000e+00  0.000000e+00  0.000000e+00  1.000000e+00]]
[+0195.19, -0066.51, -1038.72]
924, 2003, 1785
[[-3.2830674e-01  8.8081440e-02 -9.4012938e-01  6.1150000e+01]
 [ 1.8442080e-02  9.9604940e-01  8.6854240e-02  8.3560000e+01]
 [ 9.4406646e-01  1.1199520e-02 -3.2863330e-01 -1.1152200e+03]
 [ 0.0000000e+00  0.0000000e+00  0.0000000e+00  1.0000000e+00]]
[+0172.35, -0079.70, -1030.49]
1234, 769, 935
[[-3.2746450e-01  9.0824640e-02 -9.4030552e-01  6.1370000e+01]
 [ 1.8590400e-02  9.9579520e-01  8.9695200e-02  8.3700000e+01]
 [ 9.4449880e-01  1.1904480e-02 -3.2777554e-01 -1.1151900e+03]
 [ 0.0000000e+00  0.0000000e+00  0.0000000e+00  1.0000000e+00]]
[+0057.06, -0003.09, -1004.32]
999, 899, 2074
[[-3.2708928e-01  8.8576400e-02 -9.4061000e-01  6.1250000e+01]
 [ 1.7243600e-02  9.9599022e-01  8.7777400e-02  8.3490000e+01]
 [ 9.4461400e-01  1.2507400e-02 -3.2730450e-01 -1.1152100e+03]
 [ 0.0000000e+00  0.0000000e+00  0.0000000e+00  1.0000000e+00]]
[+0083.56, -0112.58, -1071.65]
1428, 2152, 877
[[-3.2869322e-01  8.8497360e-02 -9.4005558e-01  6.1130000e+01]
 [ 1.7713440e-02  9.9600176e-01  8.7552560e-02  8.3650000e+01]
 [ 9.4404582e-01  1.2142240e-02 -3.2894602e-01 -1.1152700e+03]
 [ 0.0000000e+00  0.0000000e+00  0.0000000e+00  1.0000000e+00]]
[+0183.73, +0024.00, -1033.53]
1836, 1894, 1988
[[-3.2965858e-01  8.7242240e-02 -9.3996290e-01  6.1040000e+01]
 [ 1.6726240e-02  9.9610428e-01  8.6579200e-02  8.3410000e+01]
 [ 9.4385470e-01  1.2826400e-02 -3.2983330e-01 -1.1152400e+03]
 [ 0.0000000e+00  0.0000000e+00  0.0000000e+00  1.0000000e+00]]
[+0098.97, -0041.62, -1017.86]
1074, 1310, 1005
[[-3.2742724e-01  9.0477360e-02 -9.4032568e-01  6.1310000e+01]
 [ 1.8937680e-02  9.9583246e-01  8.9206740e-02  8.3700000e+01]
 [ 9.4447864e-01  1.1416020e-02 -3.2777554e-01 -1.1152300e+03]
 [ 0.0000000e+00  0.0000000e+00  0.0000000e+00  1.0000000e+00]]
[+0124.75, -0016.00, -0981.40]
1618, 1211, 1235
[[-3.2873012e-01  8.9170140e-02 -9.4002366e-01  6.1230000e+01]
 [ 1.7692260e-02  9.9593870e-01  8.8272580e-02  8.3610000e+01]
 [ 9.4407774e-01  1.2399620e-02 -3.2897218e-01 -1.1152100e+03]
 [ 0.0000000e+00  0.0000000e+00  0.0000000e+00  1.0000000e+00]]
[+0073.71, +0004.16, -1011.88]
937, 2204, 824
[[-3.2767946e-01  8.9457780e-02 -9.4033104e-01  6.1200000e+01]
 [ 1.9319340e-02  9.9593270e-01  8.7997680e-02  8.3790000e+01]
 [ 9.4437912e-01  1.0683360e-02 -3.2807440e-01 -1.1152600e+03]
 [ 0.0000000e+00  0.0000000e+00  0.0000000e+00  1.0000000e+00]]
[+0210.60, -0003.61, -1043.06]
1080, 2027, 1390
[[-3.2769160e-01  8.8433640e-02 -9.4036692e-01  6.1170000e+01]
 [ 1.8063720e-02  9.9601310e-01  8.7350340e-02  8.3610000e+01]
 [ 9.4434324e-01  1.1656380e-02 -3.2798186e-01 -1.1152700e+03]
 [ 0.0000000e+00  0.0000000e+00  0.0000000e+00  1.0000000e+00]]
[+0175.97, -0040.70, -1010.62]
1625, 1266, 1898
[[-3.2870548e-01  8.7967560e-02 -9.4023652e-01  6.1130000e+01]
 [ 1.6940040e-02  9.9604134e-01  8.7259260e-02  8.3450000e+01]
 [ 9.4419068e-01  1.2761340e-02 -3.2889418e-01 -1.1152100e+03]
 [ 0.0000000e+00  0.0000000e+00  0.0000000e+00  1.0000000e+00]]
[+0063.66, -0058.10, -1034.34]
