945, 1029, 1206
[[-3.7577104e-01 -9.0404160e-02 -9.2204952e-01  1.7366000e+02]
 [ 3.7781520e-02  9.9290486e-01 -1.1273946e-01  8.7620000e+01]
 [ 9.2570016e-01 -7.7231580e-02 -3.6968714e-01 -1.3295000e+03]
 [ 0.0000000e+00  0.0000000e+00  0.0000000e+00  1.0000000e+00]]
[+0227.79, -0031.13, -1187.52]
1025, 1027, 1111
[[-3.7614802e-01 -9.0453640e-02 -9.2200084e-01  1.7363000e+02]
 [ 3.8155640e-02  9.9286520e-01 -1.1296712e-01  8.7590000e+01]
 [ 9.2564116e-01 -7.7688880e-02 -3.7001178e-01 -1.3294800e+03]
 [ 0.0000000e+00  0.0000000e+00  0.0000000e+00  1.0000000e+00]]
[+0219.03, -0012.81, -1187.66]
1844, 1838, 1229
[[-3.7657152e-01 -9.2523760e-02 -9.2148728e-01  1.7349000e+02]
 [ 3.6909040e-02  9.9270752e-01 -1.1474704e-01  8.7420000e+01]
 [ 9.2538488e-01 -7.7256160e-02 -3.7040800e-01 -1.3294700e+03]
 [ 0.0000000e+00  0.0000000e+00  0.0000000e+00  1.0000000e+00]]
[+0240.27, +0053.10, -1224.92]
1652, 2165, 998
[[-3.7617108e-01 -9.2716780e-02 -9.2184766e-01  1.7348000e+02]
 [ 3.6115780e-02  9.9275660e-01 -1.1458394e-01  8.7480000e+01]
 [ 9.2579434e-01 -7.6403060e-02 -3.7009732e-01 -1.3294500e+03]
 [ 0.0000000e+00  0.0000000e+00  0.0000000e+00  1.0000000e+00]]
[+0287.49, +0059.87, -1237.16]
2233, 2063, 2026
[[-3.7853530e-01 -9.4812720e-02 -9.2049566e-01  1.7330000e+02]
 [ 3.4188480e-02  9.9262540e-01 -1.1629176e-01  8.7230000e+01]
 [ 9.2473394e-01 -7.5519360e-02 -3.7250026e-01 -1.3293600e+03]
 [ 0.0000000e+00  0.0000000e+00  0.0000000e+00  1.0000000e+00]]
[+0221.80, +0002.82, -1230.48]
1317, 2039, 1329
[[-3.7685626e-01 -9.1795780e-02 -9.2147472e-01  1.7356000e+02]
 [ 3.7167580e-02  9.9277382e-01 -1.1408952e-01  8.7550000e+01]
 [ 9.2528952e-01 -7.7274720e-02 -3.7071908e-01 -1.3294100e+03]
 [ 0.0000000e+00  0.0000000e+00  0.0000000e+00  1.0000000e+00]]
[+0290.14, +0016.98, -1208.22]
2052, 974, 784
[[-3.7711818e-01 -9.1121780e-02 -9.2145362e-01  1.7359000e+02]
 [ 3.7149220e-02  9.9285612e-01 -1.1337802e-01  8.7510000e+01]
 [ 9.2520262e-01 -7.7015980e-02 -3.7103706e-01 -1.3294100e+03]
 [ 0.0000000e+00  0.0000000e+00  0.0000000e+00  1.0000000e+00]]
[+0187.22, +0065.14, -1286.68]
2104, 1681, 1620
[[-3.7782658e-01 -9.4120420e-02 -9.2081160e-01  1.7346000e+02]
 [ 3.4504420e-02  9.9269342e-01 -1.1561400e-01  8.7280000e+01]
 [ 9.2496600e-01 -7.5488400e-02 -3.7181600e-01 -1.3294300e+03]
 [ 0.0000000e+00  0.0000000e+00  0.0000000e+00  1.0000000e+00]]
[+0204.17, +0024.07, -1234.84]
954, 2036, 1066
[[-3.7420890e-01 -9.1235020e-02 -9.2244766e-01  1.7359000e+02]
 [ 3.7982660e-02  9.9279990e-01 -1.1358622e-01  8.7620000e+01]
 [ 9.2616998e-01 -7.7593060e-02 -3.6804564e-01 -1.3294800e+03]
 [ 0.0000000e+00  0.0000000e+00  0.0000000e+00  1.0000000e+00]]
[+0323.02, +0019.32, -1220.72]
793, 1451, 1802
[[-3.7654834e-01 -9.1761680e-02 -9.2170248e-01  1.7361000e+02]
 [ 3.7471120e-02  9.9275726e-01 -1.1413848e-01  8.7480000e+01]
 [ 9.2550072e-01 -7.7533680e-02 -3.7038144e-01 -1.3293800e+03]
 [ 0.0000000e+00  0.0000000e+00  0.0000000e+00  1.0000000e+00]]
[+0282.49, -0077.53, -1225.68]
