800, 750, 750
[[-8.6011680e-02  9.4310840e-01 -3.2057272e-01 -2.9670000e+01]
 [ 3.7318000e-02  3.2477744e-01  9.4492840e-01  1.4533000e+02]
 [ 9.9540328e-01  6.9490000e-02 -6.3006880e-02 -1.1678400e+03]
 [ 0.0000000e+00  0.0000000e+00  0.0000000e+00  1.0000000e+00]]
[-0110.68, +0039.50, -1044.83]
800, 964, 964
[[-8.6649040e-02  9.4269076e-01 -3.2170692e-01 -2.9780000e+01]
 [ 3.7166920e-02  3.2591870e-01  9.4455834e-01  1.4538000e+02]
 [ 9.9537924e-01  7.0042620e-02 -6.3171300e-02 -1.1678400e+03]
 [ 0.0000000e+00  0.0000000e+00  0.0000000e+00  1.0000000e+00]]
[-0124.28, +0013.32, -1053.96]
800, 1178, 1178
[[-8.7788260e-02  9.4242298e-01 -3.2182432e-01 -2.9820000e+01]
 [ 3.7350620e-02  3.2623542e-01  9.4436632e-01  1.4540000e+02]
 [ 9.9515672e-01  7.1145920e-02 -6.3659680e-02 -1.1678300e+03]
 [ 0.0000000e+00  0.0000000e+00  0.0000000e+00  1.0000000e+00]]
[-0130.81, -0007.64, -1067.40]
800, 1392, 1392
[[-8.7773520e-02  9.4234264e-01 -3.2240440e-01 -2.9890000e+01]
 [ 3.7753360e-02  3.2673648e-01  9.4424920e-01  1.4543000e+02]
 [ 9.9525320e-01  7.0867600e-02 -6.4146000e-02 -1.1678100e+03]
 [ 0.0000000e+00  0.0000000e+00  0.0000000e+00  1.0000000e+00]]
[-0138.22, -0023.61, -1085.88]
800, 1606, 1606
[[-8.7272820e-02  9.4222258e-01 -3.2268438e-01 -2.9890000e+01]
 [ 3.8116620e-02  3.2707596e-01  9.4407338e-01  1.4544000e+02]
 [ 9.9521642e-01  7.0313820e-02 -6.4307220e-02 -1.1678100e+03]
 [ 0.0000000e+00  0.0000000e+00  0.0000000e+00  1.0000000e+00]]
[-0141.19, -0035.93, -1107.36]
800, 1820, 1820
[[-8.8322500e-02  9.4186370e-01 -3.2339710e-01 -2.9990000e+01]
 [ 3.8308100e-02  3.2788742e-01  9.4377418e-01  1.4547000e+02]
 [ 9.9510070e-01  7.1203820e-02 -6.4879080e-02 -1.1678200e+03]
 [ 0.0000000e+00  0.0000000e+00  0.0000000e+00  1.0000000e+00]]
[-0143.47, -0043.25, -1132.11]
800, 2034, 2034
[[-8.7464040e-02  9.4096748e-01 -3.2598476e-01 -3.0110000e+01]
 [ 3.8630840e-02  3.3052470e-01  9.4278958e-01  1.4561000e+02]
 [ 9.9508468e-01  7.0176460e-02 -6.5048100e-02 -1.1678200e+03]
 [ 0.0000000e+00  0.0000000e+00  0.0000000e+00  1.0000000e+00]]
[-0139.24, -0043.36, -1146.98]
1220, 750, 750
[[-8.5601800e-02  9.4308632e-01 -3.2078784e-01 -2.9680000e+01]
 [ 3.7178560e-02  3.2494454e-01  9.4488498e-01  1.4534000e+02]
 [ 9.9545688e-01  6.9123540e-02 -6.2764100e-02 -1.1678600e+03]
 [ 0.0000000e+00  0.0000000e+00  0.0000000e+00  1.0000000e+00]]
[-0085.42, +0087.10, -1064.13]
1220, 964, 964
[[-8.6482020e-02  9.4262032e-01 -3.2158260e-01 -2.9790000e+01]
 [ 3.7480320e-02  3.2592438e-01  9.4446460e-01  1.4540000e+02]
 [ 9.9526060e-01  6.9893400e-02 -6.3332640e-02 -1.1678500e+03]
 [ 0.0000000e+00  0.0000000e+00  0.0000000e+00  1.0000000e+00]]
[-0098.41, +0061.45, -1059.26]
1220, 1178, 1178
[[-8.7545160e-02  9.4238792e-01 -3.2204260e-01 -2.9840000e+01]
 [ 3.6981400e-02  3.2639660e-01  9.4433560e-01  1.4541000e+02]
 [ 9.9520792e-01  7.1009560e-02 -6.3255400e-02 -1.1678500e+03]
 [ 0.0000000e+00  0.0000000e+00  0.0000000e+00  1.0000000e+00]]
[-0108.13, +0039.22, -1061.48]
1220, 1392, 1392
[[-8.7287200e-02  9.4250804e-01 -3.2214228e-01 -2.9860000e+01]
 [ 3.7751800e-02  3.2641400e-01  9.4437960e-01  1.4544000e+02]
 [ 9.9532500e-01  7.0403280e-02 -6.3982160e-02 -1.1678400e+03]
 [ 0.0000000e+00  0.0000000e+00  0.0000000e+00  1.0000000e+00]]
[-0118.84, +0019.38, -1068.89]
1220, 1606, 1606
[[-8.7606580e-02  9.4219614e-01 -3.2269006e-01 -2.9920000e+01]
 [ 3.7656660e-02  3.2706460e-01  9.4409982e-01  1.4546000e+02]
 [ 9.9521074e-01  7.0773780e-02 -6.3984820e-02 -1.1678400e+03]
 [ 0.0000000e+00  0.0000000e+00  0.0000000e+00  1.0000000e+00]]
[-0128.14, +0001.56, -1081.05]
1220, 1820, 1820
[[-8.8245940e-02  9.4213486e-01 -3.2304138e-01 -2.9950000e+01]
 [ 3.8362580e-02  3.2739836e-01  9.4402914e-01  1.4549000e+02]
 [ 9.9523974e-01  7.1025420e-02 -6.4957940e-02 -1.1678300e+03]
 [ 0.0000000e+00  0.0000000e+00  0.0000000e+00  1.0000000e+00]]
[-0132.44, -0015.25, -1097.44]
1220, 2034, 2034
[[-8.8142500e-02  9.4179648e-01 -3.2397436e-01 -3.0030000e+01]
 [ 3.8940960e-02  3.2839320e-01  9.4364292e-01  1.4550000e+02]
 [ 9.9520028e-01  7.0694760e-02 -6.5527060e-02 -1.1678000e+03]
 [ 0.0000000e+00  0.0000000e+00  0.0000000e+00  1.0000000e+00]]
[-0136.43, -0025.80, -1118.16]
#1220, 2248, 2248
[[-8.6455620e-02  9.4012930e-01 -3.2872488e-01 -3.0130000e+01]
 [ 3.8085300e-02  3.3314550e-01  9.4190320e-01  1.4583000e+02]
 [ 9.9521488e-01  6.9202800e-02 -6.4410120e-02 -1.1679500e+03]
 [ 0.0000000e+00  0.0000000e+00  0.0000000e+00  1.0000000e+00]]
[-0132.63, -0027.20, -1126.76]
1800, 750, 750
[[-8.7317520e-02  9.4298728e-01 -3.2040460e-01 -2.9710000e+01]
 [ 3.7599280e-02  3.2476608e-01  9.4488520e-01  1.4536000e+02]
 [ 9.9522380e-01  7.0687600e-02 -6.3655440e-02 -1.1678500e+03]
 [ 0.0000000e+00  0.0000000e+00  0.0000000e+00  1.0000000e+00]]
[-0062.44, +0122.41, -1119.19]
1800, 964, 964
[[-8.8274580e-02  9.4273642e-01 -3.2122044e-01 -2.9810000e+01]
 [ 3.8332380e-02  3.2559030e-01  9.4464404e-01  1.4541000e+02]
 [ 9.9522116e-01  7.1202360e-02 -6.4791120e-02 -1.1678400e+03]
 [ 0.0000000e+00  0.0000000e+00  0.0000000e+00  1.0000000e+00]]
[-0071.31, +0107.24, -1100.66]
1800, 1178, 1178
[[-8.7287200e-02  9.4250072e-01 -3.2161064e-01 -2.9810000e+01]
 [ 3.8245360e-02  3.2609136e-01  9.4435432e-01  1.4542000e+02]
 [ 9.9512728e-01  7.0428560e-02 -6.4304800e-02 -1.1678200e+03]
 [ 0.0000000e+00  0.0000000e+00  0.0000000e+00  1.0000000e+00]]
[-0079.51, +0091.26, -1089.38]
1800, 1392, 1392
[[-8.7682900e-02  9.4244268e-01 -3.2197534e-01 -2.9840000e+01]
 [ 3.8787480e-02  3.2642520e-01  9.4428084e-01  1.4544000e+02]
 [ 9.9516926e-01  7.0516440e-02 -6.5034340e-02 -1.1678100e+03]
 [ 0.0000000e+00  0.0000000e+00  0.0000000e+00  1.0000000e+00]]
[-0089.70, +0072.99, -1082.51]
1800, 1606, 1606
[[-8.8093060e-02  9.4226674e-01 -3.2225334e-01 -2.9880000e+01]
 [ 3.8394940e-02  3.2674220e-01  9.4416102e-01  1.4546000e+02]
 [ 9.9510786e-01  7.1046420e-02 -6.4793700e-02 -1.1678400e+03]
 [ 0.0000000e+00  0.0000000e+00  0.0000000e+00  1.0000000e+00]]
[-0099.95, +0054.59, -1081.31]
1800, 1820, 1820
[[-8.7592480e-02  9.4219204e-01 -3.2286012e-01 -2.9920000e+01]
 [ 3.8469640e-02  3.2724278e-01  9.4403796e-01  1.4548000e+02]
 [ 9.9523092e-01  7.0439640e-02 -6.4793700e-02 -1.1678400e+03]
 [ 0.0000000e+00  0.0000000e+00  0.0000000e+00  1.0000000e+00]]
[-0107.98, +0035.16, -1084.70]
1800, 2034, 2034
[[-8.8309160e-02  9.4189830e-01 -3.2336190e-01 -3.0020000e+01]
 [ 3.9326100e-02  3.2790422e-01  9.4373958e-01  1.4551000e+02]
 [ 9.9508230e-01  7.0841580e-02 -6.5849380e-02 -1.1677800e+03]
 [ 0.0000000e+00  0.0000000e+00  0.0000000e+00  1.0000000e+00]]
[-0118.84, +0016.56, -1093.94]
1800, 2248, 2248
[[-8.8219380e-02  9.4160846e-01 -3.2445164e-01 -3.0090000e+01]
 [ 3.8803060e-02  3.2888198e-01  9.4346828e-01  1.4558000e+02]
 [ 9.9518324e-01  7.0792520e-02 -6.5448400e-02 -1.1678000e+03]
 [ 0.0000000e+00  0.0000000e+00  0.0000000e+00  1.0000000e+00]]
[-0122.73, +0002.87, -1105.68]
750, 800, 750
[[-8.5375120e-02  9.4336612e-01 -3.1972680e-01 -2.9510000e+01]
 [ 3.7142120e-02  3.2395838e-01  9.4516200e-01  1.4531000e+02]
 [ 9.9538200e-01  6.9073200e-02 -6.2520740e-02 -1.1678600e+03]
 [ 0.0000000e+00  0.0000000e+00  0.0000000e+00  1.0000000e+00]]
[-0109.40, +0028.52, -1044.84]
964, 800, 964
[[-8.6254500e-02  9.4298418e-01 -3.2064326e-01 -2.9660000e+01]
 [ 3.7360900e-02  3.2493894e-01  9.4482282e-01  1.4534000e+02]
 [ 9.9530670e-01  6.9762700e-02 -6.3088200e-02 -1.1678400e+03]
 [ 0.0000000e+00  0.0000000e+00  0.0000000e+00  1.0000000e+00]]
[-0125.79, +0052.92, -1054.21]
1178, 800, 1178
[[-8.6664500e-02  9.4293042e-01 -3.2083806e-01 -2.9710000e+01]
 [ 3.7090380e-02  3.2509468e-01  9.4481106e-01  1.4535000e+02]
 [ 9.9532866e-01  7.0184460e-02 -6.3008180e-02 -1.1678300e+03]
 [ 0.0000000e+00  0.0000000e+00  0.0000000e+00  1.0000000e+00]]
[-0135.83, +0072.39, -1068.31]
1392, 800, 1392
[[-8.7226180e-02  9.4273758e-01 -3.2128952e-01 -2.9760000e+01]
 [ 3.7281420e-02  3.2558454e-01  9.4464288e-01  1.4535000e+02]
 [ 9.9528448e-01  7.0611120e-02 -6.3414280e-02 -1.1678300e+03]
 [ 0.0000000e+00  0.0000000e+00  0.0000000e+00  1.0000000e+00]]
[-0143.43, +0089.28, -1088.16]
1606, 800, 1606
[[-8.7545160e-02  9.4262346e-01 -3.2134382e-01 -2.9820000e+01]
 [ 3.7718180e-02  3.2575164e-01  9.4452714e-01  1.4537000e+02]
 [ 9.9517746e-01  7.0818020e-02 -6.3900360e-02 -1.1678100e+03]
 [ 0.0000000e+00  0.0000000e+00  0.0000000e+00  1.0000000e+00]]
[-0148.67, +0100.64, -1110.51]
1820, 800, 1820
[[-8.8260000e-02  9.4232972e-01 -3.2184596e-01 -2.9890000e+01]
 [ 3.8575240e-02  3.2641400e-01  9.4422968e-01  1.4539000e+02]
 [ 9.9502868e-01  7.1221040e-02 -6.4954960e-02 -1.1677900e+03]
 [ 0.0000000e+00  0.0000000e+00  0.0000000e+00  1.0000000e+00]]
[-0150.43, +0106.26, -1132.68]
2034, 800, 2034
[[-9.3943300e-02  9.4159412e-01 -3.2287224e-01 -3.0460000e+01]
 [ 4.1227640e-02  3.2786990e-01  9.4371588e-01  1.4533000e+02]
 [ 9.9455832e-01  7.5497640e-02 -6.9516240e-02 -1.1676000e+03]
 [ 0.0000000e+00  0.0000000e+00  0.0000000e+00  1.0000000e+00]]
[-0150.83, +0103.61, -1146.73]
750, 1220, 750
[[-8.6396340e-02  9.4395746e-01 -3.1768232e-01 -2.9510000e+01]
 [ 3.6955180e-02  3.2196686e-01  9.4584536e-01  1.4525000e+02]
 [ 9.9529496e-01  7.0238480e-02 -6.2520640e-02 -1.1678400e+03]
 [ 0.0000000e+00  0.0000000e+00  0.0000000e+00  1.0000000e+00]]
[-0080.04, -0013.96, -1062.13]
964, 1220, 964
[[-8.5893840e-02  9.4384628e-01 -3.1849380e-01 -2.9630000e+01]
 [ 3.6823800e-02  3.2263110e-01  9.4569670e-01  1.4526000e+02]
 [ 9.9545372e-01  6.9659460e-02 -6.2358900e-02 -1.1678400e+03]
 [ 0.0000000e+00  0.0000000e+00  0.0000000e+00  1.0000000e+00]]
[-0096.08, +0009.54, -1058.38]
1178, 1220, 1178
[[-8.6956660e-02  9.4365266e-01 -3.1874946e-01 -2.9660000e+01]
 [ 3.6531860e-02  3.2294270e-01  9.4559562e-01  1.4527000e+02]
 [ 9.9536274e-01  7.0748220e-02 -6.2440200e-02 -1.1678600e+03]
 [ 0.0000000e+00  0.0000000e+00  0.0000000e+00  1.0000000e+00]]
[-0107.78, +0030.66, -1061.30]
1392, 1220, 1392
[[-8.7668180e-02  9.4339686e-01 -3.1904754e-01 -2.9710000e+01]
 [ 3.7595460e-02  3.2344508e-01  9.4532698e-01  1.4527000e+02]
 [ 9.9517614e-01  7.1125820e-02 -6.3654100e-02 -1.1678000e+03]
 [ 0.0000000e+00  0.0000000e+00  0.0000000e+00  1.0000000e+00]]
[-0119.98, +0051.36, -1069.83]
1606, 1220, 1606
[[-8.7911080e-02  9.4347764e-01 -3.1915576e-01 -2.9670000e+01]
 [ 3.7676240e-02  3.2344508e-01  9.4541068e-01  1.4525000e+02]
 [ 9.9528436e-01  7.1209520e-02 -6.3897000e-02 -1.1677600e+03]
 [ 0.0000000e+00  0.0000000e+00  0.0000000e+00  1.0000000e+00]]
[-0129.41, +0069.24, -1082.83]
1820, 1220, 1820
[[-8.7576360e-02  9.4322340e-01 -3.1952244e-01 -2.9760000e+01]
 [ 3.7687560e-02  3.2394134e-01  9.4514030e-01  1.4528000e+02]
 [ 9.9516060e-01  7.0994060e-02 -6.3735460e-02 -1.1677700e+03]
 [ 0.0000000e+00  0.0000000e+00  0.0000000e+00  1.0000000e+00]]
[-0136.56, +0083.44, -1100.07]
2034, 1220, 2034
[[-8.9186440e-02  9.4295366e-01 -3.2031426e-01 -2.9850000e+01]
 [ 3.8519740e-02  3.2476028e-01  9.4491882e-01  1.4529000e+02]
 [ 9.9512766e-01  7.2067620e-02 -6.5195720e-02 -1.1677100e+03]
 [ 0.0000000e+00  0.0000000e+00  0.0000000e+00  1.0000000e+00]]
[-0142.13, +0089.46, -1118.67]
#2248, 1220, 2248
[[-9.8052520e-02  9.4370686e-01 -3.1533702e-01 -3.0510000e+01]
 [ 4.3105340e-02  3.2077436e-01  9.4605474e-01  1.4495000e+02]
 [ 9.9406338e-01  7.9341060e-02 -7.2014120e-02 -1.1673400e+03]
 [ 0.0000000e+00  0.0000000e+00  0.0000000e+00  1.0000000e+00]]
[-0143.42, +0088.09, -1125.55]
750, 1800, 750
[[-8.5127440e-02  9.4914400e-01 -3.0249540e-01 -2.8830000e+01]
 [ 3.6709600e-02  3.0656408e-01  9.5101572e-01  1.4436000e+02]
 [ 9.9550500e-01  7.0029720e-02 -6.0815520e-02 -1.1676800e+03]
 [ 0.0000000e+00  0.0000000e+00  0.0000000e+00  1.0000000e+00]]
[-0056.14, -0046.60, -1113.49]
964, 1800, 964
[[-8.6574400e-02  9.4877744e-01 -3.0320328e-01 -2.9070000e+01]
 [ 3.6851360e-02  3.0738158e-01  9.5074044e-01  1.4440000e+02]
 [ 9.9536568e-01  7.1321640e-02 -6.1444980e-02 -1.1677500e+03]
 [ 0.0000000e+00  0.0000000e+00  0.0000000e+00  1.0000000e+00]]
[-0066.45, -0031.73, -1096.52]
1178, 1800, 1178
[[-8.6404980e-02  9.4863386e-01 -3.0349032e-01 -2.9100000e+01]
 [ 3.6753660e-02  3.0771438e-01  9.5059384e-01  1.4440000e+02]
 [ 9.9531992e-01  7.1226960e-02 -6.1281600e-02 -1.1677700e+03]
 [ 0.0000000e+00  0.0000000e+00  0.0000000e+00  1.0000000e+00]]
[-0076.93, -0015.48, -1085.39]
1392, 1800, 1392
[[-8.6959620e-02  9.4856586e-01 -3.0385896e-01 -2.9160000e+01]
 [ 3.7070340e-02  3.0804710e-01  9.5053792e-01  1.4441000e+02]
 [ 9.9535584e-01  7.1549680e-02 -6.1842280e-02 -1.1677800e+03]
 [ 0.0000000e+00  0.0000000e+00  0.0000000e+00  1.0000000e+00]]
[-0088.51, +0004.18, -1079.50]
1606, 1800, 1606
[[-8.6934600e-02  9.4847850e-01 -3.0390850e-01 -2.9210000e+01]
 [ 3.7967300e-02  3.0822828e-01  9.5039694e-01  1.4443000e+02]
 [ 9.9525390e-01  7.1304940e-02 -6.2651880e-02 -1.1677400e+03]
 [ 0.0000000e+00  0.0000000e+00  0.0000000e+00  1.0000000e+00]]
[-0100.24, +0022.93, -1079.99]
1820, 1800, 1820
[[-8.8553460e-02  9.4829052e-01 -3.0412202e-01 -2.9290000e+01]
 [ 3.8410520e-02  3.0854904e-01  9.5029452e-01  1.4445000e+02]
 [ 9.9512298e-01  7.2664520e-02 -6.3611460e-02 -1.1677400e+03]
 [ 0.0000000e+00  0.0000000e+00  0.0000000e+00  1.0000000e+00]]
[-0110.22, +0040.69, -1085.15]
2034, 1800, 2034
[[-8.894032e-02  9.480786e-01 -3.047770e-01 -2.938000e+01]
 [ 3.862860e-02  3.092140e-01  9.500916e-01  1.444600e+02]
 [ 9.951130e-01  7.289160e-02 -6.401032e-02 -1.167720e+03]
 [ 0.000000e+00  0.000000e+00  0.000000e+00  1.000000e+00]]
[-0122.67, +0056.56, -1095.57]
2248, 1800, 2248
[[-9.0803400e-02  9.4776534e-01 -3.0506002e-01 -2.9580000e+01]
 [ 3.9115780e-02  3.0969726e-01  9.4988574e-01  1.4446000e+02]
 [ 9.9488226e-01  7.4523980e-02 -6.5051700e-02 -1.1676600e+03]
 [ 0.0000000e+00  0.0000000e+00  0.0000000e+00  1.0000000e+00]]
[-0128.77, +0065.46, -1107.13]
750, 750, 800
[[-8.4940100e-02  9.4953720e-01 -3.0117600e-01 -2.8890000e+01]
 [ 3.5980080e-02  3.0521944e-01  9.5144820e-01  1.4423000e+02]
 [ 9.9550656e-01  7.0195080e-02 -5.9938100e-02 -1.1677600e+03]
 [ 0.0000000e+00  0.0000000e+00  0.0000000e+00  1.0000000e+00]]
[-0121.01, +0034.30, -1046.12]
964, 964, 800
[[-8.6457300e-02  9.4925236e-01 -3.0145788e-01 -2.8990000e+01]
 [ 3.6928440e-02  3.0571638e-01  9.5121536e-01  1.4428000e+02]
 [ 9.9528548e-01  7.1374560e-02 -6.1297680e-02 -1.1677300e+03]
 [ 0.0000000e+00  0.0000000e+00  0.0000000e+00  1.0000000e+00]]
[-0090.26, +0035.21, -1051.13]
1178, 1178, 800
[[-8.6287680e-02  9.4915808e-01 -3.0207096e-01 -2.9010000e+01]
 [ 3.6540480e-02  3.0621312e-01  9.5112496e-01  1.4432000e+02]
 [ 9.9539576e-01  7.1223840e-02 -6.0970560e-02 -1.1677500e+03]
 [ 0.0000000e+00  0.0000000e+00  0.0000000e+00  1.0000000e+00]]
[-0066.33, +0036.74, -1062.05]
1392, 1392, 800
[[-8.6600420e-02  9.4912920e-01 -3.0224736e-01 -2.9020000e+01]
 [ 3.6896400e-02  3.0638270e-01  9.5109220e-01  1.4434000e+02]
 [ 9.9540864e-01  7.1354600e-02 -6.1452880e-02 -1.1677400e+03]
 [ 0.0000000e+00  0.0000000e+00  0.0000000e+00  1.0000000e+00]]
[-0046.36, +0040.31, -1077.74]
1606, 1606, 800
[[-8.7298420e-02  9.4884034e-01 -3.0275326e-01 -2.9100000e+01]
 [ 3.7761460e-02  3.0705470e-01  9.5080118e-01  1.4440000e+02]
 [ 9.9525454e-01  7.1769220e-02 -6.2495880e-02 -1.1677400e+03]
 [ 0.0000000e+00  0.0000000e+00  0.0000000e+00  1.0000000e+00]]
[-0030.68, +0041.38, -1097.14]
1820, 1820, 800
[[-8.7611880e-02  9.4869084e-01 -3.0301404e-01 -2.9140000e+01]
 [ 3.7996440e-02  3.0738758e-01  9.5066062e-01  1.4445000e+02]
 [ 9.9518244e-01  7.2007180e-02 -6.2815300e-02 -1.1677800e+03]
 [ 0.0000000e+00  0.0000000e+00  0.0000000e+00  1.0000000e+00]]
[-0021.91, +0040.64, -1117.70]
2034, 2034, 800
[[-8.8674760e-02  9.4826158e-01 -3.0393282e-01 -2.9210000e+01]
 [ 4.0301980e-02  3.0857804e-01  9.5015718e-01  1.4470000e+02]
 [ 9.9496278e-01  7.2269580e-02 -6.5395560e-02 -1.1678000e+03]
 [ 0.0000000e+00  0.0000000e+00  0.0000000e+00  1.0000000e+00]]
[-0021.72, +0038.27, -1131.21]
750, 750, 1220
[[-8.6440660e-02  9.4971674e-01 -3.0026252e-01 -2.8930000e+01]
 [ 3.5886980e-02  3.0436430e-01  9.5174204e-01  1.4415000e+02]
 [ 9.9540524e-01  7.1686120e-02 -6.0256200e-02 -1.1677400e+03]
 [ 0.0000000e+00  0.0000000e+00  0.0000000e+00  1.0000000e+00]]
[-0170.76, +0031.38, -1071.73]
964, 964, 1220
[[-8.7234760e-02  9.4956110e-01 -3.0049790e-01 -2.9010000e+01]
 [ 3.6456100e-02  3.0469782e-01  9.5160838e-01  1.4419000e+02]
 [ 9.9530710e-01  7.2258380e-02 -6.1056580e-02 -1.1677200e+03]
 [ 0.0000000e+00  0.0000000e+00  0.0000000e+00  1.0000000e+00]]
[-0142.45, +0032.71, -1063.07]
1178, 1178, 1220
[[-8.7377320e-02  9.4942480e-01 -3.0075592e-01 -2.9040000e+01]
 [ 3.6919600e-02  3.0503750e-01  9.5145530e-01  1.4422000e+02]
 [ 9.9523792e-01  7.2268900e-02 -6.1538820e-02 -1.1677300e+03]
 [ 0.0000000e+00  0.0000000e+00  0.0000000e+00  1.0000000e+00]]
[-0116.81, +0034.60, -1062.20]
1392, 1392, 1220
[[-8.6796660e-02  9.4934692e-01 -3.0137914e-01 -2.9080000e+01]
 [ 3.6592760e-02  3.0554060e-01  9.5134892e-01  1.4424000e+02]
 [ 9.9536422e-01  7.1723240e-02 -6.1134100e-02 -1.1677300e+03]
 [ 0.0000000e+00  0.0000000e+00  0.0000000e+00  1.0000000e+00]]
[-0093.17, +0038.61, -1067.29]
1606, 1606, 1220
[[-8.7350500e-02  9.4923018e-01 -3.0142174e-01 -2.9110000e+01]
 [ 3.7200180e-02  3.0571030e-01  9.5123754e-01  1.4428000e+02]
 [ 9.9524326e-01  7.2102540e-02 -6.1857640e-02 -1.1677200e+03]
 [ 0.0000000e+00  0.0000000e+00  0.0000000e+00  1.0000000e+00]]
[-0070.94, +0040.45, -1077.37]
1820, 1820, 1220
[[-8.7976500e-02  9.4901610e-01 -3.0206420e-01 -2.9150000e+01]
 [ 3.7585700e-02  3.0637662e-01  9.5103876e-01  1.4431000e+02]
 [ 9.9521940e-01  7.2497240e-02 -6.2495880e-02 -1.1677300e+03]
 [ 0.0000000e+00  0.0000000e+00  0.0000000e+00  1.0000000e+00]]
[-0051.73, +0040.61, -1092.09]
2034, 2034, 1220
[[-8.7684000e-02  9.4893012e-01 -3.0229684e-01 -2.9200000e+01]
 [ 3.9128200e-02  3.0673926e-01  9.5083488e-01  1.4438000e+02]
 [ 9.9514860e-01  7.1760800e-02 -6.3874500e-02 -1.1677100e+03]
 [ 0.0000000e+00  0.0000000e+00  0.0000000e+00  1.0000000e+00]]
[-0043.32, +0039.15, -1106.69]
#2248, 2248, 1220
[[-8.8964500e-02  9.4864854e-01 -3.0258822e-01 -2.9240000e+01]
 [ 3.9908100e-02  3.0723580e-01  9.5059830e-01  1.4448000e+02]
 [ 9.9493770e-01  7.2771780e-02 -6.4997140e-02 -1.1676600e+03]
 [ 0.0000000e+00  0.0000000e+00  0.0000000e+00  1.0000000e+00]]
[-0060.74, +0035.98, -1104.31]
750, 750, 1800
[[-8.6626740e-02  9.5043258e-01 -2.9799308e-01 -2.8860000e+01]
 [ 3.4747580e-02  3.0200166e-01  9.5254788e-01  1.4384000e+02]
 [ 9.9544692e-01  7.2337880e-02 -5.9061840e-02 -1.1676500e+03]
 [ 0.0000000e+00  0.0000000e+00  0.0000000e+00  1.0000000e+00]]
[-0203.97, +0029.64, -1132.63]
964, 964, 1800
[[-8.5945620e-02  9.5032832e-01 -2.9827072e-01 -2.8920000e+01]
 [ 3.5333120e-02  3.0235518e-01  9.5236352e-01  1.4389000e+02]
 [ 9.9540992e-01  7.1559680e-02 -5.9389440e-02 -1.1677000e+03]
 [ 0.0000000e+00  0.0000000e+00  0.0000000e+00  1.0000000e+00]]
[-0187.85, +0030.28, -1109.31]
1178, 1178, 1800
[[-8.6398080e-02  9.5007832e-01 -2.9858536e-01 -2.8970000e+01]
 [ 3.6238480e-02  3.0286560e-01  9.5209696e-01  1.4394000e+02]
 [ 9.9523304e-01  7.1784640e-02 -6.0352320e-02 -1.1676600e+03]
 [ 0.0000000e+00  0.0000000e+00  0.0000000e+00  1.0000000e+00]]
[-0170.39, +0031.54, -1095.23]
1392, 1392, 1800
[[-8.7120660e-02  9.5003354e-01 -2.9875186e-01 -2.9000000e+01]
 [ 3.6533860e-02  3.0302942e-01  9.5208082e-01  1.4396000e+02]
 [ 9.9522946e-01  7.2311020e-02 -6.0911080e-02 -1.1676500e+03]
 [ 0.0000000e+00  0.0000000e+00  0.0000000e+00  1.0000000e+00]]
[-0150.28, +0035.98, -1086.52]
1606, 1606, 1800
[[-8.7772680e-02  9.4994326e-01 -2.9913998e-01 -2.9060000e+01]
 [ 3.6228740e-02  3.0335054e-01  9.5204914e-01  1.4400000e+02]
 [ 9.9527102e-01  7.2923860e-02 -6.0901780e-02 -1.1677100e+03]
 [ 0.0000000e+00  0.0000000e+00  0.0000000e+00  1.0000000e+00]]
[-0128.40, +0038.26, -1083.10]
1820, 1820, 1800
[[-8.9389540e-02  9.4975446e-01 -2.9935480e-01 -2.9110000e+01]
 [ 3.6675900e-02  3.0367126e-01  9.5194896e-01  1.4403000e+02]
 [ 9.9513904e-01  7.4286000e-02 -6.1857640e-02 -1.1676700e+03]
 [ 0.0000000e+00  0.0000000e+00  0.0000000e+00  1.0000000e+00]]
[-0106.44, +0038.48, -1084.81]
2034, 2034, 1800
[[-8.8950480e-02  9.4961260e-01 -2.9982488e-01 -2.9130000e+01]
 [ 3.7222600e-02  3.0418800e-01  9.5174060e-01  1.4407000e+02]
 [ 9.9512488e-01  7.3699400e-02 -6.2262480e-02 -1.1676700e+03]
 [ 0.0000000e+00  0.0000000e+00  0.0000000e+00  1.0000000e+00]]
[-0086.14, +0038.68, -1091.70]
#2248, 2248, 1800
[[-8.9209860e-02  9.4930306e-01 -3.0071514e-01 -2.9230000e+01]
 [ 3.8755260e-02  3.0521340e-01  9.5134898e-01  1.4422000e+02]
 [ 9.9503966e-01  7.3420380e-02 -6.3874500e-02 -1.1676600e+03]
 [ 0.0000000e+00  0.0000000e+00  0.0000000e+00  1.0000000e+00]]
[-0075.48, +0036.47, -1100.80]
1800, 2034, 2034
[[-8.7673540e-02  9.4981026e-01 -2.9941108e-01 -2.9090000e+01]
 [ 3.6525420e-02  3.0369070e-01  9.5189316e-01  1.4400000e+02]
 [ 9.9521476e-01  7.2767880e-02 -6.1142800e-02 -1.1676700e+03]
 [ 0.0000000e+00  0.0000000e+00  0.0000000e+00  1.0000000e+00]]
[-0126.56, +0015.57, -1095.82]
1800, 1820, 1820
[[-8.7942820e-02  9.5001526e-01 -2.9926372e-01 -2.9080000e+01]
 [ 3.5915740e-02  3.0334406e-01  9.5214404e-01  1.4401000e+02]
 [ 9.9538828e-01  7.3069960e-02 -6.0738120e-02 -1.1677000e+03]
 [ 0.0000000e+00  0.0000000e+00  0.0000000e+00  1.0000000e+00]]
[-0116.62, +0033.34, -1085.96]
1800, 1606, 1606
[[-8.7701840e-02  9.5008932e-01 -2.9886564e-01 -2.9020000e+01]
 [ 3.6159960e-02  3.0301670e-01  9.5219198e-01  1.4399000e+02]
 [ 9.9533052e-01  7.2851860e-02 -6.0824500e-02 -1.1676800e+03]
 [ 0.0000000e+00  0.0000000e+00  0.0000000e+00  1.0000000e+00]]
[-0103.22, +0052.30, -1081.16]
1800, 1392, 1392
[[-8.8113000e-02  9.5002330e-01 -2.9852970e-01 -2.9010000e+01]
 [ 3.6389700e-02  3.0284652e-01  9.5215198e-01  1.4396000e+02]
 [ 9.9515830e-01  7.3303020e-02 -6.1065480e-02 -1.1676800e+03]
 [ 0.0000000e+00  0.0000000e+00  0.0000000e+00  1.0000000e+00]]
[-0094.13, +0069.93, -1081.90]
1800, 1178, 1178
[[-8.7149320e-02  9.5034774e-01 -2.9800070e-01 -2.8940000e+01]
 [ 3.6373740e-02  3.0219132e-01  9.5240490e-01  1.4395000e+02]
 [ 9.9531010e-01  7.2369300e-02 -6.0757000e-02 -1.1676900e+03]
 [ 0.0000000e+00  0.0000000e+00  0.0000000e+00  1.0000000e+00]]
[-0082.55, +0087.56, -1087.91]
1800, 964, 964
[[-8.7078720e-02  9.5052888e-01 -2.9752072e-01 -2.8890000e+01]
 [ 3.6510320e-02  3.0169326e-01  9.5257302e-01  1.4390000e+02]
 [ 9.9533448e-01  7.2271780e-02 -6.0844020e-02 -1.1676800e+03]
 [ 0.0000000e+00  0.0000000e+00  0.0000000e+00  1.0000000e+00]]
[-0073.04, +0104.28, -1099.66]
1800, 750, 750
[[-8.5875220e-02  9.5073524e-01 -2.9708936e-01 -2.8810000e+01]
 [ 3.6205960e-02  3.0120120e-01  9.5271568e-01  1.4386000e+02]
 [ 9.9541384e-01  7.1277920e-02 -6.0132580e-02 -1.1676700e+03]
 [ 0.0000000e+00  0.0000000e+00  0.0000000e+00  1.0000000e+00]]
[-0064.90, +0117.69, -1116.02]
#1220, 2248, 2248
[[-8.2594440e-02  9.4931176e-01 -3.0269044e-01 -2.8870000e+01]
 [ 3.6600440e-02  3.0659228e-01  9.5101448e-01  1.4424000e+02]
 [ 9.9572824e-01  6.7641080e-02 -5.9947720e-02 -1.1678700e+03]
 [ 0.0000000e+00  0.0000000e+00  0.0000000e+00  1.0000000e+00]]
[-0136.09, -0024.82, -1125.83]
#1220, 2034, 2034
[[-8.4713460e-02  9.5082774e-01 -2.9689770e-01 -2.8700000e+01]
 [ 3.6987900e-02  3.0106094e-01  9.5268374e-01  1.4392000e+02]
 [ 9.9541626e-01  7.0007300e-02 -6.0472360e-02 -1.1677400e+03]
 [ 0.0000000e+00  0.0000000e+00  0.0000000e+00  1.0000000e+00]]
[-0137.35, -0021.41, -1114.80]
1220, 1820, 1820
[[-8.4643060e-02  9.5109354e-01 -2.9653798e-01 -2.8670000e+01]
 [ 3.7038780e-02  3.0056220e-01  9.5293386e-01  1.4391000e+02]
 [ 9.9556106e-01  6.9827580e-02 -6.0560500e-02 -1.1677800e+03]
 [ 0.0000000e+00  0.0000000e+00  0.0000000e+00  1.0000000e+00]]
[-0134.50, -0010.28, -1096.01]
1220, 1606, 1606
[[-8.4772900e-02  9.5107390e-01 -2.9638570e-01 -2.8650000e+01]
 [ 3.5603900e-02  3.0036822e-01  9.5301394e-01  1.4390000e+02]
 [ 9.9554930e-01  7.0438940e-02 -5.9182120e-02 -1.1678200e+03]
 [ 0.0000000e+00  0.0000000e+00  0.0000000e+00  1.0000000e+00]]
[-0127.78, +0003.31, -1080.17]
1220, 1392, 1392
[[-8.4672720e-02  9.5125156e-01 -2.9607652e-01 -2.8630000e+01]
 [ 3.6552040e-02  3.0005166e-01  9.5312434e-01  1.4388000e+02]
 [ 9.9559268e-01  7.0018060e-02 -6.0079620e-02 -1.1677600e+03]
 [ 0.0000000e+00  0.0000000e+00  0.0000000e+00  1.0000000e+00]]
[-0119.31, +0020.41, -1068.91]
1220, 1178, 1178
[[-8.4222340e-02  9.5129546e-01 -2.9572556e-01 -2.8440000e+01]
 [ 3.5610460e-02  2.9970510e-01  9.5320108e-01  1.4385000e+02]
 [ 9.9556444e-01  6.9981080e-02 -5.8954000e-02 -1.1677500e+03]
 [ 0.0000000e+00  0.0000000e+00  0.0000000e+00  1.0000000e+00]]
[-0108.94, +0040.89, -1061.70]
1220, 964, 964
[[-8.4702900e-02  9.5144456e-01 -2.9540972e-01 -2.8440000e+01]
 [ 3.6270640e-02  2.9937638e-01  9.5333984e-01  1.4381000e+02]
 [ 9.9558932e-01  7.0183040e-02 -5.9763280e-02 -1.1677200e+03]
 [ 0.0000000e+00  0.0000000e+00  0.0000000e+00  1.0000000e+00]]
[-0097.30, +0063.81, -1059.85]
1220, 750, 750
[[-8.4803400e-02  9.5157724e-01 -2.9513788e-01 -2.8590000e+01]
 [ 3.5973560e-02  2.9903558e-01  9.5349494e-01  1.4383000e+02]
 [ 9.9564628e-01  7.0338140e-02 -5.9522980e-02 -1.1677100e+03]
 [ 0.0000000e+00  0.0000000e+00  0.0000000e+00  1.0000000e+00]]
[-0085.49, +0086.90, -1064.62]
#800, 2034, 2034
[[-8.4245620e-02  9.4996774e-01 -2.9984726e-01 -2.8790000e+01]
 [ 3.5934340e-02  3.0389132e-01  9.5184142e-01  1.4409000e+02]
 [ 9.9551786e-01  6.9675380e-02 -5.9553300e-02 -1.1677400e+03]
 [ 0.0000000e+00  0.0000000e+00  0.0000000e+00  1.0000000e+00]]
[-0143.37, -0041.03, -1145.77]
800, 1820, 1820
[[-8.4332320e-02  9.5108660e-01 -2.9656636e-01 -2.8570000e+01]
 [ 3.6476600e-02  3.0055640e-01  9.5294080e-01  1.4396000e+02]
 [ 9.9558364e-01  6.9720800e-02 -5.9915280e-02 -1.1677400e+03]
 [ 0.0000000e+00  0.0000000e+00  0.0000000e+00  1.0000000e+00]]
[-0144.60, -0037.42, -1126.51]
800, 1606, 1606
[[-8.4192000e-02  9.5122240e-01 -2.9630720e-01 -2.8530000e+01]
 [ 3.6012160e-02  3.0021600e-01  9.5309312e-01  1.4395000e+02]
 [ 9.9565312e-01  6.9708800e-02 -5.9434560e-02 -1.1677500e+03]
 [ 0.0000000e+00  0.0000000e+00  0.0000000e+00  1.0000000e+00]]
[-0142.60, -0031.95, -1104.87]
800, 1392, 1392
[[-8.4121960e-02  9.5128276e-01 -2.9591224e-01 -2.8520000e+01]
 [ 3.6027760e-02  2.9988140e-01  9.5315348e-01  1.4393000e+02]
 [ 9.9559276e-01  6.9718480e-02 -5.9358600e-02 -1.1677400e+03]
 [ 0.0000000e+00  0.0000000e+00  0.0000000e+00  1.0000000e+00]]
[-0139.40, -0021.09, -1085.10]
800, 1178, 1178
[[-8.3571600e-02  9.5143412e-01 -2.9566256e-01 -2.8390000e+01]
 [ 3.5623480e-02  2.9954672e-01  9.5329004e-01  1.4386000e+02]
 [ 9.9567776e-01  6.9311240e-02 -5.8802320e-02 -1.1677400e+03]
 [ 0.0000000e+00  0.0000000e+00  0.0000000e+00  1.0000000e+00]]
[-0132.23, -0005.07, -1066.97]
800, 964, 964
[[-8.4082740e-02  9.5150108e-01 -2.9505572e-01 -2.8350000e+01]
 [ 3.5556520e-02  2.9903558e-01  9.5340368e-01  1.4381000e+02]
 [ 9.9556412e-01  6.9918080e-02 -5.8802320e-02 -1.1677500e+03]
 [ 0.0000000e+00  0.0000000e+00  0.0000000e+00  1.0000000e+00]]
[-0122.76, +0016.62, -1053.14]
800, 750, 750
[[-8.4354100e-02  9.5165604e-01 -2.9458158e-01 -2.8390000e+01]
 [ 3.5237160e-02  2.9852408e-01  9.5359644e-01  1.4376000e+02]
 [ 9.9558318e-01  7.0275240e-02 -5.8562180e-02 -1.1677100e+03]
 [ 0.0000000e+00  0.0000000e+00  0.0000000e+00  1.0000000e+00]]
[-0111.69, +0040.93, -1045.09]
#2248, 1800, 2248
[[-9.0497460e-02  9.4964100e-01 -2.9935280e-01 -2.9220000e+01]
 [ 3.8012200e-02  3.0384792e-01  9.5183448e-01  1.4405000e+02]
 [ 9.9498000e-01  7.4938480e-02 -6.3469380e-02 -1.1676500e+03]
 [ 0.0000000e+00  0.0000000e+00  0.0000000e+00  1.0000000e+00]]
[-0128.55, +0063.98, -1106.71]
2034, 1800, 2034
[[-8.6979140e-02  9.5048118e-01 -2.9791248e-01 -2.8940000e+01]
 [ 3.6721980e-02  3.0203366e-01  9.5249928e-01  1.4399000e+02]
 [ 9.9539832e-01  7.2034080e-02 -6.1084840e-02 -1.1677000e+03]
 [ 0.0000000e+00  0.0000000e+00  0.0000000e+00  1.0000000e+00]]
[-0120.61, +0048.56, -1093.69]
1820, 1800, 1820
[[-8.666772e-02  9.505450e-01 -2.975306e-01 -2.885000e+01]
 [ 3.657100e-02  3.016995e-01  9.525569e-01  1.439800e+02]
 [ 9.953506e-01  7.187690e-02 -6.076722e-02 -1.167730e+03]
 [ 0.000000e+00  0.000000e+00  0.000000e+00  1.000000e+00]]
[-0111.13, +0032.56, -1085.16]
1606, 1800, 1606
[[-8.6045480e-02  9.5068722e-01 -2.9729790e-01 -2.8820000e+01]
 [ 3.5772780e-02  3.0135902e-01  9.5270310e-01  1.4397000e+02]
 [ 9.9544590e-01  7.1531100e-02 -5.9804500e-02 -1.1677300e+03]
 [ 0.0000000e+00  0.0000000e+00  0.0000000e+00  1.0000000e+00]]
[-0100.82, +0016.38, -1080.57]
1392, 1800, 1392
[[-8.5945620e-02  9.5062474e-01 -2.9715852e-01 -2.8780000e+01]
 [ 3.6480540e-02  3.0137142e-01  9.5259844e-01  1.4397000e+02]
 [ 9.9531892e-01  7.1324760e-02 -6.0373200e-02 -1.1677300e+03]
 [ 0.0000000e+00  0.0000000e+00  0.0000000e+00  1.0000000e+00]]
[-0088.09, +0000.95, -1080.37]
1178, 1800, 1178
[[-8.6115840e-02  9.5085248e-01 -2.9699136e-01 -2.8750000e+01]
 [ 3.6493440e-02  3.0103710e-01  9.5282618e-01  1.4396000e+02]
 [ 9.9548608e-01  7.1337660e-02 -6.0537300e-02 -1.1677100e+03]
 [ 0.0000000e+00  0.0000000e+00  0.0000000e+00  1.0000000e+00]]
[-0077.89, -0017.09, -1086.11]
964, 1800, 964
[[-8.5323860e-02  9.5104242e-01 -2.9654982e-01 -2.8650000e+01]
 [ 3.6127980e-02  3.0053852e-01  9.5298498e-01  1.4394000e+02]
 [ 9.9554922e-01  7.0738380e-02 -5.9903380e-02 -1.1677400e+03]
 [ 0.0000000e+00  0.0000000e+00  0.0000000e+00  1.0000000e+00]]
[-0066.99, -0032.54, -1097.26]
750, 1800, 750
[[-8.4292260e-02  9.5127012e-01 -2.9591522e-01 -2.8570000e+01]
 [ 3.5800120e-02  2.9987544e-01  9.5316612e-01  1.4393000e+02]
 [ 9.9558978e-01  6.9946120e-02 -5.9194260e-02 -1.1677300e+03]
 [ 0.0000000e+00  0.0000000e+00  0.0000000e+00  1.0000000e+00]]
[-0057.30, -0045.64, -1113.38]
#2248, 1220, 2248
[[-9.7155400e-02  9.4895680e-01 -2.9904600e-01 -2.9960000e+01]
 [ 4.0683280e-02  3.0430454e-01  9.5150130e-01  1.4379000e+02]
 [ 9.9412896e-01  8.0565780e-02 -6.7968900e-02 -1.1673500e+03]
 [ 0.0000000e+00  0.0000000e+00  0.0000000e+00  1.0000000e+00]]
[-0143.14, +0088.35, -1124.89]
#2034, 1220, 2034
[[-8.8371720e-02  9.5128260e-01 -2.9495992e-01 -2.8880000e+01]
 [ 3.7037200e-02  2.9917500e-01  9.5339460e-01  1.4384000e+02]
 [ 9.9527292e-01  7.3446800e-02 -6.1587720e-02 -1.1675500e+03]
 [ 0.0000000e+00  0.0000000e+00  0.0000000e+00  1.0000000e+00]]
[-0144.87, +0090.15, -1119.64]
1820, 1220, 1820
[[-8.8161600e-02  9.5163344e-01 -2.9401568e-01 -2.8830000e+01]
 [ 3.6915680e-02  2.9817024e-01  9.5373904e-01  1.4379000e+02]
 [ 9.9533344e-01  7.3312480e-02 -6.1358400e-02 -1.1676400e+03]
 [ 0.0000000e+00  0.0000000e+00  0.0000000e+00  1.0000000e+00]]
[-0138.44, +0078.09, -1097.51]
1606, 1220, 1606
[[-8.7028660e-02  9.5153900e-01 -2.9415016e-01 -2.8690000e+01]
 [ 3.6352840e-02  2.9834094e-01  9.5360600e-01  1.4375000e+02]
 [ 9.9530360e-01  7.2522160e-02 -6.0396160e-02 -1.1675600e+03]
 [ 0.0000000e+00  0.0000000e+00  0.0000000e+00  1.0000000e+00]]
[-0132.65, +0066.43, -1082.29]
1392, 1220, 1392
[[-8.7129640e-02  9.5174100e-01 -2.9346740e-01 -2.8730000e+01]
 [ 3.6467400e-02  2.9767078e-01  9.5381118e-01  1.4378000e+02]
 [ 9.9529100e-01  7.2627180e-02 -6.0484420e-02 -1.1676800e+03]
 [ 0.0000000e+00  0.0000000e+00  0.0000000e+00  1.0000000e+00]]
[-0119.86, +0051.77, -1069.19]
1178, 1220, 1178
[[-8.6889220e-02  9.5177900e-01 -2.9327482e-01 -2.8690000e+01]
 [ 3.6505400e-02  2.9750636e-01  9.5383300e-01  1.4377000e+02]
 [ 9.9526918e-01  7.2434600e-02 -6.0408420e-02 -1.1676600e+03]
 [ 0.0000000e+00  0.0000000e+00  0.0000000e+00  1.0000000e+00]]
[-0110.84, +0030.62, -1061.33]
964, 1220, 964
[[-8.5927940e-02  9.5201598e-01 -2.9262462e-01 -2.8600000e+01]
 [ 3.6571620e-02  2.9684828e-01  9.5400258e-01  1.4376000e+02]
 [ 9.9530202e-01  7.1581980e-02 -6.0105220e-02 -1.1676800e+03]
 [ 0.0000000e+00  0.0000000e+00  0.0000000e+00  1.0000000e+00]]
[-0097.63, +0009.36, -1058.27]
750, 1220, 750
[[-8.5618320e-02  9.5228416e-01 -2.9227716e-01 -2.8520000e+01]
 [ 3.6454560e-02  2.9634822e-01  9.5424868e-01  1.4376000e+02]
 [ 9.9546076e-01  7.1234520e-02 -5.9954100e-02 -1.1676800e+03]
 [ 0.0000000e+00  0.0000000e+00  0.0000000e+00  1.0000000e+00]]
[-0084.04, -0012.80, -1061.65]
#2034, 800, 2034
[[-9.4119220e-02  9.5067604e-01 -2.9502854e-01 -2.9400000e+01]
 [ 3.9159160e-02  2.9980460e-01  9.5309092e-01  1.4377000e+02]
 [ 9.9463226e-01  7.8299480e-02 -6.5340180e-02 -1.1674900e+03]
 [ 0.0000000e+00  0.0000000e+00  0.0000000e+00  1.0000000e+00]]
[-0150.81, +0105.35, -1145.76]
1820, 800, 1820
[[-8.7124240e-02  9.5238984e-01 -2.9177368e-01 -2.8740000e+01]
 [ 3.5957520e-02  2.9581656e-01  9.5448936e-01  1.4365000e+02]
 [ 9.9543224e-01  7.2776880e-02 -5.9940640e-02 -1.1676600e+03]
 [ 0.0000000e+00  0.0000000e+00  0.0000000e+00  1.0000000e+00]]
[-0150.27, +0102.75, -1127.44]
1606, 800, 1606
[[-8.6953220e-02  9.5235192e-01 -2.9144472e-01 -2.8690000e+01]
 [ 3.6475920e-02  2.9565838e-01  9.5441892e-01  1.4364000e+02]
 [ 9.9528072e-01  7.2607080e-02 -6.0269840e-02 -1.1676500e+03]
 [ 0.0000000e+00  0.0000000e+00  0.0000000e+00  1.0000000e+00]]
[-0148.47, +0097.16, -1106.12]
1392, 800, 1392
[[-8.6574760e-02  9.5245576e-01 -2.9140444e-01 -2.8650000e+01]
 [ 3.5638040e-02  2.9548092e-01  9.5454232e-01  1.4365000e+02]
 [ 9.9539864e-01  7.2450920e-02 -5.9384680e-02 -1.1676800e+03]
 [ 0.0000000e+00  0.0000000e+00  0.0000000e+00  1.0000000e+00]]
[-0142.99, +0087.52, -1085.66]
1178, 800, 1178
[[-8.6676900e-02  9.5262228e-01 -2.9092704e-01 -2.8600000e+01]
 [ 3.5547000e-02  2.9497406e-01  9.5472172e-01  1.4361000e+02]
 [ 9.9542160e-01  7.2580600e-02 -5.9309200e-02 -1.1676400e+03]
 [ 0.0000000e+00  0.0000000e+00  0.0000000e+00  1.0000000e+00]]
[-0135.78, +0071.34, -1067.31]
964, 800, 964
[[-8.6265700e-02  9.5282732e-01 -2.9043994e-01 -2.8530000e+01]
 [ 3.6137480e-02  2.9448632e-01  9.5486236e-01  1.4361000e+02]
 [ 9.9545434e-01  7.2028760e-02 -5.9728020e-02 -1.1676800e+03]
 [ 0.0000000e+00  0.0000000e+00  0.0000000e+00  1.0000000e+00]]
[-0124.44, +0051.57, -1053.58]
750, 800, 750
[[-8.6779240e-02  9.5297750e-01 -2.8995270e-01 -2.8480000e+01]
 [ 3.5987300e-02  2.9397278e-01  9.5505762e-01  1.4361000e+02]
 [ 9.9546150e-01  7.2553620e-02 -5.9728020e-02 -1.1676600e+03]
 [ 0.0000000e+00  0.0000000e+00  0.0000000e+00  1.0000000e+00]]
[-0111.25, +0027.79, -1045.09]
2248, 2248, 1800
[[-8.981700e-02  9.514394e-01 -2.938510e-01 -2.896000e+01]
 [ 3.907060e-02  2.983535e-01  9.535381e-01  1.438800e+02]
 [ 9.950170e-01  7.432690e-02 -6.385450e-02 -1.167570e+03]
 [ 0.000000e+00  0.000000e+00  0.000000e+00  1.000000e+00]]
[-0077.55, +0035.89, -1100.46]
2034, 2034, 1800
[[-8.7572580e-02  9.5214110e-01 -2.9208856e-01 -2.8740000e+01]
 [ 3.6864500e-02  2.9632950e-01  9.5422400e-01  1.4371000e+02]
 [ 9.9525344e-01  7.3005200e-02 -6.0901920e-02 -1.1676300e+03]
 [ 0.0000000e+00  0.0000000e+00  0.0000000e+00  1.0000000e+00]]
[-0094.98, +0036.67, -1091.08]
1820, 1820, 1800
[[-8.7743520e-02  9.5231764e-01 -2.9159492e-01 -2.8690000e+01]
 [ 3.7168760e-02  2.9582936e-01  9.5439376e-01  1.4369000e+02]
 [ 9.9526628e-01  7.3075840e-02 -6.1231120e-02 -1.1675900e+03]
 [ 0.0000000e+00  0.0000000e+00  0.0000000e+00  1.0000000e+00]]
[-0115.59, +0034.67, -1085.53]
1606, 1606, 1800
[[-8.7845140e-02  9.5229460e-01 -2.9161444e-01 -2.8700000e+01]
 [ 3.6546440e-02  2.9581656e-01  9.5441680e-01  1.4366000e+02]
 [ 9.9527300e-01  7.3362560e-02 -6.0661540e-02 -1.1676100e+03]
 [ 0.0000000e+00  0.0000000e+00  0.0000000e+00  1.0000000e+00]]
[-0132.26, +0035.32, -1083.76]
1392, 1392, 1800
[[-8.6782240e-02  9.5239956e-01 -2.9123596e-01 -2.8650000e+01]
 [ 3.6908760e-02  2.9550000e-01  9.5443068e-01  1.4364000e+02]
 [ 9.9524924e-01  7.2355080e-02 -6.0599200e-02 -1.1675700e+03]
 [ 0.0000000e+00  0.0000000e+00  0.0000000e+00  1.0000000e+00]]
[-0152.09, +0033.47, -1087.11]
1178, 1178, 1800
[[-8.6094600e-02  9.5241118e-01 -2.9110454e-01 -2.8620000e+01]
 [ 3.5593460e-02  2.9531630e-01  9.5447842e-01  1.4359000e+02]
 [ 9.9526982e-01  7.2172660e-02 -5.9069140e-02 -1.1676100e+03]
 [ 0.0000000e+00  0.0000000e+00  0.0000000e+00  1.0000000e+00]]
[-0171.71, +0031.44, -1095.87]
964, 964, 1800
[[-8.5752520e-02  9.5271142e-01 -2.9072166e-01 -2.8510000e+01]
 [ 3.6493420e-02  2.9483468e-01  9.5469186e-01  1.4354000e+02]
 [ 9.9541266e-01  7.1479140e-02 -5.9892840e-02 -1.1675700e+03]
 [ 0.0000000e+00  0.0000000e+00  0.0000000e+00  1.0000000e+00]]
[-0188.90, +0031.37, -1110.06]
750, 750, 1800
[[-8.5819400e-02  9.5287044e-01 -2.9008968e-01 -2.8480000e+01]
 [ 3.5195280e-02  2.9413756e-01  9.5493756e-01  1.4351000e+02]
 [ 9.9542724e-01  7.1988720e-02 -5.8603400e-02 -1.1676200e+03]
 [ 0.0000000e+00  0.0000000e+00  0.0000000e+00  1.0000000e+00]]
[-0203.03, +0030.57, -1130.50]
#2248, 2248, 1220
[[-8.6438600e-02  9.5429154e-01 -2.8528698e-01 -2.8350000e+01]
 [ 3.6619860e-02  2.8943852e-01  9.5633606e-01  1.4322000e+02]
 [ 9.9534918e-01  7.2438460e-02 -5.9806120e-02 -1.1675500e+03]
 [ 0.0000000e+00  0.0000000e+00  0.0000000e+00  1.0000000e+00]]
[-0048.18, +0032.07, -1104.69]
#2034, 2034, 1220
[[-8.7054120e-02  9.5408296e-01 -2.8593164e-01 -2.8460000e+01]
 [ 3.7010440e-02  2.9011260e-01  9.5614328e-01  1.4324000e+02]
 [ 9.9531976e-01  7.2838520e-02 -6.0434280e-02 -1.1675600e+03]
 [ 0.0000000e+00  0.0000000e+00  0.0000000e+00  1.0000000e+00]]
[-0043.43, +0038.01, -1107.46]
1820, 1820, 1220
[[-8.6578960e-02  9.5430452e-01 -2.8493048e-01 -2.8380000e+01]
 [ 3.5392120e-02  2.8907544e-01  9.5643928e-01  1.4315000e+02]
 [ 9.9530392e-01  7.3017680e-02 -5.8591360e-02 -1.1676200e+03]
 [ 0.0000000e+00  0.0000000e+00  0.0000000e+00  1.0000000e+00]]
[-0060.72, +0037.14, -1089.12]
1606, 1606, 1220
[[-8.6511400e-02  9.5444852e-01 -2.8465496e-01 -2.8310000e+01]
 [ 3.5322320e-02  2.8873820e-01  9.5657996e-01  1.4310000e+02]
 [ 9.9536564e-01  7.2944560e-02 -5.8517160e-02 -1.1675800e+03]
 [ 0.0000000e+00  0.0000000e+00  0.0000000e+00  1.0000000e+00]]
[-0076.62, +0035.89, -1076.12]
1392, 1392, 1220
[[-8.5688680e-02  9.5472008e-01 -2.8450212e-01 -2.8310000e+01]
 [ 3.5677720e-02  2.8842044e-01  9.5676168e-01  1.4308000e+02]
 [ 9.9556968e-01  7.1940120e-02 -5.8699880e-02 -1.1675600e+03]
 [ 0.0000000e+00  0.0000000e+00  0.0000000e+00  1.0000000e+00]]
[-0095.58, +0036.59, -1067.09]
1178, 1178, 1220
[[-8.5553800e-02  9.5464882e-01 -2.8420874e-01 -2.8260000e+01]
 [ 3.5178700e-02  2.8824206e-01  9.5672218e-01  1.4305000e+02]
 [ 9.9543530e-01  7.2114500e-02 -5.8055700e-02 -1.1675700e+03]
 [ 0.0000000e+00  0.0000000e+00  0.0000000e+00  1.0000000e+00]]
[-0118.99, +0034.28, -1062.15]
964, 964, 1220
[[-8.5008000e-02  9.5491880e-01 -2.8387240e-01 -2.8250000e+01]
 [ 3.4890800e-02  2.8773912e-01  9.5696324e-01  1.4301000e+02]
 [ 9.9560840e-01  7.1596760e-02 -5.7668880e-02 -1.1676000e+03]
 [ 0.0000000e+00  0.0000000e+00  0.0000000e+00  1.0000000e+00]]
[-0144.74, +0033.90, -1063.29]
750, 750, 1220
[[-8.4462600e-02  9.5498306e-01 -2.8350222e-01 -2.8150000e+01]
 [ 3.4569060e-02  2.8740156e-01  9.5701454e-01  1.4301000e+02]
 [ 9.9557578e-01  7.1268540e-02 -5.7117000e-02 -1.1675300e+03]
 [ 0.0000000e+00  0.0000000e+00  0.0000000e+00  1.0000000e+00]]
[-0170.07, +0032.08, -1070.82]
#2034, 2034, 800
[[-8.6950740e-02  9.5417424e-01 -2.8550094e-01 -2.8420000e+01]
 [ 3.8043840e-02  2.8979420e-01  9.5616848e-01  1.4343000e+02]
 [ 9.9524466e-01  7.2505280e-02 -6.1335700e-02 -1.1676300e+03]
 [ 0.0000000e+00  0.0000000e+00  0.0000000e+00  1.0000000e+00]]
[-0023.94, +0037.02, -1129.47]
1820, 1820, 800
[[-8.6241960e-02  9.5497166e-01 -2.8322710e-01 -2.8280000e+01]
 [ 3.5334500e-02  2.8722294e-01  9.5708366e-01  1.4310000e+02]
 [ 9.9545966e-01  7.2710300e-02 -5.8386660e-02 -1.1675800e+03]
 [ 0.0000000e+00  0.0000000e+00  0.0000000e+00  1.0000000e+00]]
[-0028.88, +0037.88, -1113.18]
1606, 1606, 800
[[-8.6002660e-02  9.5509460e-01 -2.8315382e-01 -2.8260000e+01]
 [ 3.5285320e-02  2.8705740e-01  9.5718724e-01  1.4308000e+02]
 [ 9.9555850e-01  7.2434600e-02 -5.8312900e-02 -1.1675800e+03]
 [ 0.0000000e+00  0.0000000e+00  0.0000000e+00  1.0000000e+00]]
[-0037.93, +0037.58, -1093.55]
1392, 1392, 800
[[-8.5897800e-02  9.5515056e-01 -2.8292888e-01 -2.8240000e+01]
 [ 3.6112880e-02  2.8690470e-01  9.5718894e-01  1.4306000e+02]
 [ 9.9551856e-01  7.2126380e-02 -5.9049060e-02 -1.1675300e+03]
 [ 0.0000000e+00  0.0000000e+00  0.0000000e+00  1.0000000e+00]]
[-0051.07, +0037.94, -1076.41]
1178, 1178, 800
[[-8.6279940e-02  9.5504060e-01 -2.8264548e-01 -2.8280000e+01]
 [ 3.4934520e-02  2.8670640e-01  9.5718764e-01  1.4304000e+02]
 [ 9.9537460e-01  7.2979800e-02 -5.7908100e-02 -1.1676300e+03]
 [ 0.0000000e+00  0.0000000e+00  0.0000000e+00  1.0000000e+00]]
[-0071.31, +0035.79, -1061.16]
964, 964, 800
[[-8.5973800e-02  9.5534066e-01 -2.8209062e-01 -2.8210000e+01]
 [ 3.5020900e-02  2.8603740e-01  9.5745550e-01  1.4300000e+02]
 [ 9.9550210e-01  7.2606620e-02 -5.7926440e-02 -1.1676100e+03]
 [ 0.0000000e+00  0.0000000e+00  0.0000000e+00  1.0000000e+00]]
[-0096.40, +0035.87, -1050.78]
750, 800, 800
[[-8.8922760e-02  9.5486234e-01 -2.8300458e-01 -2.8480000e+01]
 [ 3.3950580e-02  2.8698780e-01  9.5725066e-01  1.4288000e+02]
 [ 9.9533966e-01  7.5626580e-02 -5.7856200e-02 -1.1674900e+03]
 [ 0.0000000e+00  0.0000000e+00  0.0000000e+00  1.0000000e+00]]
[-0122.58, +0028.35, -1046.95]
964, 800, 800
[[-8.8060660e-02  9.5480750e-01 -2.8307284e-01 -2.8500000e+01]
 [ 3.4963340e-02  2.8718894e-01  9.5707900e-01  1.4291000e+02]
 [ 9.9527140e-01  7.4600840e-02 -5.8517160e-02 -1.1674600e+03]
 [ 0.0000000e+00  0.0000000e+00  0.0000000e+00  1.0000000e+00]]
[-0106.93, +0055.34, -1050.23]
1178, 800, 800
[[-8.7993540e-02  9.5491778e-01 -2.8300314e-01 -2.8440000e+01]
 [ 3.4687740e-02  2.8701660e-01  9.5719522e-01  1.4289000e+02]
 [ 9.9536702e-01  7.4551740e-02 -5.8277700e-02 -1.1675100e+03]
 [ 0.0000000e+00  0.0000000e+00  0.0000000e+00  1.0000000e+00]]
[-0094.09, +0076.57, -1059.56]
1392, 800, 800
[[-8.8338340e-02  9.5465246e-01 -2.8318270e-01 -2.8570000e+01]
 [ 3.3995300e-02  2.8733276e-01  9.5700754e-01  1.4293000e+02]
 [ 9.9518746e-01  7.5218300e-02 -5.7616740e-02 -1.1675500e+03]
 [ 0.0000000e+00  0.0000000e+00  0.0000000e+00  1.0000000e+00]]
[-0082.17, +0095.54, -1075.18]
1606, 800, 800
[[-8.8779280e-02  9.5452376e-01 -2.8341200e-01 -2.8600000e+01]
 [ 3.5024240e-02  2.8768472e-01  9.5685200e-01  1.4295000e+02]
 [ 9.9509360e-01  7.5344800e-02 -5.8740000e-02 -1.1675100e+03]
 [ 0.0000000e+00  0.0000000e+00  0.0000000e+00  1.0000000e+00]]
[-0072.32, +0109.69, -1094.42]
1820, 800, 800
[[-8.9018900e-02  9.5457270e-01 -2.8372470e-01 -2.8620000e+01]
 [ 3.4900860e-02  2.8784990e-01  9.5691402e-01  1.4296000e+02]
 [ 9.9523398e-01  7.5455100e-02 -5.8814440e-02 -1.1675300e+03]
 [ 0.0000000e+00  0.0000000e+00  0.0000000e+00  1.0000000e+00]]
[-0064.91, +0118.76, -1116.44]
2034, 800, 800
[[-8.9221220e-02  9.5448168e-01 -2.8376082e-01 -2.8690000e+01]
 [ 3.5966880e-02  2.8803628e-01  9.5677848e-01  1.4298000e+02]
 [ 9.9511902e-01  7.5388320e-02 -5.9863940e-02 -1.1675000e+03]
 [ 0.0000000e+00  0.0000000e+00  0.0000000e+00  1.0000000e+00]]
[-0060.44, +0121.98, -1139.14]
750, 1220, 1220
[[-8.8022920e-02  9.5449908e-01 -2.8382632e-01 -2.8580000e+01]
 [ 3.5123280e-02  2.8803628e-01  9.5676108e-01  1.4295000e+02]
 [ 9.9518452e-01  7.4544720e-02 -5.8665640e-02 -1.1675100e+03]
 [ 0.0000000e+00  0.0000000e+00  0.0000000e+00  1.0000000e+00]]
[-0140.85, -0014.91, -1074.36]
964, 1220, 1220
[[-8.8674340e-02  9.5444534e-01 -2.8400968e-01 -2.8630000e+01]
 [ 3.5028220e-02  2.8819446e-01  9.5675696e-01  1.4297000e+02]
 [ 9.9518864e-01  7.5132880e-02 -5.8814440e-02 -1.1675200e+03]
 [ 0.0000000e+00  0.0000000e+00  0.0000000e+00  1.0000000e+00]]
[-0128.34, +0009.64, -1064.63]
1178, 1220, 1220
[[-8.9086260e-02  9.5451484e-01 -2.8412000e-01 -2.8640000e+01]
 [ 3.4884200e-02  2.8818734e-01  9.5685616e-01  1.4297000e+02]
 [ 9.9529184e-01  7.5445600e-02 -5.8888960e-02 -1.1675200e+03]
 [ 0.0000000e+00  0.0000000e+00  0.0000000e+00  1.0000000e+00]]
[-0116.49, +0031.50, -1062.62]
1392, 1220, 1220
[[-8.8606980e-02  9.5452200e-01 -2.8414608e-01 -2.8640000e+01]
 [ 3.4546800e-02  2.8818734e-01  9.5684900e-01  1.4298000e+02]
 [ 9.9531792e-01  7.5108200e-02 -5.8409680e-02 -1.1675400e+03]
 [ 0.0000000e+00  0.0000000e+00  0.0000000e+00  1.0000000e+00]]
[-0104.45, +0053.62, -1066.67]
1606, 1220, 1220
[[-8.8674340e-02  9.5441164e-01 -2.8421562e-01 -2.8680000e+01]
 [ 3.4822280e-02  2.8835960e-01  9.5673276e-01  1.4300000e+02]
 [ 9.9522234e-01  7.5157080e-02 -5.8649300e-02 -1.1675500e+03]
 [ 0.0000000e+00  0.0000000e+00  0.0000000e+00  1.0000000e+00]]
[-0093.11, +0072.84, -1075.56]
1820, 1220, 1220
[[-8.9221220e-02  9.5438034e-01 -2.8437876e-01 -2.8690000e+01]
 [ 3.5348940e-02  2.8853182e-01  9.5670612e-01  1.4301000e+02]
 [ 9.9522036e-01  7.5460680e-02 -5.9368400e-02 -1.1675600e+03]
 [ 0.0000000e+00  0.0000000e+00  0.0000000e+00  1.0000000e+00]]
[-0082.48, +0088.30, -1088.96]
2034, 1220, 1220
[[-9.0112900e-02  9.5423652e-01 -2.8442884e-01 -2.8730000e+01]
 [ 3.5508360e-02  2.8868976e-01  9.5662332e-01  1.4302000e+02]
 [ 9.9509108e-01  7.6299960e-02 -5.9757700e-02 -1.1675400e+03]
 [ 0.0000000e+00  0.0000000e+00  0.0000000e+00  1.0000000e+00]]
[-0073.57, +0100.83, -1106.68]
2248, 1220, 1220
[[-9.1380680e-02  9.5404044e-01 -2.8484340e-01 -2.8820000e+01]
 [ 3.6214440e-02  2.8919198e-01  9.5647670e-01  1.4307000e+02]
 [ 9.9499620e-01  7.7239900e-02 -6.0867700e-02 -1.1675100e+03]
 [ 0.0000000e+00  0.0000000e+00  0.0000000e+00  1.0000000e+00]]
[-0069.27, +0105.43, -1123.11]
750, 1800, 1800
[[-8.8360720e-02  9.5403688e-01 -2.8556296e-01 -2.8770000e+01]
 [ 3.5212880e-02  2.8972248e-01  9.5630584e-01  1.4302000e+02]
 [ 9.9523496e-01  7.4662160e-02 -5.9038240e-02 -1.1675100e+03]
 [ 0.0000000e+00  0.0000000e+00  0.0000000e+00  1.0000000e+00]]
[-0150.91, -0043.19, -1135.19]
964, 1800, 1800
[[-8.7641620e-02  9.5411496e-01 -2.8519026e-01 -2.8710000e+01]
 [ 3.5118960e-02  2.8939232e-01  9.5634408e-01  1.4302000e+02]
 [ 9.9520626e-01  7.4107920e-02 -5.8649300e-02 -1.1675500e+03]
 [ 0.0000000e+00  0.0000000e+00  0.0000000e+00  1.0000000e+00]]
[-0145.66, -0029.87, -1113.53]
1178, 1800, 1800
[[-8.8360720e-02  9.5407076e-01 -2.8535708e-01 -2.8720000e+01]
 [ 3.5418760e-02  2.8955742e-01  9.5633014e-01  1.4303000e+02]
 [ 9.9520108e-01  7.4637860e-02 -5.9203300e-02 -1.1675200e+03]
 [ 0.0000000e+00  0.0000000e+00  0.0000000e+00  1.0000000e+00]]
[-0138.94, -0015.17, -1098.86]
1392, 1800, 1800
[[-8.8428520e-02  9.5416638e-01 -2.8546046e-01 -2.8760000e+01]
 [ 3.5728020e-02  2.8956430e-01  9.5640306e-01  1.4306000e+02]
 [ 9.9531134e-01  7.4497140e-02 -5.9608180e-02 -1.1675200e+03]
 [ 0.0000000e+00  0.0000000e+00  0.0000000e+00  1.0000000e+00]]
[-0130.00, +0003.85, -1088.35]
1606, 1800, 1800
[[-8.8840320e-02  9.5402992e-01 -2.8553680e-01 -2.8800000e+01]
 [ 3.5549920e-02  2.8972248e-01  9.5631280e-01  1.4304000e+02]
 [ 9.9520880e-01  7.4999200e-02 -5.9517840e-02 -1.1675400e+03]
 [ 0.0000000e+00  0.0000000e+00  0.0000000e+00  1.0000000e+00]]
[-0120.11, +0022.90, -1084.21]
1820, 1800, 1800
[[-8.980000e-02  9.538960e-01 -2.855700e-01 -2.880000e+01]
 [ 3.610400e-02  2.898875e-01  9.562200e-01  1.430800e+02]
 [ 9.950700e-01  7.578000e-02 -6.031250e-02 -1.167530e+03]
 [ 0.000000e+00  0.000000e+00  0.000000e+00  1.000000e+00]]
[-0109.65, +0041.85, -1085.00]
2034, 1800, 1800
[[-8.9628020e-02  9.5387526e-01 -2.8577250e-01 -2.8840000e+01]
 [ 3.6124740e-02  2.9005948e-01  9.5618250e-01  1.4309000e+02]
 [ 9.9510750e-01  7.5577500e-02 -6.0312500e-02 -1.1675100e+03]
 [ 0.0000000e+00  0.0000000e+00  0.0000000e+00  1.0000000e+00]]
[-0099.77, +0058.47, -1090.33]
2248, 1800, 1800
[[-9.0416400e-02  9.5372056e-01 -2.8600768e-01 -2.8890000e+01]
 [ 3.6699280e-02  2.9039640e-01  9.5605216e-01  1.4311000e+02]
 [ 9.9500576e-01  7.6155520e-02 -6.1107840e-02 -1.1675100e+03]
 [ 0.0000000e+00  0.0000000e+00  0.0000000e+00  1.0000000e+00]]
[-0092.31, +0070.08, -1098.55]
800, 750, 800
[[-8.6730000e-02  9.5523220e-01 -2.8249960e-01 -2.8350000e+01]
 [ 3.4099000e-02  2.8634808e-01  9.5744896e-01  1.4288000e+02]
 [ 9.9554600e-01  7.3503040e-02 -5.7337920e-02 -1.1675800e+03]
 [ 0.0000000e+00  0.0000000e+00  0.0000000e+00  1.0000000e+00]]
[-0119.63, +0040.86, -1046.63]
800, 964, 800
[[-8.6930760e-02  9.5495398e-01 -2.8303482e-01 -2.8410000e+01]
 [ 3.4634220e-02  2.8703052e-01  9.5715902e-01  1.4293000e+02]
 [ 9.9541262e-01  7.3592220e-02 -5.7890280e-02 -1.1675700e+03]
 [ 0.0000000e+00  0.0000000e+00  0.0000000e+00  1.0000000e+00]]
[-0103.27, +0014.02, -1049.95]
800, 1178, 800
[[-8.7409480e-02  9.5491354e-01 -2.8321494e-01 -2.8430000e+01]
 [ 3.4766060e-02  2.8719590e-01  9.5714178e-01  1.4294000e+02]
 [ 9.9542046e-01  7.3954020e-02 -5.8203620e-02 -1.1675800e+03]
 [ 0.0000000e+00  0.0000000e+00  0.0000000e+00  1.0000000e+00]]
[-0090.29, -0006.66, -1059.01]
800, 1392, 800
[[-8.7065000e-02  9.5469990e-01 -2.8338030e-01 -2.8440000e+01]
 [ 3.4979700e-02  2.8754038e-01  9.5690238e-01  1.4299000e+02]
 [ 9.9525510e-01  7.3714620e-02 -5.8203620e-02 -1.1675700e+03]
 [ 0.0000000e+00  0.0000000e+00  0.0000000e+00  1.0000000e+00]]
[-0078.89, -0022.82, -1072.71]
800, 1606, 800
[[-8.8127860e-02  9.5474978e-01 -2.8346816e-01 -2.8470000e+01]
 [ 3.4946860e-02  2.8752654e-01  9.5702128e-01  1.4300000e+02]
 [ 9.9532912e-01  7.4591360e-02 -5.8591360e-02 -1.1675600e+03]
 [ 0.0000000e+00  0.0000000e+00  0.0000000e+00  1.0000000e+00]]
[-0068.83, -0036.04, -1090.91]
800, 1820, 800
[[-8.7476640e-02  9.5464996e-01 -2.8357668e-01 -2.8480000e+01]
 [ 3.4716120e-02  2.8769880e-01  9.5689456e-01  1.4302000e+02]
 [ 9.9527236e-01  7.4134080e-02 -5.8112400e-02 -1.1675700e+03]
 [ 0.0000000e+00  0.0000000e+00  0.0000000e+00  1.0000000e+00]]
[-0061.58, -0044.43, -1110.90]
800, 2034, 800
[[-8.7506500e-02  9.5447060e-01 -2.8422770e-01 -2.8500000e+01]
 [ 3.5391320e-02  2.8838744e-01  9.5667380e-01  1.4307000e+02]
 [ 9.9526226e-01  7.3913320e-02 -5.8830900e-02 -1.1675600e+03]
 [ 0.0000000e+00  0.0000000e+00  0.0000000e+00  1.0000000e+00]]
[-0055.83, -0049.32, -1135.01]
1220, 750, 1220
[[-8.7888360e-02  9.5451380e-01 -2.8365340e-01 -2.8540000e+01]
 [ 3.4538600e-02  2.8785702e-01  9.5680418e-01  1.4293000e+02]
 [ 9.9516980e-01  7.4636180e-02 -5.8021380e-02 -1.1675300e+03]
 [ 0.0000000e+00  0.0000000e+00  0.0000000e+00  1.0000000e+00]]
[-0141.67, +0082.89, -1074.94]
1220, 964, 1220
[[-8.8090320e-02  9.5450864e-01 -2.8380984e-01 -2.8570000e+01]
 [ 3.5518560e-02  2.8804320e-01  9.5675152e-01  1.4296000e+02]
 [ 9.9517496e-01  7.4486880e-02 -5.9070480e-02 -1.1675100e+03]
 [ 0.0000000e+00  0.0000000e+00  0.0000000e+00  1.0000000e+00]]
[-0128.70, +0059.53, -1065.02]
1220, 1178, 1220
[[-8.8329940e-02  9.5455754e-01 -2.8412250e-01 -2.8590000e+01]
 [ 3.5395300e-02  2.8820846e-01  9.5681346e-01  1.4299000e+02]
 [ 9.9531546e-01  7.4597100e-02 -5.9144840e-02 -1.1675400e+03]
 [ 0.0000000e+00  0.0000000e+00  0.0000000e+00  1.0000000e+00]]
[-0116.37, +0038.83, -1062.88]
1220, 1392, 1220
[[-8.8053300e-02  9.5443966e-01 -2.8439112e-01 -2.8600000e+01]
 [ 3.5918100e-02  2.8855950e-01  9.5664680e-01  1.4301000e+02]
 [ 9.9526040e-01  7.4216880e-02 -5.9549760e-02 -1.1674900e+03]
 [ 0.0000000e+00  0.0000000e+00  0.0000000e+00  1.0000000e+00]]
[-0104.40, +0020.65, -1065.48]
1220, 1606, 1220
[[-8.8397460e-02  9.5441354e-01 -2.8439796e-01 -2.8600000e+01]
 [ 3.5464860e-02  2.8854582e-01  9.5667292e-01  1.4304000e+02]
 [ 9.9525356e-01  7.4670120e-02 -5.9219280e-02 -1.1675500e+03]
 [ 0.0000000e+00  0.0000000e+00  0.0000000e+00  1.0000000e+00]]
[-0092.11, +0002.37, -1072.85]
1220, 1820, 1220
[[-8.7266960e-02  9.5428680e-01 -2.8473828e-01 -2.8560000e+01]
 [ 3.4691280e-02  2.8888310e-01  9.5651504e-01  1.4304000e+02]
 [ 9.9525660e-01  7.3900000e-02 -5.8095700e-02 -1.1675200e+03]
 [ 0.0000000e+00  0.0000000e+00  0.0000000e+00  1.0000000e+00]]
[-0080.50, -0013.86, -1085.47]
1220, 2034, 1220
[[-8.7641620e-02  9.5426860e-01 -2.8489844e-01 -2.8620000e+01]
 [ 3.5444600e-02  2.8906200e-01  9.5647520e-01  1.4309000e+02]
 [ 9.9525844e-01  7.3976800e-02 -5.8979620e-02 -1.1675400e+03]
 [ 0.0000000e+00  0.0000000e+00  0.0000000e+00  1.0000000e+00]]
[-0070.63, -0026.85, -1103.49]
#1220, 2248, 1220
[[-8.8120980e-02  9.5392050e-01 -2.8566198e-01 -2.8680000e+01]
 [ 3.4924500e-02  2.8988750e-01  9.5619550e-01  1.4318000e+02]
 [ 9.9516198e-01  7.4600500e-02 -5.8633480e-02 -1.1675800e+03]
 [ 0.0000000e+00  0.0000000e+00  0.0000000e+00  1.0000000e+00]]
[-0065.24, -0032.72, -1121.57]
1800, 750, 1800
[[-8.9461000e-02  9.5415550e-01 -2.8506970e-01 -2.8780000e+01]
 [ 3.4779700e-02  2.8919198e-01  9.5653022e-01  1.4296000e+02]
 [ 9.9522250e-01  7.5808780e-02 -5.8948020e-02 -1.1675100e+03]
 [ 0.0000000e+00  0.0000000e+00  0.0000000e+00  1.0000000e+00]]
[-0153.76, +0109.70, -1136.91]
1800, 964, 1800
[[-8.8465060e-02  9.5435554e-01 -2.8479324e-01 -2.8630000e+01]
 [ 3.5448340e-02  2.8888310e-01  9.5661492e-01  1.4298000e+02]
 [ 9.9531156e-01  7.4660520e-02 -5.9293800e-02 -1.1674300e+03]
 [ 0.0000000e+00  0.0000000e+00  0.0000000e+00  1.0000000e+00]]
[-0146.09, +0098.90, -1114.96]
1800, 1178, 1800
[[-8.8157800e-02  9.5422966e-01 -2.8490882e-01 -2.8670000e+01]
 [ 3.4764620e-02  2.8904124e-01  9.5651414e-01  1.4299000e+02]
 [ 9.9524806e-01  7.4656780e-02 -5.8484200e-02 -1.1674800e+03]
 [ 0.0000000e+00  0.0000000e+00  0.0000000e+00  1.0000000e+00]]
[-0139.13, +0085.53, -1100.56]
1800, 1392, 1800
[[-8.8600500e-02  9.5422110e-01 -2.8505210e-01 -2.8690000e+01]
 [ 3.5913100e-02  2.8922718e-01  9.5646462e-01  1.4302000e+02]
 [ 9.9524010e-01  7.4675380e-02 -5.9773320e-02 -1.1674500e+03]
 [ 0.0000000e+00  0.0000000e+00  0.0000000e+00  1.0000000e+00]]
[-0129.82, +0071.26, -1090.69]
1800, 1606, 1800
[[-8.8532740e-02  9.5417758e-01 -2.8527454e-01 -2.8650000e+01]
 [ 3.5311940e-02  2.8938540e-01  9.5645002e-01  1.4302000e+02]
 [ 9.9528362e-01  7.4757740e-02 -5.9203300e-02 -1.1674700e+03]
 [ 0.0000000e+00  0.0000000e+00  0.0000000e+00  1.0000000e+00]]
[-0118.80, +0052.41, -1084.96]
1800, 1820, 1800
[[-8.8772520e-02  9.5414022e-01 -2.8546738e-01 -2.8680000e+01]
 [ 3.5274580e-02  2.8955046e-01  9.5642922e-01  1.4305000e+02]
 [ 9.9530442e-01  7.4950580e-02 -5.9278020e-02 -1.1674800e+03]
 [ 0.0000000e+00  0.0000000e+00  0.0000000e+00  1.0000000e+00]]
[-0108.35, +0035.55, -1084.70]
1800, 2034, 1800
[[-8.884032e-02  9.539100e-01 -2.856228e-01 -2.869000e+01]
 [ 3.543000e-02  2.898875e-01  9.562060e-01  1.430800e+02]
 [ 9.951228e-01  7.510600e-02 -5.935282e-02 -1.167500e+03]
 [ 0.000000e+00  0.000000e+00  0.000000e+00  1.000000e+00]]
[-0097.34, +0018.10, -1088.85]
1800, 2248, 1800
[[-8.9696100e-02  9.5369694e-01 -2.8625368e-01 -2.8800000e+01]
 [ 3.5987980e-02  2.9056134e-01  9.5601744e-01  1.4320000e+02]
 [ 9.9507984e-01  7.5674480e-02 -6.0222600e-02 -1.1675300e+03]
 [ 0.0000000e+00  0.0000000e+00  0.0000000e+00  1.0000000e+00]]
[-0088.33, +0004.07, -1097.32]
800, 800, 750
[[-8.6079300e-02  9.5513226e-01 -2.8260772e-01 -2.8330000e+01]
 [ 3.3868060e-02  2.8652046e-01  9.5732244e-01  1.4290000e+02]
 [ 9.9548868e-01  7.3045640e-02 -5.6859600e-02 -1.1675900e+03]
 [ 0.0000000e+00  0.0000000e+00  0.0000000e+00  1.0000000e+00]]
[-0109.66, +0035.37, -1045.70]
800, 800, 964
[[-8.7342400e-02  9.5481800e-01 -2.8311160e-01 -2.8460000e+01]
 [ 3.4456880e-02  2.8718894e-01  9.5706850e-01  1.4293000e+02]
 [ 9.9531016e-01  7.4094380e-02 -5.7798900e-02 -1.1675700e+03]
 [ 0.0000000e+00  0.0000000e+00  0.0000000e+00  1.0000000e+00]]
[-0141.10, +0033.56, -1054.02]
800, 800, 1178
[[-8.7581780e-02  9.5478096e-01 -2.8330458e-01 -2.8480000e+01]
 [ 3.4419840e-02  2.8735424e-01  9.5704784e-01  1.4294000e+02]
 [ 9.9533082e-01  7.4287360e-02 -5.7872980e-02 -1.1675800e+03]
 [ 0.0000000e+00  0.0000000e+00  0.0000000e+00  1.0000000e+00]]
[-0162.92, +0032.47, -1066.56]
800, 800, 1392
[[-8.7237220e-02  9.5485926e-01 -2.8362314e-01 -2.8500000e+01]
 [ 3.4580940e-02  2.8753350e-01  9.5708058e-01  1.4295000e+02]
 [ 9.9549106e-01  7.3775820e-02 -5.8038280e-02 -1.1675500e+03]
 [ 0.0000000e+00  0.0000000e+00  0.0000000e+00  1.0000000e+00]]
[-0181.22, +0031.69, -1084.18]
800, 800, 1606
[[-8.8022920e-02  9.5470496e-01 -2.8386000e-01 -2.8560000e+01]
 [ 3.5156960e-02  2.8787102e-01  9.5695050e-01  1.4294000e+02]
 [ 9.9539040e-01  7.4355300e-02 -5.8830900e-02 -1.1675400e+03]
 [ 0.0000000e+00  0.0000000e+00  0.0000000e+00  1.0000000e+00]]
[-0194.88, +0031.07, -1105.94]
800, 800, 1820
[[-8.7611200e-02  9.5456792e-01 -2.8416144e-01 -2.8600000e+01]
 [ 3.4889200e-02  2.8820846e-01  9.5680308e-01  1.4293000e+02]
 [ 9.9535440e-01  7.4091000e-02 -5.8426100e-02 -1.1675200e+03]
 [ 0.0000000e+00  0.0000000e+00  0.0000000e+00  1.0000000e+00]]
[-0203.19, +0030.72, -1131.02]
#800, 800, 2034
[[-8.7716100e-02  9.5442588e-01 -2.8426746e-01 -2.8530000e+01]
 [ 3.4147560e-02  2.8835960e-01  9.5671852e-01  1.4291000e+02]
 [ 9.9527418e-01  7.4482360e-02 -5.7691060e-02 -1.1674700e+03]
 [ 0.0000000e+00  0.0000000e+00  0.0000000e+00  1.0000000e+00]]
[-0204.39, +0030.65, -1154.32]
1220, 1220, 750
[[-8.6414100e-02  9.5492528e-01 -2.8343616e-01 -2.8390000e+01]
 [ 3.4902240e-02  2.8738176e-01  9.5707232e-01  1.4294000e+02]
 [ 9.9548992e-01  7.2960960e-02 -5.8055700e-02 -1.1674900e+03]
 [ 0.0000000e+00  0.0000000e+00  0.0000000e+00  1.0000000e+00]]
[-0058.71, +0037.44, -1066.24]
1220, 1220, 964
[[-8.7783380e-02  9.5458866e-01 -2.8395906e-01 -2.8530000e+01]
 [ 3.4868460e-02  2.8803628e-01  9.5684022e-01  1.4299000e+02]
 [ 9.9531726e-01  7.4293380e-02 -5.8426100e-02 -1.1675700e+03]
 [ 0.0000000e+00  0.0000000e+00  0.0000000e+00  1.0000000e+00]]
[-0085.84, +0037.03, -1061.19]
1220, 1220, 1178
[[-8.7850740e-02  9.5456446e-01 -2.8414850e-01 -2.8560000e+01]
 [ 3.5057900e-02  2.8820846e-01  9.5680654e-01  1.4300000e+02]
 [ 9.9534146e-01  7.4259700e-02 -5.8665640e-02 -1.1675600e+03]
 [ 0.0000000e+00  0.0000000e+00  0.0000000e+00  1.0000000e+00]]
[-0109.21, +0036.27, -1062.28]
1220, 1220, 1392
[[-8.7850740e-02  9.5453076e-01 -2.8435436e-01 -2.8580000e+01]
 [ 3.4852040e-02  2.8837368e-01  9.5678232e-01  1.4300000e+02]
 [ 9.9537516e-01  7.4283920e-02 -5.8500420e-02 -1.1675400e+03]
 [ 0.0000000e+00  0.0000000e+00  0.0000000e+00  1.0000000e+00]]
[-0132.39, +0035.04, -1068.74]
1220, 1220, 1606
[[-8.8569600e-02  9.5440048e-01 -2.8440144e-01 -2.8600000e+01]
 [ 3.5238240e-02  2.8853886e-01  9.5668598e-01  1.4299000e+02]
 [ 9.9525008e-01  7.4896740e-02 -5.9054100e-02 -1.1675500e+03]
 [ 0.0000000e+00  0.0000000e+00  0.0000000e+00  1.0000000e+00]]
[-0153.57, +0034.20, -1080.47]
1220, 1220, 1820
[[-8.8569600e-02  9.5424688e-01 -2.8469344e-01 -2.8660000e+01]
 [ 3.4912480e-02  2.8886910e-01  9.5655496e-01  1.4301000e+02]
 [ 9.9519776e-01  7.5027760e-02 -5.8723860e-02 -1.1675400e+03]
 [ 0.0000000e+00  0.0000000e+00  0.0000000e+00  1.0000000e+00]]
[-0171.35, +0033.30, -1097.12]
1220, 1220, 2034
[[-8.8809300e-02  9.5408970e-01 -2.8497240e-01 -2.8700000e+01]
 [ 3.4755300e-02  2.8919918e-01  9.5642744e-01  1.4300000e+02]
 [ 9.9513240e-01  7.5327440e-02 -5.8633480e-02 -1.1675500e+03]
 [ 0.0000000e+00  0.0000000e+00  0.0000000e+00  1.0000000e+00]]
[-0183.78, +0032.55, -1117.15]
1220, 1220, 2248
[[-8.9012340e-02  9.5401680e-01 -2.8554030e-01 -2.8820000e+01]
 [ 3.5323200e-02  2.8971548e-01  9.5632592e-01  1.4297000e+02]
 [ 9.9520530e-01  7.5225920e-02 -5.9352820e-02 -1.1675100e+03]
 [ 0.0000000e+00  0.0000000e+00  0.0000000e+00  1.0000000e+00]]
[-0188.64, +0031.99, -1135.93]
1800, 1800, 750
[[-8.8397460e-02  9.5432748e-01 -2.8427812e-01 -2.8570000e+01]
 [ 3.5550920e-02  2.8854582e-01  9.5659032e-01  1.4308000e+02]
 [ 9.9513372e-01  7.4752720e-02 -5.9219280e-02 -1.1675900e+03]
 [ 0.0000000e+00  0.0000000e+00  0.0000000e+00  1.0000000e+00]]
[-0021.44, +0039.05, -1119.17]
1800, 1800, 964
[[-8.812098e-02  9.542618e-01 -2.848724e-01 -2.863000e+01]
 [ 3.578180e-02  2.890620e-01  9.564820e-01  1.430800e+02]
 [ 9.952324e-01  7.431400e-02 -5.945898e-02 -1.167570e+03]
 [ 0.000000e+00  0.000000e+00  0.000000e+00  1.000000e+00]]
[-0036.29, +0039.79, -1102.90]
1800, 1800, 1178
[[-8.8532740e-02  9.5436518e-01 -2.8477672e-01 -2.8680000e+01]
 [ 3.5843620e-02  2.8888998e-01  9.5660528e-01  1.4310000e+02]
 [ 9.9530192e-01  7.4602480e-02 -5.9698720e-02 -1.1675500e+03]
 [ 0.0000000e+00  0.0000000e+00  0.0000000e+00  1.0000000e+00]]
[-0053.04, +0040.15, -1091.67]
1800, 1800, 1392
[[-8.7949000e-02  9.5424098e-01 -2.8507486e-01 -2.8610000e+01]
 [ 3.5802620e-02  2.8923398e-01  9.5644474e-01  1.4304000e+02]
 [ 9.9526966e-01  7.4111540e-02 -5.9458980e-02 -1.1675000e+03]
 [ 0.0000000e+00  0.0000000e+00  0.0000000e+00  1.0000000e+00]]
[-0072.81, +0040.79, -1084.87]
1800, 1800, 1606
[[-8.8188740e-02  9.5411772e-01 -2.8514778e-01 -2.8720000e+01]
 [ 3.5851320e-02  2.8939916e-01  9.5634132e-01  1.4309000e+02]
 [ 9.9517062e-01  7.4386920e-02 -5.9533540e-02 -1.1675400e+03]
 [ 0.0000000e+00  0.0000000e+00  0.0000000e+00  1.0000000e+00]]
[-0094.48, +0040.34, -1082.80]
1800, 1800, 1820
[[-8.8736260e-02  9.5396680e-01 -2.8539684e-01 -2.8760000e+01]
 [ 3.6257840e-02  2.8973624e-01  9.5620740e-01  1.4309000e+02]
 [ 9.9508260e-01  7.4796840e-02 -6.0087860e-02 -1.1675000e+03]
 [ 0.0000000e+00  0.0000000e+00  0.0000000e+00  1.0000000e+00]]
[-0114.02, +0039.69, -1085.38]
1800, 1800, 2034
[[-8.8668340e-02  9.5397516e-01 -2.8594514e-01 -2.8800000e+01]
 [ 3.5364840e-02  2.9005948e-01  9.5625108e-01  1.4310000e+02]
 [ 9.9528014e-01  7.4821080e-02 -5.9352820e-02 -1.1675400e+03]
 [ 0.0000000e+00  0.0000000e+00  0.0000000e+00  1.0000000e+00]]
[-0136.08, +0038.58, -1093.98]
1800, 1800, 2248
[[-8.9148100e-02  9.5384824e-01 -2.8600488e-01 -2.8870000e+01]
 [ 3.5581840e-02  2.9022446e-01  9.5615124e-01  1.4308000e+02]
 [ 9.9516792e-01  7.5264840e-02 -5.9667600e-02 -1.1675100e+03]
 [ 0.0000000e+00  0.0000000e+00  0.0000000e+00  1.0000000e+00]]
[-0150.69, +0037.31, -1105.22]
2034, 1800, 1800
[[-8.8976160e-02  9.5396340e-01 -2.8538364e-01 -2.8760000e+01]
 [ 3.6426360e-02  2.8973624e-01  9.5621080e-01  1.4308000e+02]
 [ 9.9506940e-01  7.4965360e-02 -6.0327760e-02 -1.1675100e+03]
 [ 0.0000000e+00  0.0000000e+00  0.0000000e+00  1.0000000e+00]]
[-0099.26, +0059.06, -1090.77]
1820, 1800, 1800
[[-8.8397460e-02  9.5410630e-01 -2.8498188e-01 -2.8680000e+01]
 [ 3.4813380e-02  2.8920630e-01  9.5641084e-01  1.4303000e+02]
 [ 9.9514900e-01  7.4932200e-02 -5.8558800e-02 -1.1675900e+03]
 [ 0.0000000e+00  0.0000000e+00  0.0000000e+00  1.0000000e+00]]
[-0111.79, +0037.44, -1085.11]
1606, 1800, 1800
[[-8.7709300e-02  9.5436420e-01 -2.8500190e-01 -2.8670000e+01]
 [ 3.5753880e-02  2.8906876e-01  9.5654820e-01  1.4302000e+02]
 [ 9.9536866e-01  7.3836120e-02 -5.9384500e-02 -1.1675400e+03]
 [ 0.0000000e+00  0.0000000e+00  0.0000000e+00  1.0000000e+00]]
[-0122.83, +0017.82, -1085.33]
1392, 1800, 1800
[[-8.8157800e-02  9.5434948e-01 -2.8482276e-01 -2.8640000e+01]
 [ 3.4884440e-02  2.8887614e-01  9.5662098e-01  1.4301000e+02]
 [ 9.9533412e-01  7.4549940e-02 -5.8649300e-02 -1.1675600e+03]
 [ 0.0000000e+00  0.0000000e+00  0.0000000e+00  1.0000000e+00]]
[-0130.42, +0002.39, -1089.12]
1178, 1800, 1800
[[-8.8397460e-02  9.5425992e-01 -2.8468992e-01 -2.8640000e+01]
 [ 3.5139120e-02  2.8887614e-01  9.5654192e-01  1.4301000e+02]
 [ 9.9520128e-01  7.4801120e-02 -5.8888960e-02 -1.1675600e+03]
 [ 0.0000000e+00  0.0000000e+00  0.0000000e+00  1.0000000e+00]]
[-0138.98, -0015.24, -1099.58]
964, 1800, 1800
[[-8.7266960e-02  9.5444028e-01 -2.8444644e-01 -2.8570000e+01]
 [ 3.5016840e-02  2.8855270e-01  9.5664618e-01  1.4299000e+02]
 [ 9.9530892e-01  7.3768860e-02 -5.8426100e-02 -1.1675700e+03]
 [ 0.0000000e+00  0.0000000e+00  0.0000000e+00  1.0000000e+00]]
[-0144.90, -0029.56, -1114.11]
750, 1800, 1800
[[-8.8262500e-02  9.5451430e-01 -2.8434490e-01 -2.8560000e+01]
 [ 3.4794100e-02  2.8836668e-01  9.5679878e-01  1.4299000e+02]
 [ 9.9535870e-01  7.4679220e-02 -5.8574820e-02 -1.1675700e+03]
 [ 0.0000000e+00  0.0000000e+00  0.0000000e+00  1.0000000e+00]]
[-0148.97, -0041.32, -1132.87]
#2248, 1220, 1220
[[-8.9972020e-02  9.5413864e-01 -2.8466342e-01 -2.8710000e+01]
 [ 3.6821360e-02  2.8905516e-01  9.5643656e-01  1.4304000e+02]
 [ 9.9501658e-01  7.5803440e-02 -6.0972820e-02 -1.1675000e+03]
 [ 0.0000000e+00  0.0000000e+00  0.0000000e+00  1.0000000e+00]]
[-0068.41, +0105.49, -1123.22]
2034, 1220, 1220
[[-8.8157800e-02  9.5457058e-01 -2.8411906e-01 -2.8590000e+01]
 [ 3.5621900e-02  2.8821534e-01  9.5680042e-01  1.4300000e+02]
 [ 9.9531890e-01  7.4370500e-02 -5.9310100e-02 -1.1675500e+03]
 [ 0.0000000e+00  0.0000000e+00  0.0000000e+00  1.0000000e+00]]
[-0077.07, +0094.63, -1102.05]
1820, 1220, 1220
[[-8.8606980e-02  9.5440220e-01 -2.8423222e-01 -2.8600000e+01]
 [ 3.4427000e-02  2.8835244e-01  9.5674220e-01  1.4300000e+02]
 [ 9.9523178e-01  7.5215000e-02 -5.8244580e-02 -1.1675800e+03]
 [ 0.0000000e+00  0.0000000e+00  0.0000000e+00  1.0000000e+00]]
[-0084.84, +0083.77, -1086.42]
1606, 1220, 1220
[[-8.8397460e-02  9.5456716e-01 -2.8410600e-01 -2.8600000e+01]
 [ 3.5790600e-02  2.8821534e-01  9.5680384e-01  1.4300000e+02]
 [ 9.9530584e-01  7.4539200e-02 -5.9549760e-02 -1.1675300e+03]
 [ 0.0000000e+00  0.0000000e+00  0.0000000e+00  1.0000000e+00]]
[-0094.03, +0069.45, -1074.17]
1392, 1220, 1220
[[-8.8022920e-02  9.5461886e-01 -2.8374022e-01 -2.8560000e+01]
 [ 3.5243060e-02  2.8787102e-01  9.5686786e-01  1.4298000e+02]
 [ 9.9527062e-01  7.4437940e-02 -5.8830900e-02 -1.1675800e+03]
 [ 0.0000000e+00  0.0000000e+00  0.0000000e+00  1.0000000e+00]]
[-0104.34, +0052.30, -1066.28]
1178, 1220, 1220
[[-8.7678600e-02  9.5469720e-01 -2.8405900e-01 -2.8560000e+01]
 [ 3.5404280e-02  2.8805004e-01  9.5690040e-01  1.4297000e+02]
 [ 9.9543096e-01  7.3926280e-02 -5.8996200e-02 -1.1675500e+03]
 [ 0.0000000e+00  0.0000000e+00  0.0000000e+00  1.0000000e+00]]
[-0116.38, +0030.56, -1062.53]
964, 1220, 1220
[[-8.7783380e-02  9.5474208e-01 -2.8366710e-01 -2.8520000e+01]
 [ 3.5194080e-02  2.8770572e-01  9.5697120e-01  1.4298000e+02]
 [ 9.9536970e-01  7.4162400e-02 -5.8756660e-02 -1.1675700e+03]
 [ 0.0000000e+00  0.0000000e+00  0.0000000e+00  1.0000000e+00]]
[-0127.78, +0008.71, -1064.64]
750, 1220, 1220
[[-8.7716100e-02  9.5461286e-01 -2.8376962e-01 -2.8490000e+01]
 [ 3.4679020e-02  2.8786406e-01  9.5687386e-01  1.4296000e+02]
 [ 9.9529306e-01  7.4327020e-02 -5.8186600e-02 -1.1675800e+03]
 [ 0.0000000e+00  0.0000000e+00  0.0000000e+00  1.0000000e+00]]
[-0138.95, -0014.15, -1073.63]
#2034, 800, 800
[[-8.8674340e-02  9.5463256e-01 -2.8351168e-01 -2.8550000e+01]
 [ 3.5559920e-02  2.8769880e-01  9.5691196e-01  1.4298000e+02]
 [ 9.9520736e-01  7.4977880e-02 -5.9310100e-02 -1.1675500e+03]
 [ 0.0000000e+00  0.0000000e+00  0.0000000e+00  1.0000000e+00]]
[-0059.54, +0122.47, -1140.20]
1820, 800, 800
[[-8.7888360e-02  9.5478688e-01 -2.8327524e-01 -2.8510000e+01]
 [ 3.4983960e-02  2.8736124e-01  9.5704192e-01  1.4295000e+02]
 [ 9.9530848e-01  7.4398440e-02 -5.8517160e-02 -1.1675400e+03]
 [ 0.0000000e+00  0.0000000e+00  0.0000000e+00  1.0000000e+00]]
[-0066.00, +0115.06, -1113.49]
1606, 800, 800
[[-8.7237220e-02  9.5472060e-01 -2.8317792e-01 -2.8490000e+01]
 [ 3.4959000e-02  2.8736816e-01  9.5693940e-01  1.4295000e+02]
 [ 9.9521808e-01  7.3917000e-02 -5.8203620e-02 -1.1675500e+03]
 [ 0.0000000e+00  0.0000000e+00  0.0000000e+00  1.0000000e+00]]
[-0072.17, +0107.21, -1093.15]
1392, 800, 800
[[-8.7514740e-02  9.5480514e-01 -2.8311512e-01 -2.8480000e+01]
 [ 3.4230380e-02  2.8718190e-01  9.5708136e-01  1.4293000e+02]
 [ 9.9530664e-01  7.4320880e-02 -5.7633600e-02 -1.1675700e+03]
 [ 0.0000000e+00  0.0000000e+00  0.0000000e+00  1.0000000e+00]]
[-0080.91, +0094.51, -1075.01]
1178, 800, 800
[[-8.7141640e-02  9.5502952e-01 -2.8298824e-01 -2.8450000e+01]
 [ 3.3510160e-02  2.8683710e-01  9.5730998e-01  1.4292000e+02]
 [ 9.9551032e-01  7.4053660e-02 -5.6915700e-02 -1.1675900e+03]
 [ 0.0000000e+00  0.0000000e+00  0.0000000e+00  1.0000000e+00]]
[-0092.49, +0076.09, -1059.42]
964, 800, 800
[[-8.7275400e-02  9.5499530e-01 -2.8263010e-01 -2.8390000e+01]
 [ 3.4592900e-02  2.8668588e-01  9.5723294e-01  1.4291000e+02]
 [ 9.9533870e-01  7.3996940e-02 -5.7890280e-02 -1.1675700e+03]
 [ 0.0000000e+00  0.0000000e+00  0.0000000e+00  1.0000000e+00]]
[-0105.32, +0054.48, -1050.02]
750, 800, 800
[[-8.6519200e-02  9.5515688e-01 -2.8254656e-01 -2.8380000e+01]
 [ 3.5223040e-02  2.8654086e-01  9.5729782e-01  1.4292000e+02]
 [ 9.9544792e-01  7.3041860e-02 -5.8312900e-02 -1.1675300e+03]
 [ 0.0000000e+00  0.0000000e+00  0.0000000e+00  1.0000000e+00]]
[-0119.23, +0029.31, -1046.50]
#1800, 2248, 1800
[[-8.9420580e-02  9.5369920e-01 -2.8643602e-01 -2.8860000e+01]
 [ 3.6630800e-02  2.9074700e-01  9.5595680e-01  1.4318000e+02]
 [ 9.9511102e-01  7.5186800e-02 -6.0792580e-02 -1.1675100e+03]
 [ 0.0000000e+00  0.0000000e+00  0.0000000e+00  1.0000000e+00]]
[-0089.84, +0004.79, -1097.08]
1800, 2034, 1800
[[-8.9148100e-02  9.5391620e-01 -2.8559300e-01 -2.8800000e+01]
 [ 3.5993720e-02  2.8989446e-01  9.5619980e-01  1.4310000e+02]
 [ 9.9509996e-01  7.5216280e-02 -5.9997600e-02 -1.1675300e+03]
 [ 0.0000000e+00  0.0000000e+00  0.0000000e+00  1.0000000e+00]]
[-0102.21, +0024.70, -1088.50]
1800, 1820, 1800
[[-8.9184400e-02  9.5400368e-01 -2.8554384e-01 -2.8780000e+01]
 [ 3.5096480e-02  2.8970840e-01  9.5633904e-01  1.4307000e+02]
 [ 9.9520176e-01  7.5452640e-02 -5.9187840e-02 -1.1675500e+03]
 [ 0.0000000e+00  0.0000000e+00  0.0000000e+00  1.0000000e+00]]
[-0112.14, +0041.21, -1085.39]
1800, 1606, 1800
[[-8.8840320e-02  9.5397784e-01 -2.8521096e-01 -2.8760000e+01]
 [ 3.5841840e-02  2.8955742e-01  9.5625452e-01  1.4306000e+02]
 [ 9.9505496e-01  7.5057480e-02 -5.9682900e-02 -1.1675300e+03]
 [ 0.0000000e+00  0.0000000e+00  0.0000000e+00  1.0000000e+00]]
[-0121.73, +0056.98, -1086.22]
1800, 1392, 1800
[[-8.9184400e-02  9.5415748e-01 -2.8525184e-01 -2.8760000e+01]
 [ 3.5422360e-02  2.8937840e-01  9.5647012e-01  1.4304000e+02]
 [ 9.9525392e-01  7.5321560e-02 -5.9517840e-02 -1.1675400e+03]
 [ 0.0000000e+00  0.0000000e+00  0.0000000e+00  1.0000000e+00]]
[-0131.04, +0072.70, -1091.65]
1800, 1178, 1800
[[-8.8876900e-02  9.5418528e-01 -2.8507564e-01 -2.8770000e+01]
 [ 3.5064480e-02  2.8920630e-01  9.5650044e-01  1.4303000e+02]
 [ 9.9524276e-01  7.5186840e-02 -5.9038240e-02 -1.1675300e+03]
 [ 0.0000000e+00  0.0000000e+00  0.0000000e+00  1.0000000e+00]]
[-0141.39, +0087.29, -1103.12]
1800, 964, 1800
[[-8.9528640e-02  9.5423272e-01 -2.8464096e-01 -2.8730000e+01]
 [ 3.5586960e-02  2.8886910e-01  9.5656912e-01  1.4300000e+02]
 [ 9.9514528e-01  7.5702240e-02 -5.9682900e-02 -1.1675300e+03]
 [ 0.0000000e+00  0.0000000e+00  0.0000000e+00  1.0000000e+00]]
[-0146.91, +0100.88, -1117.64]
1800, 750, 1800
[[-8.8637160e-02  9.5437628e-01 -2.8459080e-01 -2.8720000e+01]
 [ 3.5427600e-02  2.8871100e-01  9.5665220e-01  1.4295000e+02]
 [ 9.9527428e-01  7.4862960e-02 -5.9293800e-02 -1.1675200e+03]
 [ 0.0000000e+00  0.0000000e+00  0.0000000e+00  1.0000000e+00]]
[-0151.84, +0110.67, -1136.73]
1220, 2248, 1220
[[-8.8428520e-02  9.5404648e-01 -2.8554644e-01 -2.8670000e+01]
 [ 3.5608120e-02  2.8972940e-01  9.5629624e-01  1.4319000e+02]
 [ 9.9522536e-01  7.4603960e-02 -5.9443080e-02 -1.1675800e+03]
 [ 0.0000000e+00  0.0000000e+00  0.0000000e+00  1.0000000e+00]]
[-0065.32, -0033.12, -1121.41]
1220, 2034, 1220
[[-8.8090320e-02  9.5449356e-01 -2.8454728e-01 -2.8590000e+01]
 [ 3.4814840e-02  2.8853886e-01  9.5676156e-01  1.4305000e+02]
 [ 9.9539592e-01  7.4476840e-02 -5.8574820e-02 -1.1675800e+03]
 [ 0.0000000e+00  0.0000000e+00  0.0000000e+00  1.0000000e+00]]
[-0074.75, -0021.92, -1099.49]
1220, 1820, 1220
[[-8.7850740e-02  9.5453076e-01 -2.8435436e-01 -2.8570000e+01]
 [ 3.4852040e-02  2.8837368e-01  9.5678232e-01  1.4303000e+02]
 [ 9.9537516e-01  7.4283920e-02 -5.8500420e-02 -1.1675600e+03]
 [ 0.0000000e+00  0.0000000e+00  0.0000000e+00  1.0000000e+00]]
[-0083.36, -0010.18, -1083.62]
1220, 1606, 1220
[[-8.7746080e-02  9.5458700e-01 -2.8412868e-01 -2.8540000e+01]
 [ 3.5679800e-02  2.8822214e-01  9.5678400e-01  1.4301000e+02]
 [ 9.9533532e-01  7.3975200e-02 -5.9235780e-02 -1.1675200e+03]
 [ 0.0000000e+00  0.0000000e+00  0.0000000e+00  1.0000000e+00]]
[-0093.04, +0004.08, -1072.43]
1220, 1392, 1220
[[-8.8195140e-02  9.5445242e-01 -2.8403572e-01 -2.8560000e+01]
 [ 3.4690820e-02  2.8819446e-01  9.5674988e-01  1.4302000e+02]
 [ 9.9521468e-01  7.4795480e-02 -5.8335240e-02 -1.1675800e+03]
 [ 0.0000000e+00  0.0000000e+00  0.0000000e+00  1.0000000e+00]]
[-0104.23, +0021.39, -1065.49]
1220, 1178, 1220
[[-8.7543880e-02  9.5471188e-01 -2.8388588e-01 -2.8560000e+01]
 [ 3.4819480e-02  2.8787102e-01  9.5694358e-01  1.4298000e+02]
 [ 9.9541628e-01  7.4017820e-02 -5.8351860e-02 -1.1675600e+03]
 [ 0.0000000e+00  0.0000000e+00  0.0000000e+00  1.0000000e+00]]
[-0116.24, +0040.81, -1062.93]
1220, 964, 1220
[[-8.8195140e-02  9.5457220e-01 -2.8394960e-01 -2.8530000e+01]
 [ 3.4810600e-02  2.8802928e-01  9.5685668e-01  1.4295000e+02]
 [ 9.9530080e-01  7.4688680e-02 -5.8500420e-02 -1.1675600e+03]
 [ 0.0000000e+00  0.0000000e+00  0.0000000e+00  1.0000000e+00]]
[-0129.22, +0062.45, -1065.82]
1220, 750, 1220
[[-8.8233000e-02  9.5460766e-01 -2.8357438e-01 -2.8530000e+01]
 [ 3.4205260e-02  2.8767756e-01  9.5693686e-01  1.4292000e+02]
 [ 9.9524882e-01  7.4982460e-02 -5.7856200e-02 -1.1675700e+03]
 [ 0.0000000e+00  0.0000000e+00  0.0000000e+00  1.0000000e+00]]
[-0141.39, +0083.60, -1075.62]
#800, 2034, 800
[[-8.7027460e-02  9.5459714e-01 -2.8416750e-01 -2.8460000e+01]
 [ 3.5173700e-02  2.8822214e-01  9.5677386e-01  1.4307000e+02]
 [ 9.9537414e-01  7.3469100e-02 -5.8517160e-02 -1.1675700e+03]
 [ 0.0000000e+00  0.0000000e+00  0.0000000e+00  1.0000000e+00]]
[-0055.08, -0049.40, -1135.28]
800, 1820, 800
[[-8.6586280e-02  9.5479284e-01 -2.8352564e-01 -2.8420000e+01]
 [ 3.4556040e-02  2.8754038e-01  9.5697822e-01  1.4300000e+02]
 [ 9.9540044e-01  7.3294380e-02 -5.7724900e-02 -1.1675800e+03]
 [ 0.0000000e+00  0.0000000e+00  0.0000000e+00  1.0000000e+00]]
[-0063.27, -0041.61, -1108.33]
800, 1606, 800
[[-8.6653440e-02  9.5480224e-01 -2.8350944e-01 -2.8410000e+01]
 [ 3.4951360e-02  2.8754718e-01  9.5696882e-01  1.4298000e+02]
 [ 9.9539104e-01  7.3236620e-02 -5.8129620e-02 -1.1675600e+03]
 [ 0.0000000e+00  0.0000000e+00  0.0000000e+00  1.0000000e+00]]
[-0070.27, -0033.70, -1089.17]
800, 1392, 800
[[-8.6586280e-02  9.5494606e-01 -2.8323378e-01 -2.8390000e+01]
 [ 3.4881460e-02  2.8720958e-01  9.5710926e-01  1.4296000e+02]
 [ 9.9545298e-01  7.3163340e-02 -5.8055700e-02 -1.1675700e+03]
 [ 0.0000000e+00  0.0000000e+00  0.0000000e+00  1.0000000e+00]]
[-0079.50, -0021.56, -1072.10]
800, 1178, 800
[[-8.7514740e-02  9.5483864e-01 -2.8290926e-01 -2.8400000e+01]
 [ 3.4436240e-02  2.8701660e-01  9.5710552e-01  1.4295000e+02]
 [ 9.9527314e-01  7.4296720e-02 -5.7798900e-02 -1.1675900e+03]
 [ 0.0000000e+00  0.0000000e+00  0.0000000e+00  1.0000000e+00]]
[-0091.36, -0005.89, -1058.75]
800, 964, 800
[[-8.6691460e-02  9.5507706e-01 -2.8296148e-01 -2.8390000e+01]
 [ 3.4585020e-02  2.8686510e-01  9.5726244e-01  1.4294000e+02]
 [ 9.9551156e-01  7.3316520e-02 -5.7816400e-02 -1.1675600e+03]
 [ 0.0000000e+00  0.0000000e+00  0.0000000e+00  1.0000000e+00]]
[-0105.63, +0015.92, -1049.54]
800, 750, 800
[[-8.7380900e-02  9.5509278e-01 -2.8256376e-01 -2.8360000e+01]
 [ 3.4090740e-02  2.8650646e-01  9.5736192e-01  1.4291000e+02]
 [ 9.9543072e-01  7.4174160e-02 -5.7485600e-02 -1.1675800e+03]
 [ 0.0000000e+00  0.0000000e+00  0.0000000e+00  1.0000000e+00]]
[-0120.78, +0039.92, -1046.56]
#1800, 1800, 2248
[[-8.9660680e-02  9.5357574e-01 -2.8650862e-01 -2.8940000e+01]
 [ 3.6679140e-02  2.9091198e-01  9.5585346e-01  1.4308000e+02]
 [ 9.9501182e-01  7.5461940e-02 -6.0867700e-02 -1.1674700e+03]
 [ 0.0000000e+00  0.0000000e+00  0.0000000e+00  1.0000000e+00]]
[-0149.50, +0036.31, -1104.56]
1800, 1800, 2034
[[-8.9800000e-02  9.5377600e-01 -2.8565600e-01 -2.8800000e+01]
 [ 3.5984000e-02  2.9005248e-01  9.5611328e-01  1.4308000e+02]
 [ 9.9498400e-01  7.5886720e-02 -6.0147520e-02 -1.1675000e+03]
 [ 0.0000000e+00  0.0000000e+00  0.0000000e+00  1.0000000e+00]]
[-0128.95, +0037.92, -1091.76]
1800, 1800, 1820
[[-8.8976160e-02  9.5404936e-01 -2.8550360e-01 -2.8760000e+01]
 [ 3.6340400e-02  2.8973624e-01  9.5629336e-01  1.4309000e+02]
 [ 9.9518936e-01  7.4882800e-02 -6.0327760e-02 -1.1675100e+03]
 [ 0.0000000e+00  0.0000000e+00  0.0000000e+00  1.0000000e+00]]
[-0109.37, +0039.26, -1084.97]
1800, 1800, 1606
[[-8.9080180e-02  9.5394044e-01 -2.8540372e-01 -2.8740000e+01]
 [ 3.5804440e-02  2.8972248e-01  9.5623376e-01  1.4308000e+02]
 [ 9.9507572e-01  7.5250240e-02 -5.9757700e-02 -1.1675400e+03]
 [ 0.0000000e+00  0.0000000e+00  0.0000000e+00  1.0000000e+00]]
[-0090.17, +0039.88, -1082.90]
1800, 1800, 1392
[[-8.9012340e-02  9.5417062e-01 -2.8524834e-01 -2.8720000e+01]
 [ 3.5649060e-02  2.8938540e-01  9.5645698e-01  1.4309000e+02]
 [ 9.9525742e-01  7.5094860e-02 -5.9682900e-02 -1.1675400e+03]
 [ 0.0000000e+00  0.0000000e+00  0.0000000e+00  1.0000000e+00]]
[-0070.74, +0040.30, -1085.44]
1800, 1800, 1178
[[-8.8496400e-02  9.5424400e-01 -2.8503220e-01 -2.8680000e+01]
 [ 3.6535040e-02  2.8924070e-01  9.5644172e-01  1.4310000e+02]
 [ 9.9523372e-01  7.4390600e-02 -6.0343540e-02 -1.1675300e+03]
 [ 0.0000000e+00  0.0000000e+00  0.0000000e+00  1.0000000e+00]]
[-0050.53, +0040.35, -1093.08]
1800, 1800, 964
[[-8.8532740e-02  9.5424530e-01 -2.8486274e-01 -2.8620000e+01]
 [ 3.5723740e-02  2.8905516e-01  9.5649850e-01  1.4308000e+02]
 [ 9.9521590e-01  7.4709260e-02 -5.9533540e-02 -1.1675800e+03]
 [ 0.0000000e+00  0.0000000e+00  0.0000000e+00  1.0000000e+00]]
[-0033.89, +0040.08, -1104.78]
1800, 1800, 750
[[-8.8397460e-02  9.5456716e-01 -2.8410600e-01 -2.8520000e+01]
 [ 3.5790600e-02  2.8821534e-01  9.5680384e-01  1.4304000e+02]
 [ 9.9530584e-01  7.4539200e-02 -5.9549760e-02 -1.1676000e+03]
 [ 0.0000000e+00  0.0000000e+00  0.0000000e+00  1.0000000e+00]]
[-0021.09, +0039.41, -1120.50]
#1220, 1220, 2248
[[-8.860050e-02  9.539135e-01 -2.856359e-01 -2.874000e+01]
 [ 3.526150e-02  2.898875e-01  9.562025e-01  1.429300e+02]
 [ 9.951359e-01  7.493750e-02 -5.911300e-02 -1.167490e+03]
 [ 0.000000e+00  0.000000e+00  0.000000e+00  1.000000e+00]]
[-0188.76, +0032.24, -1135.75]
1220, 1220, 2034
[[-8.9153700e-02  9.5433704e-01 -2.8460142e-01 -2.8650000e+01]
 [ 3.4747680e-02  2.8868976e-01  9.5669144e-01  1.4295000e+02]
 [ 9.9526366e-01  7.5542880e-02 -5.8798500e-02 -1.1675500e+03]
 [ 0.0000000e+00  0.0000000e+00  0.0000000e+00  1.0000000e+00]]
[-0180.04, +0033.12, -1113.58]
1220, 1220, 1820
[[-8.8157800e-02  9.5441700e-01 -2.8441100e-01 -2.8610000e+01]
 [ 3.5296200e-02  2.8854582e-01  9.5666946e-01  1.4296000e+02]
 [ 9.9526660e-01  7.4501460e-02 -5.8979620e-02 -1.1675400e+03]
 [ 0.0000000e+00  0.0000000e+00  0.0000000e+00  1.0000000e+00]]
[-0167.99, +0033.98, -1094.47]
1220, 1220, 1606
[[-8.8674340e-02  9.5447904e-01 -2.8380374e-01 -2.8560000e+01]
 [ 3.5234160e-02  2.8802928e-01  9.5678112e-01  1.4294000e+02]
 [ 9.9515494e-01  7.5108720e-02 -5.8979620e-02 -1.1675500e+03]
 [ 0.0000000e+00  0.0000000e+00  0.0000000e+00  1.0000000e+00]]
[-0150.47, +0035.04, -1078.58]
1220, 1220, 1392
[[-8.8127860e-02  9.5459640e-01 -2.8376020e-01 -2.8470000e+01]
 [ 3.4621200e-02  2.8785702e-01  9.5689032e-01  1.4292000e+02]
 [ 9.9527660e-01  7.4722320e-02 -5.8260880e-02 -1.1675500e+03]
 [ 0.0000000e+00  0.0000000e+00  0.0000000e+00  1.0000000e+00]]
[-0130.48, +0036.03, -1067.97]
1220, 1220, 1178
[[-8.7199560e-02  9.5465162e-01 -2.8375930e-01 -2.8530000e+01]
 [ 3.5358700e-02  2.8788470e-01  9.5683510e-01  1.4295000e+02]
 [ 9.9530338e-01  7.3647340e-02 -5.8682500e-02 -1.1675400e+03]
 [ 0.0000000e+00  0.0000000e+00  0.0000000e+00  1.0000000e+00]]
[-0108.51, +0036.91, -1062.19]
1220, 1220, 964
[[-8.7716100e-02  9.5476622e-01 -2.8347764e-01 -2.8500000e+01]
 [ 3.5004620e-02  2.8753350e-01  9.5700484e-01  1.4295000e+02]
 [ 9.9534556e-01  7.4196040e-02 -5.8517160e-02 -1.1675700e+03]
 [ 0.0000000e+00  0.0000000e+00  0.0000000e+00  1.0000000e+00]]
[-0084.19, +0037.67, -1061.28]
1220, 1220, 750
[[-8.7342400e-02  9.5490416e-01 -2.8323128e-01 -2.8450000e+01]
 [ 3.4370720e-02  2.8718894e-01  9.5715116e-01  1.4294000e+02]
 [ 9.9542984e-01  7.4011720e-02 -5.7798900e-02 -1.1675700e+03]
 [ 0.0000000e+00  0.0000000e+00  0.0000000e+00  1.0000000e+00]]
[-0059.12, +0038.28, -1066.40]
800, 800, 2034
[[-8.7850740e-02  9.5429120e-01 -2.8452652e-01 -2.8630000e+01]
 [ 3.4612480e-02  2.8870400e-01  9.5656864e-01  1.4288000e+02]
 [ 9.9520300e-01  7.4497600e-02 -5.8170100e-02 -1.1675200e+03]
 [ 0.0000000e+00  0.0000000e+00  0.0000000e+00  1.0000000e+00]]
[-0204.90, +0031.29, -1154.59]
800, 800, 1820
[[-8.7476640e-02  9.5476968e-01 -2.8349056e-01 -2.8480000e+01]
 [ 3.4835840e-02  2.8753350e-01  9.5700138e-01  1.4290000e+02]
 [ 9.9535848e-01  7.4027260e-02 -5.8277700e-02 -1.1675400e+03]
 [ 0.0000000e+00  0.0000000e+00  0.0000000e+00  1.0000000e+00]]
[-0199.62, +0031.42, -1126.09]
800, 800, 1606
[[-8.7754120e-02  9.5473456e-01 -2.8351400e-01 -2.8470000e+01]
 [ 3.3987440e-02  2.8751238e-01  9.5703650e-01  1.4290000e+02]
 [ 9.9536080e-01  7.4538100e-02 -5.7542500e-02 -1.1675600e+03]
 [ 0.0000000e+00  0.0000000e+00  0.0000000e+00  1.0000000e+00]]
[-0192.39, +0031.07, -1103.38]
800, 800, 1392
[[-8.7581780e-02  9.5478096e-01 -2.8330458e-01 -2.8450000e+01]
 [ 3.4419840e-02  2.8735424e-01  9.5704784e-01  1.4290000e+02]
 [ 9.9533082e-01  7.4287360e-02 -5.7872980e-02 -1.1675900e+03]
 [ 0.0000000e+00  0.0000000e+00  0.0000000e+00  1.0000000e+00]]
[-0179.08, +0031.43, -1082.94]
800, 800, 1178
[[-8.6863760e-02  9.5470536e-01 -2.8322340e-01 -2.8420000e+01]
 [ 3.3999600e-02  2.8735424e-01  9.5695464e-01  1.4288000e+02]
 [ 9.9524964e-01  7.3863600e-02 -5.7154960e-02 -1.1675800e+03]
 [ 0.0000000e+00  0.0000000e+00  0.0000000e+00  1.0000000e+00]]
[-0160.21, +0032.21, -1065.67]
800, 800, 964
[[-8.6691460e-02  9.5499092e-01 -2.8284184e-01 -2.8390000e+01]
 [ 3.4671160e-02  2.8686510e-01  9.5717972e-01  1.4288000e+02]
 [ 9.9539192e-01  7.3399240e-02 -5.7816400e-02 -1.1675500e+03]
 [ 0.0000000e+00  0.0000000e+00  0.0000000e+00  1.0000000e+00]]
[-0136.69, +0033.35, -1052.84]
