945, 1029, 1206
[[-3.7296386e-01 -8.4243600e-02 -9.2378652e-01  1.7023000e+02]
 [ 3.5958480e-02  9.9380630e-01 -1.0513864e-01  9.2440000e+01]
 [ 9.2692260e-01 -7.2458000e-02 -3.6762280e-01 -1.3290800e+03]
 [ 0.0000000e+00  0.0000000e+00  0.0000000e+00  1.0000000e+00]]
[+0223.62, -0029.05, -1188.75]
1025, 1027, 1111
[[-3.7296386e-01 -8.4243600e-02 -9.2378652e-01  1.7023000e+02]
 [ 3.5958480e-02  9.9380630e-01 -1.0513864e-01  9.2430000e+01]
 [ 9.2692260e-01 -7.2458000e-02 -3.6762280e-01 -1.3291100e+03]
 [ 0.0000000e+00  0.0000000e+00  0.0000000e+00  1.0000000e+00]]
[+0215.18, -0008.52, -1188.16]
1844, 1838, 1229
[[-3.7468258e-01 -8.6007500e-02 -9.2308194e-01  1.7006000e+02]
 [ 3.4714900e-02  9.9368750e-01 -1.0667430e-01  9.2280000e+01]
 [ 9.2642994e-01 -7.2022500e-02 -3.6933108e-01 -1.3290800e+03]
 [ 0.0000000e+00  0.0000000e+00  0.0000000e+00  1.0000000e+00]]
[+0237.55, +0057.00, -1225.19]
1652, 2165, 998
[[-3.7364688e-01 -8.5983080e-02 -9.2340364e-01  1.7006000e+02]
 [ 3.4378280e-02  9.9372440e-01 -1.0643536e-01  9.2340000e+01]
 [ 9.2676076e-01 -7.1535040e-02 -3.6834472e-01 -1.3291600e+03]
 [ 0.0000000e+00  0.0000000e+00  0.0000000e+00  1.0000000e+00]]
[+0284.81, +0063.17, -1237.53]
2233, 2063, 2026
[[-3.7602820e-01 -8.8373500e-02 -9.2221570e-01  1.6995000e+02]
 [ 3.2420980e-02  9.9357516e-01 -1.0842430e-01  9.2020000e+01]
 [ 9.2587286e-01 -7.0689980e-02 -3.7074580e-01 -1.3290900e+03]
 [ 0.0000000e+00  0.0000000e+00  0.0000000e+00  1.0000000e+00]]
[+0218.62, +0006.87, -1230.86]
1317, 2039, 1329
[[-3.7329460e-01 -8.5724200e-02 -9.2363640e-01  1.7013000e+02]
 [ 3.4456400e-02  9.9375212e-01 -1.0615356e-01  9.2340000e+01]
 [ 9.2696580e-01 -7.1464560e-02 -3.6800772e-01 -1.3291300e+03]
 [ 0.0000000e+00  0.0000000e+00  0.0000000e+00  1.0000000e+00]]
[+0287.34, +0020.85, -1209.07]
2052, 974, 784
[[-3.7422280e-01 -8.4682640e-02 -9.2319692e-01  1.7019000e+02]
 [ 3.4719760e-02  9.9384086e-01 -1.0522676e-01  9.2370000e+01]
 [ 9.2642228e-01 -7.1463160e-02 -3.6897570e-01 -1.3291100e+03]
 [ 0.0000000e+00  0.0000000e+00  0.0000000e+00  1.0000000e+00]]
[+0183.90, +0069.60, -1287.03]
2104, 1681, 1620
[[-3.7594196e-01 -8.7264780e-02 -9.2227218e-01  1.7001000e+02]
 [ 3.2636580e-02  9.9368812e-01 -1.0731558e-01  9.2160000e+01]
 [ 9.2581638e-01 -7.0474380e-02 -3.7071908e-01 -1.3290800e+03]
 [ 0.0000000e+00  0.0000000e+00  0.0000000e+00  1.0000000e+00]]
[+0201.12, +0029.02, -1235.02]
954, 2036, 1066
[[-3.7236712e-01 -8.4771240e-02 -9.2403908e-01  1.7016000e+02]
 [ 3.6167160e-02  9.9373582e-01 -1.0573386e-01  9.2440000e+01]
 [ 9.2721428e-01 -7.2811740e-02 -3.6696730e-01 -1.3291600e+03]
 [ 0.0000000e+00  0.0000000e+00  0.0000000e+00  1.0000000e+00]]
[+0319.43, +0022.83, -1221.49]
793, 1451, 1802
[[-3.7269778e-01 -8.5413940e-02 -9.2377718e-01  1.7019000e+02]
 [ 3.5481260e-02  9.9371198e-01 -1.0618654e-01  9.2330000e+01]
 [ 9.2703878e-01 -7.2380660e-02 -3.6732180e-01 -1.3291100e+03]
 [ 0.0000000e+00  0.0000000e+00  0.0000000e+00  1.0000000e+00]]
[+0278.11, -0073.32, -1226.10]
