950, 950, 950
[[-4.3964100e-02  9.5680360e-01  2.8667490e-01  2.0100000e+00]
 [ 3.3730560e-02 -2.8516560e-01  9.5762008e-01  1.2893000e+02]
 [ 9.9825742e-01  5.1969600e-02 -1.9478340e-02 -1.1681500e+03]
 [ 0.0000000e+00  0.0000000e+00  0.0000000e+00  1.0000000e+00]]
[-0135.48, +0081.94, -1057.94]
750, 750, 750
[[-4.3716500e-02  9.5646312e-01  2.8762734e-01  2.0800000e+00]
 [ 3.3525360e-02 -2.8607264e-01  9.5727528e-01  1.2883000e+02]
 [ 9.9821202e-01  5.1751440e-02 -1.9222100e-02 -1.1681200e+03]
 [ 0.0000000e+00  0.0000000e+00  0.0000000e+00  1.0000000e+00]]
[-0137.52, +0082.05, -1050.20]
1000, 1000, 1000
[[-4.4212500e-02  9.5686260e-01  2.8630430e-01  1.9700000e+00]
 [ 3.4569800e-02 -2.8470792e-01  9.5767668e-01  1.2899000e+02]
 [ 9.9817890e-01  5.2475320e-02 -2.0184420e-02 -1.1681100e+03]
 [ 0.0000000e+00  0.0000000e+00  0.0000000e+00  1.0000000e+00]]
[-0135.93, +0081.94, -1060.15]
1250, 1250, 1250
[[-4.4690440e-02  9.5705434e-01  2.8564078e-01  1.9400000e+00]
 [ 3.4922780e-02 -2.8403010e-01  9.5788466e-01  1.2905000e+02]
 [ 9.9816034e-01  5.3005780e-02 -2.0442100e-02 -1.1681300e+03]
 [ 0.0000000e+00  0.0000000e+00  0.0000000e+00  1.0000000e+00]]
[-0133.13, +0081.71, -1069.30]
1500, 1500, 1500
[[-4.3723920e-02  9.5737152e-01  2.8507660e-01  1.9200000e+00]
 [ 3.5360480e-02 -2.8356042e-01  9.5813580e-01  1.2912000e+02]
 [ 9.9828780e-01  5.2099400e-02 -2.1292500e-02 -1.1681200e+03]
 [ 0.0000000e+00  0.0000000e+00  0.0000000e+00  1.0000000e+00]]
[-0130.62, +0084.31, -1078.74]
1750, 1750, 1750
[[-4.4328400e-02  9.5745272e-01  2.8451924e-01  1.8800000e+00]
 [ 3.6449840e-02 -2.8287880e-01  9.5822692e-01  1.2922000e+02]
 [ 9.9816748e-01  5.3025560e-02 -2.2129440e-02 -1.1681100e+03]
 [ 0.0000000e+00  0.0000000e+00  0.0000000e+00  1.0000000e+00]]
[-0129.99, +0084.30, -1088.19]
2000, 2000, 2000
[[-4.4048580e-02  9.5779768e-01  2.8354296e-01  1.8500000e+00]
 [ 3.5975280e-02 -2.8197288e-01  9.5856404e-01  1.2928000e+02]
 [ 9.9823784e-01  5.2562760e-02 -2.1857460e-02 -1.1681400e+03]
 [ 0.0000000e+00  0.0000000e+00  0.0000000e+00  1.0000000e+00]]
[-0128.85, +0084.26, -1097.81]
2250, 2250, 2250
[[-4.4604100e-02  9.5798648e-01  2.8218464e-01  1.7600000e+00]
 [ 3.6648400e-02 -2.8039026e-01  9.5877452e-01  1.2947000e+02]
 [ 9.9800960e-01  5.3419000e-02 -2.2200400e-02 -1.1681600e+03]
 [ 0.0000000e+00  0.0000000e+00  0.0000000e+00  1.0000000e+00]]
[-0130.43, +0082.21, -1107.58]
2000, 2000, 2000
[[-4.4099940e-02  9.5746062e-01  2.8452118e-01  1.8800000e+00]
 [ 3.6618980e-02 -2.8287492e-01  9.5821902e-01  1.2919000e+02]
 [ 9.9816942e-01  5.2856420e-02 -2.2354020e-02 -1.1681100e+03]
 [ 0.0000000e+00  0.0000000e+00  0.0000000e+00  1.0000000e+00]]
[-0133.00, +0084.35, -1098.08]
1750, 1750, 1750
[[-4.3952500e-02  9.5738970e-01  2.8487190e-01  1.9200000e+00]
 [ 3.4988700e-02 -2.8333988e-01  9.5817510e-01  1.2917000e+02]
 [ 9.9825990e-01  5.2236900e-02 -2.0843380e-02 -1.1681500e+03]
 [ 0.0000000e+00  0.0000000e+00  0.0000000e+00  1.0000000e+00]]
[-0134.09, +0083.71, -1088.36]
1500, 1500, 1500
[[-4.3775720e-02  9.5725152e-01  2.8515528e-01  1.9400000e+00]
 [ 3.5079120e-02 -2.8356442e-01  9.5802922e-01  1.2912000e+02]
 [ 9.9820512e-01  5.2154180e-02 -2.0891140e-02 -1.1681200e+03]
 [ 0.0000000e+00  0.0000000e+00  0.0000000e+00  1.0000000e+00]]
[-0132.46, +0082.11, -1078.59]
1250, 1250, 1250
[[-4.4284960e-02  9.5706420e-01  2.8563516e-01  1.9600000e+00]
 [ 3.4865160e-02 -2.8402586e-01  9.5787480e-01  1.2902000e+02]
 [ 9.9817020e-01  5.2610160e-02 -2.0489860e-02 -1.1681200e+03]
 [ 0.0000000e+00  0.0000000e+00  0.0000000e+00  1.0000000e+00]]
[-0133.82, +0082.12, -1069.44]
1000, 1000, 1000
[[-4.4493600e-02  9.5682328e-01  2.8649504e-01  2.0000000e+00]
 [ 3.4208000e-02 -2.8494106e-01  9.5765822e-01  1.2894000e+02]
 [ 9.9820840e-01  5.2618100e-02 -1.9783300e-02 -1.1681300e+03]
 [ 0.0000000e+00  0.0000000e+00  0.0000000e+00  1.0000000e+00]]
[-0135.63, +0082.29, -1059.87]
750, 750, 750
[[-4.3258660e-02  9.5659260e-01  2.8754344e-01  2.0800000e+00]
 [ 3.3748440e-02 -2.8606416e-01  9.5737260e-01  1.2881000e+02]
 [ 9.9830440e-01  5.1301560e-02 -1.9671460e-02 -1.1681200e+03]
 [ 0.0000000e+00  0.0000000e+00  0.0000000e+00  1.0000000e+00]]
[-0137.44, +0081.83, -1050.18]
1000, 1000, 1000
[[-4.4389120e-02  9.5697488e-01  2.8622368e-01  1.9900000e+00]
 [ 3.4682080e-02 -2.8470792e-01  9.5779108e-01  1.2897000e+02]
 [ 9.9825952e-01  5.2589720e-02 -2.0361040e-02 -1.1681100e+03]
 [ 0.0000000e+00  0.0000000e+00  0.0000000e+00  1.0000000e+00]]
[-0135.93, +0081.03, -1060.20]
1250, 1250, 1250
[[-4.3827600e-02  9.5707964e-01  2.8563928e-01  1.9700000e+00]
 [ 3.5203160e-02 -2.8401762e-01  9.5785936e-01  1.2905000e+02]
 [ 9.9817432e-01  5.2272160e-02 -2.0938980e-02 -1.1681000e+03]
 [ 0.0000000e+00  0.0000000e+00  0.0000000e+00  1.0000000e+00]]
[-0133.05, +0081.25, -1069.38]
1500, 1500, 1500
[[-4.4357940e-02  9.5735402e-01  2.8508030e-01  1.9300000e+00]
 [ 3.5248900e-02 -2.8356850e-01  9.5815330e-01  1.2910000e+02]
 [ 9.9827602e-01  5.2664140e-02 -2.1020200e-02 -1.1681200e+03]
 [ 0.0000000e+00  0.0000000e+00  0.0000000e+00  1.0000000e+00]]
[-0130.51, +0081.98, -1079.01]
1750, 1750, 1750
[[-4.4608420e-02  9.5743896e-01  2.8450736e-01  1.8800000e+00]
 [ 3.5885040e-02 -2.8288680e-01  9.5824068e-01  1.2920000e+02]
 [ 9.9817136e-01  5.3137320e-02 -2.1503380e-02 -1.1681300e+03]
 [ 0.0000000e+00  0.0000000e+00  0.0000000e+00  1.0000000e+00]]
[-0129.94, +0083.83, -1088.22]
2000, 2000, 2000
[[-4.4402820e-02  9.5779376e-01  2.8355868e-01  1.8300000e+00]
 [ 3.6428160e-02 -2.8197288e-01  9.5856796e-01  1.2929000e+02]
 [ 9.9822212e-01  5.3015640e-02 -2.2211700e-02 -1.1681400e+03]
 [ 0.0000000e+00  0.0000000e+00  0.0000000e+00  1.0000000e+00]]
[-0129.06, +0084.22, -1097.90]
2250, 2250, 2250
[[-4.4781480e-02  9.5807320e-01  2.8230676e-01  1.7700000e+00]
 [ 3.6963400e-02 -2.8061460e-01  9.5885720e-01  1.2947000e+02]
 [ 9.9811576e-01  5.3564600e-02 -2.2602120e-02 -1.1681700e+03]
 [ 0.0000000e+00  0.0000000e+00  0.0000000e+00  1.0000000e+00]]
[-0130.47, +0082.11, -1107.63]
2000, 2000, 2000
[[-4.4379880e-02  9.5756108e-01  2.8442088e-01  1.9000000e+00]
 [ 3.5939920e-02 -2.8288276e-01  9.5834508e-01  1.2918000e+02]
 [ 9.9826188e-01  5.2855920e-02 -2.1727880e-02 -1.1681400e+03]
 [ 0.0000000e+00  0.0000000e+00  0.0000000e+00  1.0000000e+00]]
[-0133.20, +0084.05, -1098.12]
1750, 1750, 1750
[[-4.4534800e-02  9.5749216e-01  2.8479688e-01  1.9100000e+00]
 [ 3.5158400e-02 -2.8334400e-01  9.5829920e-01  1.2916000e+02]
 [ 9.9833080e-01  5.2746880e-02 -2.0972560e-02 -1.1681400e+03]
 [ 0.0000000e+00  0.0000000e+00  0.0000000e+00  1.0000000e+00]]
[-0134.37, +0083.47, -1088.47]
1500, 1500, 1500
[[-4.3672200e-02  9.5726304e-01  2.8517472e-01  1.9300000e+00]
 [ 3.5870400e-02 -2.8355650e-01  9.5801770e-01  1.2909000e+02]
 [ 9.9819360e-01  5.2269220e-02 -2.1693940e-02 -1.1681100e+03]
 [ 0.0000000e+00  0.0000000e+00  0.0000000e+00  1.0000000e+00]]
[-0132.50, +0081.94, -1078.77]
1250, 1250, 1250
[[-4.3879560e-02  9.5707398e-01  2.8562954e-01  1.9700000e+00]
 [ 3.4807540e-02 -2.8402170e-01  9.5786502e-01  1.2904000e+02]
 [ 9.9817998e-01  5.2214540e-02 -2.0537700e-02 -1.1681100e+03]
 [ 0.0000000e+00  0.0000000e+00  0.0000000e+00  1.0000000e+00]]
[-0133.94, +0082.08, -1069.45]
1000, 1000, 1000
[[-4.4317060e-02  9.5691372e-01  2.8660184e-01  2.0100000e+00]
 [ 3.4069560e-02 -2.8516560e-01  9.5773668e-01  1.2894000e+02]
 [ 9.9833048e-01  5.2310760e-02 -1.9831300e-02 -1.1681300e+03]
 [ 0.0000000e+00  0.0000000e+00  0.0000000e+00  1.0000000e+00]]
[-0135.95, +0082.10, -1059.98]
750, 750, 750
[[-4.4157000e-02  9.5652302e-01  2.8770086e-01  2.0900000e+00]
 [ 3.1862420e-02 -2.8631970e-01  9.5738414e-01  1.2882000e+02]
 [ 9.9834506e-01  5.1607340e-02 -1.7619060e-02 -1.1681700e+03]
 [ 0.0000000e+00  0.0000000e+00  0.0000000e+00  1.0000000e+00]]
[-0137.34, +0082.06, -1050.18]
1000, 1000, 1000
[[-4.4670180e-02  9.5684724e-01  2.8629998e-01  1.9900000e+00]
 [ 3.4231960e-02 -2.8471656e-01  9.5769204e-01  1.2897000e+02]
 [ 9.9817458e-01  5.2813160e-02 -1.9735380e-02 -1.1681400e+03]
 [ 0.0000000e+00  0.0000000e+00  0.0000000e+00  1.0000000e+00]]
[-0135.38, +0080.99, -1060.08]
1250, 1250, 1250
[[-4.3474240e-02  9.5719800e-01  2.8553560e-01  1.9600000e+00]
 [ 3.4635600e-02 -2.8401762e-01  9.5796762e-01  1.2904000e+02]
 [ 9.9827800e-01  5.1706620e-02 -2.0585620e-02 -1.1681200e+03]
 [ 0.0000000e+00  0.0000000e+00  0.0000000e+00  1.0000000e+00]]
[-0132.87, +0081.61, -1069.45]
1500, 1500, 1500
[[-4.4233000e-02  9.5735046e-01  2.8506278e-01  1.9300000e+00]
 [ 3.4626660e-02 -2.8357266e-01  9.5815686e-01  1.2911000e+02]
 [ 9.9828938e-01  5.2380060e-02 -2.0442100e-02 -1.1681400e+03]
 [ 0.0000000e+00  0.0000000e+00  0.0000000e+00  1.0000000e+00]]
[-0130.82, +0082.88, -1078.91]
1750, 1750, 1750
[[-4.4608420e-02  9.5755324e-01  2.8441886e-01  1.8900000e+00]
 [ 3.5770760e-02 -2.8288680e-01  9.5835292e-01  1.2919000e+02]
 [ 9.9825986e-01  5.3025080e-02 -2.1503380e-02 -1.1681300e+03]
 [ 0.0000000e+00  0.0000000e+00  0.0000000e+00  1.0000000e+00]]
[-0129.73, +0083.88, -1088.22]
2000, 2000, 2000
[[-4.4351620e-02  9.5768556e-01  2.8365714e-01  1.8400000e+00]
 [ 3.6938040e-02 -2.8196900e-01  9.5844972e-01  1.2928000e+02]
 [ 9.9812754e-01  5.3185080e-02 -2.2613380e-02 -1.1681000e+03]
 [ 0.0000000e+00  0.0000000e+00  0.0000000e+00  1.0000000e+00]]
[-0129.03, +0084.29, -1097.91]
2250, 2250, 2250
[[-4.5187200e-02  9.5806320e-01  2.8231280e-01  1.7900000e+00]
 [ 3.7020320e-02 -2.8061856e-01  9.5886720e-01  1.2948000e+02]
 [ 9.9810576e-01  5.3960320e-02 -2.2555200e-02 -1.1681600e+03]
 [ 0.0000000e+00  0.0000000e+00  0.0000000e+00  1.0000000e+00]]
[-0130.56, +0082.17, -1107.65]
2000, 2000, 2000
[[-4.4682560e-02  9.5750016e-01  2.8412952e-01  1.8600000e+00]
 [ 3.6497280e-02 -2.8242976e-01  9.5829416e-01  1.2922000e+02]
 [ 9.9810024e-01  5.3415280e-02 -2.2034560e-02 -1.1681200e+03]
 [ 0.0000000e+00  0.0000000e+00  0.0000000e+00  1.0000000e+00]]
[-0133.05, +0084.07, -1098.24]
1750, 1750, 1750
[[-4.5346000e-02  9.5724360e-01  2.8498520e-01  1.8900000e+00]
 [ 3.5502000e-02 -2.8335248e-01  9.5809464e-01  1.2916000e+02]
 [ 9.9813400e-01  5.3762640e-02 -2.0877520e-02 -1.1681300e+03]
 [ 0.0000000e+00  0.0000000e+00  0.0000000e+00  1.0000000e+00]]
[-0134.65, +0083.34, -1088.44]
1500, 1500, 1500
[[-4.4056260e-02  9.5712388e-01  2.8523184e-01  1.9400000e+00]
 [ 3.4628760e-02 -2.8357266e-01  9.5793028e-01  1.2909000e+02]
 [ 9.9812032e-01  5.2377960e-02 -2.0265360e-02 -1.1681400e+03]
 [ 0.0000000e+00  0.0000000e+00  0.0000000e+00  1.0000000e+00]]
[-0132.36, +0082.04, -1078.65]
1250, 1250, 1250
[[-4.4389120e-02  9.5714144e-01  2.8572992e-01  1.9700000e+00]
 [ 3.4162240e-02 -2.8425888e-01  9.5796656e-01  1.2902000e+02]
 [ 9.9829568e-01  5.2414240e-02 -1.9912000e-02 -1.1681300e+03]
 [ 0.0000000e+00  0.0000000e+00  0.0000000e+00  1.0000000e+00]]
[-0133.79, +0082.22, -1069.47]
1000, 1000, 1000
[[-4.3454100e-02  9.5685038e-01  2.8648616e-01  1.9900000e+00]
 [ 3.4261300e-02 -2.8492834e-01  9.5763112e-01  1.2893000e+02]
 [ 9.9823000e-01  5.1658000e-02 -2.0104000e-02 -1.1681200e+03]
 [ 0.0000000e+00  0.0000000e+00  0.0000000e+00  1.0000000e+00]]
[-0135.82, +0082.41, -1059.96]
