2000, 800, 800
[[-5.8317780e-02  9.9777284e-01  2.7216600e-02  5.2000000e-01]
 [ 4.6026840e-02 -2.4394020e-02  9.9849320e-01  1.6190000e+02]
 [ 9.9708220e-01  5.9636400e-02 -4.4350800e-02 -1.1688700e+03]
 [ 0.0000000e+00  0.0000000e+00  0.0000000e+00  1.0000000e+00]]
[-0036.05, +0149.56, -1136.20]
2000, 1700, 1700
[[-5.896200e-02  9.976940e-01  2.555960e-02  4.000000e-01]
 [ 4.688200e-02 -2.257168e-02  9.984148e-01  1.620600e+02]
 [ 9.969196e-01  6.030520e-02 -4.520968e-02 -1.168870e+03]
 [ 0.000000e+00  0.000000e+00  0.000000e+00  1.000000e+00]]
[-0091.33, +0102.14, -1091.25]
2000, 1400, 1400
[[-5.8949160e-02  9.9767496e-01  2.6346920e-02  4.5000000e-01]
 [ 4.6506280e-02 -2.3383560e-02  9.9841416e-01  1.6199000e+02]
 [ 9.9693864e-01  6.0318680e-02 -4.4786760e-02 -1.1688700e+03]
 [ 0.0000000e+00  0.0000000e+00  0.0000000e+00  1.0000000e+00]]
[-0068.87, +0121.64, -1097.14]
2000, 1100, 1100
[[-5.8737220e-02  9.9777320e-01  2.6632120e-02  4.8000000e-01]
 [ 4.6214000e-02 -2.3788240e-02  9.9850820e-01  1.6191000e+02]
 [ 9.9705812e-01  6.0025000e-02 -4.4572020e-02 -1.1688700e+03]
 [ 0.0000000e+00  0.0000000e+00  0.0000000e+00  1.0000000e+00]]
[-0050.78, +0137.41, -1112.36]
