1220, 1220, 1220
[[-4.6606180e-02  9.2791848e-01  3.6921904e-01 -2.0350000e+01]
 [ 1.6395120e-02 -3.6863490e-01  9.2909724e-01  1.4420000e+02]
 [ 9.9854224e-01  4.9575960e-02  2.2872800e-03 -1.1710200e+03]
 [ 0.0000000e+00  0.0000000e+00  0.0000000e+00  1.0000000e+00]]
[-0158.39, +0104.44, -1071.82]
1186, 1030, 1400
[[-4.7008740e-02  9.2790862e-01  3.6922050e-01 -2.0370000e+01]
 [ 1.6470300e-02 -3.6864330e-01  9.2910710e-01  1.4420000e+02]
 [ 9.9853238e-01  4.9968660e-02  2.3526000e-03 -1.1710100e+03]
 [ 0.0000000e+00  0.0000000e+00  0.0000000e+00  1.0000000e+00]]
[-0175.93, +0135.77, -1078.23]
2248, 2048, 850
[[-4.1291400e-02  9.3037742e-01  3.6337986e-01 -2.0170000e+01]
 [ 1.7287740e-02 -3.6265860e-01  9.3130658e-01  1.4487000e+02]
 [ 9.9867322e-01  4.5040740e-02 -6.7284000e-04 -1.1712600e+03]
 [ 0.0000000e+00  0.0000000e+00  0.0000000e+00  1.0000000e+00]]
[-0081.25, +0066.25, -1140.34]
1847, 1693, 1418
[[-4.5945940e-02  9.2870238e-01  3.6736782e-01 -2.0390000e+01]
 [ 1.7843820e-02 -3.6672322e-01  9.2984862e-01  1.4442000e+02]
 [ 9.9856338e-01  4.9484820e-02  5.7628000e-04 -1.1710700e+03]
 [ 0.0000000e+00  0.0000000e+00  0.0000000e+00  1.0000000e+00]]
[-0126.48, +0097.48, -1091.40]
1030, 1567, 1421
[[-4.5836100e-02  9.2851334e-01  3.6781212e-01 -2.0350000e+01]
 [ 1.6719300e-02 -3.6720690e-01  9.2965420e-01  1.4432000e+02]
 [ 9.9857060e-01  4.8984120e-02  1.6293600e-03 -1.1710700e+03]
 [ 0.0000000e+00  0.0000000e+00  0.0000000e+00  1.0000000e+00]]
[-0197.09, +0075.41, -1094.70]
1275, 2127, 2219
[[-4.6996000e-02  9.3012552e-01  3.6347864e-01 -2.0570000e+01]
 [ 1.8048720e-02 -3.6277200e-01  9.3132504e-01  1.4476000e+02]
 [ 9.9846104e-01  5.0582640e-02  6.2576000e-04 -1.1710200e+03]
 [ 0.0000000e+00  0.0000000e+00  0.0000000e+00  1.0000000e+00]]
[-0213.81, +0085.95, -1135.89]
1701, 1623, 722
[[-4.5342600e-02  9.2833314e-01  3.6827998e-01 -2.0390000e+01]
 [ 1.6539100e-02 -3.6766650e-01  9.2945070e-01  1.4437000e+02]
 [ 9.9857850e-01  4.8473980e-02  1.6632600e-03 -1.1711600e+03]
 [ 0.0000000e+00  0.0000000e+00  0.0000000e+00  1.0000000e+00]]
[-0082.03, +0062.14, -1119.89]
