800, 750, 750
[[-8.1276200e-02  9.9539952e-01  4.3090440e-02 -8.4590000e+01]
 [ 2.4704520e-02 -4.0868200e-02  9.9851344e-01  1.5415000e+02]
 [ 9.9602544e-01  8.2578440e-02 -2.0904040e-02 -1.1746300e+03]
 [ 0.0000000e+00  0.0000000e+00  0.0000000e+00  1.0000000e+00]]
[-0200.46, +0079.70, -1056.81]
800, 938, 938
[[-8.2723060e-02  9.9536234e-01  4.2107840e-02 -8.4670000e+01]
 [ 2.4692260e-02 -3.9890580e-02  9.9859232e-01  1.5423000e+02]
 [ 9.9594656e-01  8.3965120e-02 -2.0953480e-02 -1.1746300e+03]
 [ 0.0000000e+00  0.0000000e+00  0.0000000e+00  1.0000000e+00]]
[-0219.80, +0063.18, -1065.34]
800, 1126, 1126
[[-8.2925800e-02  9.9546766e-01  4.1823980e-02 -8.4710000e+01]
 [ 2.4982540e-02 -3.9680680e-02  9.9869906e-01  1.5427000e+02]
 [ 9.9603262e-01  8.4071860e-02 -2.1366120e-02 -1.1746200e+03]
 [ 0.0000000e+00  0.0000000e+00  0.0000000e+00  1.0000000e+00]]
[-0232.57, +0047.64, -1077.74]
800, 1314, 1314
[[-8.271250e-02  9.954865e-01  4.143050e-02 -8.472000e+01]
 [ 2.516150e-02 -3.926100e-02  9.986965e-01  1.543000e+02]
 [ 9.960305e-01  8.387150e-02 -2.157250e-02 -1.174620e+03]
 [ 0.000000e+00  0.000000e+00  0.000000e+00  1.000000e+00]]
[-0243.45, +0035.94, -1093.45]
800, 1502, 1502
[[-8.2496160e-02  9.9540520e-01  4.1156880e-02 -8.4750000e+01]
 [ 2.5844880e-02 -3.8829600e-02  9.9859016e-01  1.5433000e+02]
 [ 9.9592040e-01  8.3778000e-02 -2.2183200e-02 -1.1746000e+03]
 [ 0.0000000e+00  0.0000000e+00  0.0000000e+00  1.0000000e+00]]
[-0251.88, +0027.13, -1112.08]
800, 1690, 1690
[[-8.3325480e-02  9.9548454e-01  4.0663780e-02 -8.4780000e+01]
 [ 2.5739260e-02 -3.8445960e-02  9.9873054e-01  1.5436000e+02]
 [ 9.9598218e-01  8.4473260e-02 -2.2209480e-02 -1.1746200e+03]
 [ 0.0000000e+00  0.0000000e+00  0.0000000e+00  1.0000000e+00]]
[-0257.27, +0021.62, -1131.87]
800, 1878, 1878
[[-8.3526100e-02  9.9549426e-01  3.9875620e-02 -8.4870000e+01]
 [ 2.5909260e-02 -3.7631240e-02  9.9875226e-01  1.5444000e+02]
 [ 9.9595562e-01  8.4667260e-02 -2.2434100e-02 -1.1746200e+03]
 [ 0.0000000e+00  0.0000000e+00  0.0000000e+00  1.0000000e+00]]
[-0258.20, +0017.38, -1152.82]
800, 2066, 2066
[[-8.2468160e-02  9.9568968e-01  3.7163280e-02 -8.4880000e+01]
 [ 2.5676880e-02 -3.4955860e-02  9.9885798e-01  1.5462000e+02]
 [ 9.9605208e-01  8.3538180e-02 -2.2471060e-02 -1.1746600e+03]
 [ 0.0000000e+00  0.0000000e+00  0.0000000e+00  1.0000000e+00]]
[-0254.24, +0017.71, -1162.32]
1220, 750, 750
[[-8.1482260e-02  9.9549284e-01  4.3621880e-02 -8.4540000e+01]
 [ 2.5427480e-02 -4.1462500e-02  9.9859864e-01  1.5415000e+02]
 [ 9.9612364e-01  8.2703120e-02 -2.1704400e-02 -1.1746200e+03]
 [ 0.0000000e+00  0.0000000e+00  0.0000000e+00  1.0000000e+00]]
[-0159.47, +0115.38, -1073.88]
1220, 938, 938
[[-8.1898260e-02  9.9558700e-01  4.2899500e-02 -8.4620000e+01]
 [ 2.4707000e-02 -4.0880080e-02  9.9873388e-01  1.5423000e+02]
 [ 9.9620450e-01  8.2983880e-02 -2.1118180e-02 -1.1746200e+03]
 [ 0.0000000e+00  0.0000000e+00  0.0000000e+00  1.0000000e+00]]
[-0178.36, +0098.68, -1070.31]
1220, 1126, 1126
[[-8.2303300e-02  9.9548680e-01  4.2224800e-02 -8.4650000e+01]
 [ 2.5186640e-02 -4.0064400e-02  9.9866348e-01  1.5426000e+02]
 [ 9.9606352e-01  8.3481400e-02 -2.1547060e-02 -1.1746000e+03]
 [ 0.0000000e+00  0.0000000e+00  0.0000000e+00  1.0000000e+00]]
[-0193.97, +0083.03, -1072.20]
1220, 1314, 1314
[[-8.2509600e-02  9.9548260e-01  4.2027400e-02 -8.4670000e+01]
 [ 2.5182440e-02 -3.9866500e-02  9.9867592e-01  1.5429000e+02]
 [ 9.9605108e-01  8.3678800e-02 -2.1555460e-02 -1.1746100e+03]
 [ 0.0000000e+00  0.0000000e+00  0.0000000e+00  1.0000000e+00]]
[-0208.61, +0069.57, -1078.10]
1220, 1502, 1502
[[-8.2509600e-02  9.9558928e-01  4.1716160e-02 -8.4690000e+01]
 [ 2.4869440e-02 -3.9668640e-02  9.9878128e-01  1.5432000e+02]
 [ 9.9615248e-01  8.3573440e-02 -2.1357600e-02 -1.1746300e+03]
 [ 0.0000000e+00  0.0000000e+00  0.0000000e+00  1.0000000e+00]]
[-0222.00, +0056.70, -1087.93]
1220, 1690, 1690
[[-8.2502720e-02  9.9549552e-01  4.1644560e-02 -8.4720000e+01]
 [ 2.5565280e-02 -3.9446900e-02  9.9867936e-01  1.5434000e+02]
 [ 9.9603816e-01  8.3682240e-02 -2.1968180e-02 -1.1746100e+03]
 [ 0.0000000e+00  0.0000000e+00  0.0000000e+00  1.0000000e+00]]
[-0234.27, +0047.29, -1101.05]
1220, 1878, 1878
[[-8.3122100e-02  9.9548418e-01  4.0844340e-02 -8.4790000e+01]
 [ 2.5344180e-02 -3.8655700e-02  9.9872294e-01  1.5440000e+02]
 [ 9.9599934e-01  8.4267940e-02 -2.1796360e-02 -1.1746400e+03]
 [ 0.0000000e+00  0.0000000e+00  0.0000000e+00  1.0000000e+00]]
[-0243.16, +0036.25, -1118.66]
1220, 2066, 2066
[[-8.3322400e-02  9.9549396e-01  4.0056120e-02 -8.4850000e+01]
 [ 2.5514280e-02 -3.7840900e-02  9.9874476e-01  1.5446000e+02]
 [ 9.9597276e-01  8.4462120e-02 -2.2020740e-02 -1.1746400e+03]
 [ 0.0000000e+00  0.0000000e+00  0.0000000e+00  1.0000000e+00]]
[-0246.48, +0030.38, -1135.84]
2000, 750, 750
[[-8.2100680e-02  9.9548078e-01  4.3029740e-02 -8.4640000e+01]
 [ 2.5415420e-02 -4.0868200e-02  9.9863614e-01  1.5422000e+02]
 [ 9.9608614e-01  8.3295260e-02 -2.1728520e-02 -1.1746500e+03]
 [ 0.0000000e+00  0.0000000e+00  0.0000000e+00  1.0000000e+00]]
[-0119.58, +0144.54, -1149.12]
2000, 938, 938
[[-8.2499400e-02  9.9549706e-01  4.2077380e-02 -8.4720000e+01]
 [ 2.6380940e-02 -3.9830980e-02  9.9866146e-01  1.5431000e+02]
 [ 9.9603662e-01  8.3703460e-02 -2.2768420e-02 -1.1746200e+03]
 [ 0.0000000e+00  0.0000000e+00  0.0000000e+00  1.0000000e+00]]
[-0127.88, +0137.79, -1131.91]
2000, 1126, 1126
[[-8.2296340e-02  9.9539488e-01  4.1945100e-02 -8.4740000e+01]
 [ 2.5674400e-02 -3.9644800e-02  9.9856800e-01  1.5434000e+02]
 [ 9.9594738e-01  8.3583840e-02 -2.1959700e-02 -1.1746500e+03]
 [ 0.0000000e+00  0.0000000e+00  0.0000000e+00  1.0000000e+00]]
[-0137.26, +0129.49, -1118.67]
2000, 1314, 1314
[[-8.2493000e-02  9.9551022e-01  4.1694540e-02 -8.4770000e+01]
 [ 2.6763780e-02 -3.9411620e-02  9.9866466e-01  1.5436000e+02]
 [ 9.9602346e-01  8.3706660e-02 -2.3181380e-02 -1.1745900e+03]
 [ 0.0000000e+00  0.0000000e+00  0.0000000e+00  1.0000000e+00]]
[-0148.82, +0120.03, -1108.76]
2000, 1502, 1502
[[-8.3115780e-02  9.9538590e-01  4.1397480e-02 -8.4780000e+01]
 [ 2.6664300e-02 -3.9027460e-02  9.9860140e-01  1.5439000e+02]
 [ 9.9588948e-01  8.4395800e-02 -2.3000680e-02 -1.1746100e+03]
 [ 0.0000000e+00  0.0000000e+00  0.0000000e+00  1.0000000e+00]]
[-0161.98, +0110.05, -1102.38]
2000, 1690, 1690
[[-8.2484000e-02  9.9553140e-01  4.0912200e-02 -8.4810000e+01]
 [ 2.7129960e-02 -3.8584900e-02  9.9867572e-01  1.5443000e+02]
 [ 9.9600228e-01  8.3704600e-02 -2.3603140e-02 -1.1745900e+03]
 [ 0.0000000e+00  0.0000000e+00  0.0000000e+00  1.0000000e+00]]
[-0174.22, +0096.72, -1099.63]
2000, 1878, 1878
[[-8.3526100e-02  9.9548988e-01  4.0500160e-02 -8.4850000e+01]
 [ 2.6533800e-02 -3.8224340e-02  9.9873312e-01  1.5446000e+02]
 [ 9.9596000e-01  8.4686400e-02 -2.3027200e-02 -1.1746100e+03]
 [ 0.0000000e+00  0.0000000e+00  0.0000000e+00  1.0000000e+00]]
[-0190.81, +0085.64, -1101.34]
2000, 2066, 2066
[[-8.2478400e-02  9.9554720e-01  4.0113200e-02 -8.4860000e+01]
 [ 2.7096640e-02 -3.7770100e-02  9.9869152e-01  1.5449000e+02]
 [ 9.9598648e-01  8.3694400e-02 -2.3620660e-02 -1.1745900e+03]
 [ 0.0000000e+00  0.0000000e+00  0.0000000e+00  1.0000000e+00]]
[-0203.49, +0073.34, -1106.78]
750, 800, 750
[[-8.1700000e-02  9.9546900e-01  4.3999000e-02 -8.4490000e+01]
 [ 2.4849000e-02 -4.1894180e-02  9.9860532e-01  1.5411000e+02]
 [ 9.9613100e-01  8.2894680e-02 -2.1094180e-02 -1.1746100e+03]
 [ 0.0000000e+00  0.0000000e+00  0.0000000e+00  1.0000000e+00]]
[-0203.10, +0068.82, -1057.26]
938, 800, 938
[[-8.1898260e-02  9.9558510e-01  4.3107520e-02 -8.4600000e+01]
 [ 2.4915020e-02 -4.1078100e-02  9.9872736e-01  1.5418000e+02]
 [ 9.9620640e-01  8.2990400e-02 -2.1316200e-02 -1.1746100e+03]
 [ 0.0000000e+00  0.0000000e+00  0.0000000e+00  1.0000000e+00]]
[-0209.47, +0094.64, -1064.27]
1126, 800, 1126
[[-8.2100680e-02  9.9548262e-01  4.2821700e-02 -8.4640000e+01]
 [ 2.5207380e-02 -4.0670180e-02  9.9864270e-01  1.5420000e+02]
 [ 9.9608430e-01  8.3288700e-02 -2.1530500e-02 -1.1746200e+03]
 [ 0.0000000e+00  0.0000000e+00  0.0000000e+00  1.0000000e+00]]
[-0210.64, +0115.35, -1075.05]
1314, 800, 1314
[[-8.2299780e-02  9.9548806e-01  4.2657540e-02 -8.4670000e+01]
 [ 2.6002260e-02 -4.0448520e-02  9.9864562e-01  1.5423000e+02]
 [ 9.9606226e-01  8.3502780e-02 -2.2347300e-02 -1.1745900e+03]
 [ 0.0000000e+00  0.0000000e+00  0.0000000e+00  1.0000000e+00]]
[-0211.32, +0132.78, -1089.97]
1502, 800, 1502
[[-8.2506120e-02  9.9538072e-01  4.2355320e-02 -8.4720000e+01]
 [ 2.5894920e-02 -4.0052520e-02  9.9856568e-01  1.5426000e+02]
 [ 9.9594488e-01  8.3792520e-02 -2.2157640e-02 -1.1746000e+03]
 [ 0.0000000e+00  0.0000000e+00  0.0000000e+00  1.0000000e+00]]
[-0212.27, +0146.68, -1108.50]
1690, 800, 1690
[[-8.2709140e-02  9.9538138e-01  4.2174720e-02 -8.4770000e+01]
 [ 2.6290180e-02 -3.9842740e-02  9.9857328e-01  1.5429000e+02]
 [ 9.9592752e-01  8.3998080e-02 -2.2570440e-02 -1.1745900e+03]
 [ 0.0000000e+00  0.0000000e+00  0.0000000e+00  1.0000000e+00]]
[-0213.02, +0155.92, -1128.48]
1878, 800, 1878
[[-8.3115780e-02  9.9538590e-01  4.1397480e-02 -8.4850000e+01]
 [ 2.6664300e-02 -3.9027460e-02  9.9860140e-01  1.5433000e+02]
 [ 9.9588948e-01  8.4395800e-02 -2.3000680e-02 -1.1745700e+03]
 [ 0.0000000e+00  0.0000000e+00  0.0000000e+00  1.0000000e+00]]
[-0212.58, +0159.66, -1147.36]
2066, 800, 2066
[[-8.9755300e-02  9.9496278e-01  4.1902160e-02 -8.5510000e+01]
 [ 3.1797180e-02 -3.9075300e-02  9.9861696e-01  1.5446000e+02]
 [ 9.9533696e-01  9.1082160e-02 -2.8009960e-02 -1.1743600e+03]
 [ 0.0000000e+00  0.0000000e+00  0.0000000e+00  1.0000000e+00]]
[-0212.76, +0157.89, -1156.44]
750, 1220, 750
[[-8.1708160e-02  9.9534656e-01  4.4900960e-02 -8.4490000e+01]
 [ 2.4987040e-02 -4.2710580e-02  9.9848882e-01  1.5412000e+02]
 [ 9.9604544e-01  8.3003020e-02 -2.1078580e-02 -1.1746000e+03]
 [ 0.0000000e+00  0.0000000e+00  0.0000000e+00  1.0000000e+00]]
[-0190.41, +0019.59, -1076.54]
938, 1220, 938
[[-8.1910020e-02  9.9545642e-01  4.4201060e-02 -8.4600000e+01]
 [ 2.4861580e-02 -4.2104200e-02  9.9860926e-01  1.5419000e+02]
 [ 9.9612706e-01  8.3096740e-02 -2.1094180e-02 -1.1745900e+03]
 [ 0.0000000e+00  0.0000000e+00  0.0000000e+00  1.0000000e+00]]
[-0196.23, +0044.01, -1071.65]
1126, 1220, 1126
[[-8.2730500e-02  9.9544120e-01  4.3844200e-02 -8.4640000e+01]
 [ 2.5661200e-02 -4.1696080e-02  9.9864172e-01  1.5422000e+02]
 [ 9.9607580e-01  8.3908280e-02 -2.1926580e-02 -1.1745900e+03]
 [ 0.0000000e+00  0.0000000e+00  0.0000000e+00  1.0000000e+00]]
[-0199.96, +0065.48, -1072.68]
1314, 1220, 1314
[[-8.3349280e-02  9.9532016e-01  4.3771600e-02 -8.4680000e+01]
 [ 2.6170160e-02 -4.1498020e-02  9.9856730e-01  1.5424000e+02]
 [ 9.9593840e-01  8.4612700e-02 -2.2347300e-02 -1.1745600e+03]
 [ 0.0000000e+00  0.0000000e+00  0.0000000e+00  1.0000000e+00]]
[-0202.48, +0086.60, -1077.68]
1502, 1220, 1502
[[-8.3353000e-02  9.9542222e-01  4.3443460e-02 -8.4700000e+01]
 [ 2.5457500e-02 -4.1312040e-02  9.9867778e-01  1.5427000e+02]
 [ 9.9604450e-01  8.4498500e-02 -2.1745000e-02 -1.1746100e+03]
 [ 0.0000000e+00  0.0000000e+00  0.0000000e+00  1.0000000e+00]]
[-0205.79, +0105.78, -1086.95]
1690, 1220, 1690
[[-8.3968420e-02  9.9530934e-01  4.2971480e-02 -8.4760000e+01]
 [ 2.5949340e-02 -4.0706180e-02  9.9861204e-01  1.5430000e+02]
 [ 9.9589852e-01  8.5197960e-02 -2.2174600e-02 -1.1746200e+03]
 [ 0.0000000e+00  0.0000000e+00  0.0000000e+00  1.0000000e+00]]
[-0206.94, +0122.26, -1099.36]
1878, 1220, 1878
[[-8.3972020e-02  9.9541138e-01  4.2643100e-02 -8.4840000e+01]
 [ 2.5236620e-02 -4.0520520e-02  9.9872230e-01  1.5434000e+02]
 [ 9.9600470e-01  8.5084100e-02 -2.1572500e-02 -1.1746200e+03]
 [ 0.0000000e+00  0.0000000e+00  0.0000000e+00  1.0000000e+00]]
[-0209.39, +0135.84, -1116.05]
2066, 1220, 2066
[[-8.4364980e-02  9.9533052e-01  4.2037260e-02 -8.4950000e+01]
 [ 2.7313320e-02 -3.9656680e-02  9.9863236e-01  1.5441000e+02]
 [ 9.9584334e-01  8.5614040e-02 -2.3620660e-02 -1.1745700e+03]
 [ 0.0000000e+00  0.0000000e+00  0.0000000e+00  1.0000000e+00]]
[-0210.16, +0141.48, -1131.26]
750, 2000, 750
[[-8.2322100e-02  9.9544648e-01  4.4014240e-02 -8.4480000e+01]
 [ 2.5061680e-02 -4.1906100e-02  9.9862784e-01  1.5423000e+02]
 [ 9.9610384e-01  8.3498240e-02 -2.1308160e-02 -1.1746000e+03]
 [ 0.0000000e+00  0.0000000e+00  0.0000000e+00  1.0000000e+00]]
[-0172.54, -0021.05, -1151.09]
938, 2000, 938
[[-8.252052e-02  9.953526e-01  4.332900e-02 -8.460000e+01]
 [ 2.533740e-02 -4.109002e-02  9.985519e-01  1.543000e+02]
 [ 9.959730e-01  8.379190e-02 -2.153050e-02 -1.174620e+03]
 [ 0.000000e+00  0.000000e+00  0.000000e+00  1.000000e+00]]
[-0176.53, -0011.64, -1134.23]
1126, 2000, 1126
[[-8.2513160e-02  9.9546894e-01  4.3051140e-02 -8.4630000e+01]
 [ 2.5823340e-02 -4.0868200e-02  9.9864798e-01  1.5432000e+02]
 [ 9.9606474e-01  8.3703180e-02 -2.2141000e-02 -1.1746100e+03]
 [ 0.0000000e+00  0.0000000e+00  0.0000000e+00  1.0000000e+00]]
[-0179.60, -0000.11, -1121.03]
1314, 2000, 1314
[[-8.3135700e-02  9.9534310e-01  4.2961800e-02 -8.4660000e+01]
 [ 2.5932540e-02 -4.0682100e-02  9.9857828e-01  1.5433000e+02]
 [ 9.9593228e-01  8.4399000e-02 -2.2157640e-02 -1.1746000e+03]
 [ 0.0000000e+00  0.0000000e+00  0.0000000e+00  1.0000000e+00]]
[-0182.61, +0015.05, -1109.56]
1502, 2000, 1502
[[-8.2712500e-02  9.9547630e-01  4.2679100e-02 -8.4710000e+01]
 [ 2.6410100e-02 -4.0448520e-02  9.9865738e-01  1.5436000e+02]
 [ 9.9604070e-01  8.3910620e-02 -2.2760020e-02 -1.1745800e+03]
 [ 0.0000000e+00  0.0000000e+00  0.0000000e+00  1.0000000e+00]]
[-0187.07, +0032.34, -1102.31]
1690, 2000, 1690
[[-8.2922320e-02  9.9536400e-01  4.2360160e-02 -8.4760000e+01]
 [ 2.5903200e-02 -4.0064400e-02  9.9858240e-01  1.5439000e+02]
 [ 9.9592816e-01  8.4192000e-02 -2.2166080e-02 -1.1746200e+03]
 [ 0.0000000e+00  0.0000000e+00  0.0000000e+00  1.0000000e+00]]
[-0191.36, +0050.02, -1099.67]
1878, 2000, 1878
[[-8.4161440e-02  9.9543636e-01  4.1905880e-02 -8.4830000e+01]
 [ 2.6605080e-02 -3.9668640e-02  9.9873036e-01  1.5442000e+02]
 [ 9.9596276e-01  8.5303080e-02 -2.3009440e-02 -1.1746000e+03]
 [ 0.0000000e+00  0.0000000e+00  0.0000000e+00  1.0000000e+00]]
[-0196.14, +0068.27, -1101.43]
2066, 2000, 2066
[[-8.4149280e-02  9.9546124e-01  4.1349080e-02 -8.4900000e+01]
 [ 2.7578360e-02 -3.9027460e-02  9.9872984e-01  1.5447000e+02]
 [ 9.9593788e-01  8.5315760e-02 -2.4034180e-02 -1.1745800e+03]
 [ 0.0000000e+00  0.0000000e+00  0.0000000e+00  1.0000000e+00]]
[-0200.06, +0084.61, -1106.64]
750, 750, 800
[[-8.1300680e-02  9.9545250e-01  4.5384420e-02 -8.4450000e+01]
 [ 2.4698100e-02 -4.3317160e-02  9.9856050e-01  1.5405000e+02]
 [ 9.9618042e-01  8.2506900e-02 -2.0857480e-02 -1.1746200e+03]
 [ 0.0000000e+00  0.0000000e+00  0.0000000e+00  1.0000000e+00]]
[-0210.78, +0077.15, -1058.02]
938, 938, 800
[[-8.2540320e-02  9.9541636e-01  4.5015320e-02 -8.4530000e+01]
 [ 2.5107640e-02 -4.2932640e-02  9.9861436e-01  1.5413000e+02]
 [ 9.9611732e-01  8.3709640e-02 -2.1292320e-02 -1.1746000e+03]
 [ 0.0000000e+00  0.0000000e+00  0.0000000e+00  1.0000000e+00]]
[-0185.03, +0069.22, -1061.98]
1126, 1126, 800
[[-8.253216e-02  9.953268e-01  4.452744e-02 -8.456000e+01]
 [ 2.538744e-02 -4.231426e-02  9.985261e-01  1.541700e+02]
 [ 9.959988e-01  8.380606e-02 -2.150626e-02 -1.174610e+03]
 [ 0.000000e+00  0.000000e+00  0.000000e+00  1.000000e+00]]
[-0163.83, +0063.44, -1070.72]
1314, 1314, 800
[[-8.2318180e-02  9.9544924e-01  4.4238920e-02 -8.4580000e+01]
 [ 2.5669240e-02 -4.2092320e-02  9.9861644e-01  1.5421000e+02]
 [ 9.9610108e-01  8.3513560e-02 -2.1910500e-02 -1.1745900e+03]
 [ 0.0000000e+00  0.0000000e+00  0.0000000e+00  1.0000000e+00]]
[-0145.18, +0060.28, -1083.32]
1502, 1502, 800
[[-8.2933000e-02  9.9544010e-01  4.3871700e-02 -8.4610000e+01]
 [ 2.6264740e-02 -4.1684200e-02  9.9864282e-01  1.5426000e+02]
 [ 9.9606018e-01  8.4120900e-02 -2.2537160e-02 -1.1745900e+03]
 [ 0.0000000e+00  0.0000000e+00  0.0000000e+00  1.0000000e+00]]
[-0129.85, +0057.10, -1099.04]
1690, 1690, 800
[[-8.3349280e-02  9.9542700e-01  4.3460280e-02 -8.4630000e+01]
 [ 2.5857000e-02 -4.1300000e-02  9.9867300e-01  1.5431000e+02]
 [ 9.9603972e-01  8.4507000e-02 -2.2149280e-02 -1.1746100e+03]
 [ 0.0000000e+00  0.0000000e+00  0.0000000e+00  1.0000000e+00]]
[-0118.43, +0054.48, -1116.99]
1878, 1878, 800
[[-8.2499400e-02  9.9538728e-01  4.2804840e-02 -8.4650000e+01]
 [ 2.7110040e-02 -4.0425160e-02  9.9854248e-01  1.5438000e+02]
 [ 9.9593832e-01  8.3822440e-02 -2.3362600e-02 -1.1746000e+03]
 [ 0.0000000e+00  0.0000000e+00  0.0000000e+00  1.0000000e+00]]
[-0114.00, +0052.15, -1134.66]
2066, 2066, 800
[[-8.2658740e-02  9.9572452e-01  3.7515580e-02 -8.4670000e+01]
 [ 2.9284520e-02 -3.5061840e-02  9.9881588e-01  1.5492000e+02]
 [ 9.9600058e-01  8.3805880e-02 -2.6113540e-02 -1.1747000e+03]
 [ 0.0000000e+00  0.0000000e+00  0.0000000e+00  1.0000000e+00]]
[-0114.75, +0050.89, -1143.60]
750, 750, 1220
[[-8.1894500e-02  9.9538362e-01  4.2914160e-02 -8.4580000e+01]
 [ 2.5108380e-02 -4.0670180e-02  9.9853776e-01  1.5418000e+02]
 [ 9.9599184e-01  8.3183760e-02 -2.1324320e-02 -1.1746100e+03]
 [ 0.0000000e+00  0.0000000e+00  0.0000000e+00  1.0000000e+00]]
[-0257.44, +0092.46, -1083.59]
938, 938, 1220
[[-8.2303300e-02  9.9548680e-01  4.2224800e-02 -8.4650000e+01]
 [ 2.5186640e-02 -4.0064400e-02  9.9866348e-01  1.5424000e+02]
 [ 9.9606352e-01  8.3481400e-02 -2.1547060e-02 -1.1746200e+03]
 [ 0.0000000e+00  0.0000000e+00  0.0000000e+00  1.0000000e+00]]
[-0234.46, +0084.39, -1075.53]
1126, 1126, 1220
[[-8.2922320e-02  9.9547064e-01  4.2048840e-02 -8.4680000e+01]
 [ 2.5590160e-02 -3.9866500e-02  9.9868788e-01  1.5428000e+02]
 [ 9.9602964e-01  8.4086520e-02 -2.1968180e-02 -1.1746300e+03]
 [ 0.0000000e+00  0.0000000e+00  0.0000000e+00  1.0000000e+00]]
[-0212.25, +0078.58, -1073.81]
1314, 1314, 1220
[[-8.2506120e-02  9.9548906e-01  4.1835980e-02 -8.4690000e+01]
 [ 2.5373860e-02 -3.9656680e-02  9.9867766e-01  1.5431000e+02]
 [ 9.9604462e-01  8.3680540e-02 -2.1761800e-02 -1.1746200e+03]
 [ 0.0000000e+00  0.0000000e+00  0.0000000e+00  1.0000000e+00]]
[-0190.78, +0073.99, -1076.73]
1502, 1502, 1220
[[-8.2709140e-02  9.9548958e-01  4.1655300e-02 -8.4720000e+01]
 [ 2.5769100e-02 -3.9446900e-02  9.9868530e-01  1.5435000e+02]
 [ 9.9602742e-01  8.3886060e-02 -2.2174600e-02 -1.1746300e+03]
 [ 0.0000000e+00  0.0000000e+00  0.0000000e+00  1.0000000e+00]]
[-0170.84, +0069.92, -1083.79]
1690, 1690, 1220
[[-8.2705860e-02  9.9560092e-01  4.1360660e-02 -8.4750000e+01]
 [ 2.5855640e-02 -3.9237160e-02  9.9878588e-01  1.5439000e+02]
 [ 9.9612418e-01  8.3788760e-02 -2.2381060e-02 -1.1746200e+03]
 [ 0.0000000e+00  0.0000000e+00  0.0000000e+00  1.0000000e+00]]
[-0153.45, +0066.05, -1094.08]
1878, 1878, 1220
[[-8.3109780e-02  9.9550524e-01  4.0703320e-02 -8.4780000e+01]
 [ 2.6734040e-02 -3.8410320e-02  9.9870984e-01  1.5445000e+02]
 [ 9.9597828e-01  8.4293360e-02 -2.3216100e-02 -1.1746300e+03]
 [ 0.0000000e+00  0.0000000e+00  0.0000000e+00  1.0000000e+00]]
[-0138.74, +0060.59, -1108.37]
2066, 2066, 1220
[[-8.3098740e-02  9.9552986e-01  4.0146020e-02 -8.4810000e+01]
 [ 2.7707620e-02 -3.7770100e-02  9.9870886e-01  1.5455000e+02]
 [ 9.9595366e-01  8.4305380e-02 -2.4241000e-02 -1.1746300e+03]
 [ 0.0000000e+00  0.0000000e+00  0.0000000e+00  1.0000000e+00]]
[-0133.79, +0057.71, -1121.18]
750, 750, 2000
[[-8.2929360e-02  9.9545944e-01  4.2223480e-02 -8.4690000e+01]
 [ 2.4999280e-02 -4.0088400e-02  9.9869084e-01  1.5420000e+02]
 [ 9.9604084e-01  8.4076520e-02 -2.1357600e-02 -1.1746100e+03]
 [ 0.0000000e+00  0.0000000e+00  0.0000000e+00  1.0000000e+00]]
[-0288.66, +0105.74, -1166.07]
938, 938, 2000
[[-8.2922320e-02  9.9547408e-01  4.1632600e-02 -8.4770000e+01]
 [ 2.5173920e-02 -3.9470820e-02  9.9870080e-01  1.5428000e+02]
 [ 9.9602620e-01  8.4073600e-02 -2.1572500e-02 -1.1746100e+03]
 [ 0.0000000e+00  0.0000000e+00  0.0000000e+00  1.0000000e+00]]
[-0281.87, +0102.18, -1147.54]
1126, 1126, 2000
[[-8.2493000e-02  9.9540852e-01  4.1381640e-02 -8.4790000e+01]
 [ 2.6452440e-02 -3.9015700e-02  9.9857878e-01  1.5431000e+02]
 [ 9.9591708e-01  8.3792540e-02 -2.2785460e-02 -1.1745700e+03]
 [ 0.0000000e+00  0.0000000e+00  0.0000000e+00  1.0000000e+00]]
[-0272.13, +0098.68, -1132.08]
1314, 1314, 2000
[[-8.3328640e-02  9.9547656e-01  4.1063280e-02 -8.4800000e+01]
 [ 2.5756080e-02 -3.8853440e-02  9.9872256e-01  1.5434000e+02]
 [ 9.9599016e-01  8.4478080e-02 -2.2200640e-02 -1.1746100e+03]
 [ 0.0000000e+00  0.0000000e+00  0.0000000e+00  1.0000000e+00]]
[-0258.69, +0096.37, -1119.18]
1502, 1502, 2000
[[-8.2909200e-02  9.9539492e-01  4.0970360e-02 -8.4830000e+01]
 [ 2.6044280e-02 -3.8631780e-02  9.9860846e-01  1.5439000e+02]
 [ 9.9589724e-01  8.4179060e-02 -2.2398420e-02 -1.1746200e+03]
 [ 0.0000000e+00  0.0000000e+00  0.0000000e+00  1.0000000e+00]]
[-0243.07, +0092.92, -1109.86]
1690, 1690, 2000
[[-8.3316480e-02  9.9539600e-01  4.0609440e-02 -8.4860000e+01]
 [ 2.6834400e-02 -3.8212500e-02  9.9862330e-01  1.5443000e+02]
 [ 9.9586256e-01  8.4589500e-02 -2.3224980e-02 -1.1746100e+03]
 [ 0.0000000e+00  0.0000000e+00  0.0000000e+00  1.0000000e+00]]
[-0226.52, +0088.93, -1104.58]
1878, 1878, 2000
[[-8.2897360e-02  9.9562880e-01  4.0206320e-02 -8.4870000e+01]
 [ 2.6808320e-02 -3.7991200e-02  9.9880576e-01  1.5447000e+02]
 [ 9.9607960e-01  8.3993600e-02 -2.3422800e-02 -1.1746000e+03]
 [ 0.0000000e+00  0.0000000e+00  0.0000000e+00  1.0000000e+00]]
[-0208.63, +0082.38, -1102.99]
2066, 2066, 2000
[[-8.3928900e-02  9.9550392e-01  3.9756960e-02 -8.4920000e+01]
 [ 2.7706320e-02 -3.7386100e-02  9.9875036e-01  1.5454000e+02]
 [ 9.9591216e-01  8.5099160e-02 -2.4268240e-02 -1.1746000e+03]
 [ 0.0000000e+00  0.0000000e+00  0.0000000e+00  1.0000000e+00]]
[-0192.08, +0076.18, -1105.74]
2000, 1878, 1878
[[-8.3948500e-02  9.9556498e-01  4.0784360e-02 -8.4820000e+01]
 [ 2.6054260e-02 -3.8655700e-02  9.9884588e-01  1.5441000e+02]
 [ 9.9605932e-01  8.4984040e-02 -2.2622760e-02 -1.1746400e+03]
 [ 0.0000000e+00  0.0000000e+00  0.0000000e+00  1.0000000e+00]]
[-0188.76, +0087.17, -1101.00]
2000, 1690, 1690
[[-8.3535220e-02  9.9547056e-01  4.1074120e-02 -8.4800000e+01]
 [ 2.5959840e-02 -3.8853440e-02  9.9872856e-01  1.5438000e+02]
 [ 9.9597932e-01  8.4681840e-02 -2.2407220e-02 -1.1746300e+03]
 [ 0.0000000e+00  0.0000000e+00  0.0000000e+00  1.0000000e+00]]
[-0176.35, +0099.48, -1099.52]
2000, 1502, 1502
[[-8.3328640e-02  9.9536848e-01  4.1582880e-02 -8.4770000e+01]
 [ 2.6277280e-02 -3.9249040e-02  9.9861072e-01  1.5436000e+02]
 [ 9.9589008e-01  8.4589920e-02 -2.2596240e-02 -1.1746100e+03]
 [ 0.0000000e+00  0.0000000e+00  0.0000000e+00  1.0000000e+00]]
[-0162.03, +0108.91, -1101.56]
2000, 1314, 1314
[[-8.3335200e-02  9.9546204e-01  4.1654120e-02 -8.4750000e+01]
 [ 2.5581560e-02 -3.9470820e-02  9.9871284e-01  1.5433000e+02]
 [ 9.9600468e-01  8.4481240e-02 -2.1985380e-02 -1.1746500e+03]
 [ 0.0000000e+00  0.0000000e+00  0.0000000e+00  1.0000000e+00]]
[-0150.32, +0120.12, -1107.56]
2000, 1126, 1126
[[-8.3128740e-02  9.9535974e-01  4.2162840e-02 -8.4720000e+01]
 [ 2.5898940e-02 -3.9866500e-02  9.9859492e-01  1.5430000e+02]
 [ 9.9591564e-01  8.4389320e-02 -2.2174600e-02 -1.1746400e+03]
 [ 0.0000000e+00  0.0000000e+00  0.0000000e+00  1.0000000e+00]]
[-0138.53, +0129.08, -1116.98]
2000, 938, 938
[[-8.3342080e-02  9.9534064e-01  4.2556320e-02 -8.4700000e+01]
 [ 2.5720160e-02 -4.0286260e-02  9.9859746e-01  1.5427000e+02]
 [ 9.9591792e-01  8.4589740e-02 -2.1968180e-02 -1.1746400e+03]
 [ 0.0000000e+00  0.0000000e+00  0.0000000e+00  1.0000000e+00]]
[-0128.49, +0137.76, -1130.44]
2000, 750, 750
[[-8.2097040e-02  9.9538244e-01  4.2941400e-02 -8.4650000e+01]
 [ 2.5711800e-02 -4.0658340e-02  9.9853894e-01  1.5420000e+02]
 [ 9.9597644e-01  8.3396100e-02 -2.1934740e-02 -1.1746100e+03]
 [ 0.0000000e+00  0.0000000e+00  0.0000000e+00  1.0000000e+00]]
[-0120.63, +0143.91, -1146.59]
1220, 2066, 2066
[[-8.3942500e-02  9.9558220e-01  3.9777100e-02 -8.4880000e+01]
 [ 2.5812200e-02 -3.7643280e-02  9.9886796e-01  1.5446000e+02]
 [ 9.9604210e-01  8.4967960e-02 -2.2443220e-02 -1.1746100e+03]
 [ 0.0000000e+00  0.0000000e+00  0.0000000e+00  1.0000000e+00]]
[-0246.25, +0030.47, -1135.48]
1220, 1878, 1878
[[-8.3538420e-02  9.9557064e-01  4.0953980e-02 -8.4770000e+01]
 [ 2.5455440e-02 -3.8865480e-02  9.9883224e-01  1.5436000e+02]
 [ 9.9608742e-01  8.4574960e-02 -2.2002900e-02 -1.1746200e+03]
 [ 0.0000000e+00  0.0000000e+00  0.0000000e+00  1.0000000e+00]]
[-0239.19, +0038.16, -1115.64]
1220, 1690, 1690
[[-8.3125380e-02  9.9547450e-01  4.1451980e-02 -8.4760000e+01]
 [ 2.5569100e-02 -3.9261000e-02  9.9870850e-01  1.5434000e+02]
 [ 9.9600902e-01  8.4279100e-02 -2.1985380e-02 -1.1746300e+03]
 [ 0.0000000e+00  0.0000000e+00  0.0000000e+00  1.0000000e+00]]
[-0231.61, +0046.67, -1100.01]
1220, 1502, 1502
[[-8.2922320e-02  9.9557728e-01  4.1737520e-02 -8.4730000e+01]
 [ 2.5277120e-02 -3.9668640e-02  9.9879328e-01  1.5431000e+02]
 [ 9.9613112e-01  8.3981120e-02 -2.1770320e-02 -1.1746400e+03]
 [ 0.0000000e+00  0.0000000e+00  0.0000000e+00  1.0000000e+00]]
[-0222.43, +0056.44, -1088.16]
1220, 1314, 1314
[[-8.2922320e-02  9.9557556e-01  4.1945640e-02 -8.4700000e+01]
 [ 2.5485240e-02 -3.9866500e-02  9.9878682e-01  1.5427000e+02]
 [ 9.9613284e-01  8.3987580e-02 -2.1968180e-02 -1.1746300e+03]
 [ 0.0000000e+00  0.0000000e+00  0.0000000e+00  1.0000000e+00]]
[-0208.82, +0069.35, -1078.16]
1220, 1126, 1126
[[-8.2509600e-02  9.9537592e-01  4.2338640e-02 -8.4680000e+01]
 [ 2.5495440e-02 -4.0064400e-02  9.9857048e-01  1.5425000e+02]
 [ 9.9594968e-01  8.3784240e-02 -2.1753360e-02 -1.1746200e+03]
 [ 0.0000000e+00  0.0000000e+00  0.0000000e+00  1.0000000e+00]]
[-0193.48, +0083.36, -1072.08]
1220, 938, 938
[[-8.2097040e-02  9.9548736e-01  4.2838280e-02 -8.4650000e+01]
 [ 2.5606880e-02 -4.0658340e-02  9.9863796e-01  1.5421000e+02]
 [ 9.9607956e-01  8.3297080e-02 -2.1934740e-02 -1.1745800e+03]
 [ 0.0000000e+00  0.0000000e+00  0.0000000e+00  1.0000000e+00]]
[-0176.83, +0099.37, -1070.34]
1220, 750, 750
[[-8.2104400e-02  9.9547420e-01  4.3221200e-02 -8.4600000e+01]
 [ 2.5223960e-02 -4.1078100e-02  9.9863428e-01  1.5416000e+02]
 [ 9.9609272e-01  8.3293400e-02 -2.1522340e-02 -1.1746100e+03]
 [ 0.0000000e+00  0.0000000e+00  0.0000000e+00  1.0000000e+00]]
[-0159.79, +0114.99, -1073.67]
800, 2066, 2066
[[-8.0613540e-02  9.9582844e-01  3.8387760e-02 -8.4570000e+01]
 [ 2.4398040e-02 -3.6362400e-02  9.9887108e-01  1.5448000e+02]
 [ 9.9626936e-01  8.1635880e-02 -2.1185700e-02 -1.1747200e+03]
 [ 0.0000000e+00  0.0000000e+00  0.0000000e+00  1.0000000e+00]]
[-0254.40, +0017.91, -1161.92]
800, 1878, 1878
[[-8.0028800e-02  9.9555336e-01  4.2973680e-02 -8.4340000e+01]
 [ 2.4574320e-02 -4.0833040e-02  9.9856356e-01  1.5419000e+02]
 [ 9.9617736e-01  8.1280920e-02 -2.0880400e-02 -1.1746900e+03]
 [ 0.0000000e+00  0.0000000e+00  0.0000000e+00  1.0000000e+00]]
[-0255.49, +0019.44, -1147.68]
800, 1690, 1690
[[-7.9826820e-02  9.9554872e-01  4.3570640e-02 -8.4310000e+01]
 [ 2.4594320e-02 -4.1439220e-02  9.9854276e-01  1.5417000e+02]
 [ 9.9619816e-01  8.1088040e-02 -2.0865040e-02 -1.1746800e+03]
 [ 0.0000000e+00  0.0000000e+00  0.0000000e+00  1.0000000e+00]]
[-0254.17, +0022.22, -1128.92]
800, 1502, 1502
[[-8.0036640e-02  9.9574420e-01  4.3774680e-02 -8.4290000e+01]
 [ 2.4604680e-02 -4.1847300e-02  9.9873824e-01  1.5414000e+02]
 [ 9.9640220e-01  8.1098400e-02 -2.1063300e-02 -1.1746600e+03]
 [ 0.0000000e+00  0.0000000e+00  0.0000000e+00  1.0000000e+00]]
[-0249.58, +0027.10, -1110.80]
800, 1314, 1314
[[-7.9629160e-02  9.9574714e-01  4.4153580e-02 -8.4280000e+01]
 [ 2.4212620e-02 -4.2255460e-02  9.9871806e-01  1.5412000e+02]
 [ 9.9643146e-01  8.0694780e-02 -2.0644260e-02 -1.1746600e+03]
 [ 0.0000000e+00  0.0000000e+00  0.0000000e+00  1.0000000e+00]]
[-0242.41, +0036.50, -1092.93]
800, 1126, 1126
[[-7.9427700e-02  9.9564140e-01  4.4437900e-02 -8.4270000e+01]
 [ 2.3921720e-02 -4.2465360e-02  9.9861100e-01  1.5410000e+02]
 [ 9.9634546e-01  8.0587720e-02 -2.0232900e-02 -1.1746800e+03]
 [ 0.0000000e+00  0.0000000e+00  0.0000000e+00  1.0000000e+00]]
[-0230.80, +0048.21, -1077.16]
800, 938, 938
[[-8.0263300e-02  9.9560040e-01  4.4846300e-02 -8.4250000e+01]
 [ 2.3955360e-02 -4.2897000e-02  9.9863448e-01  1.5406000e+02]
 [ 9.9632198e-01  8.1391200e-02 -2.0240260e-02 -1.1746700e+03]
 [ 0.0000000e+00  0.0000000e+00  0.0000000e+00  1.0000000e+00]]
[-0215.66, +0063.41, -1064.56]
800, 750, 750
[[-8.0062080e-02  9.9559520e-01  4.5443360e-02 -8.4260000e+01]
 [ 2.3975200e-02 -4.3503700e-02  9.9861310e-01  1.5401000e+02]
 [ 9.9634336e-01  8.1198100e-02 -2.0225620e-02 -1.1746400e+03]
 [ 0.0000000e+00  0.0000000e+00  0.0000000e+00  1.0000000e+00]]
[-0199.08, +0080.17, -1056.72]
2066, 2000, 2066
[[-8.2693540e-02  9.9541574e-01  4.1009720e-02 -8.4760000e+01]
 [ 2.7038980e-02 -3.8596500e-02  9.9858764e-01  1.5447000e+02]
 [ 9.9589316e-01  8.3999320e-02 -2.3405200e-02 -1.1746000e+03]
 [ 0.0000000e+00  0.0000000e+00  0.0000000e+00  1.0000000e+00]]
[-0199.93, +0084.09, -1106.49]
1878, 2000, 1878
[[-8.2083280e-02  9.9562016e-01  4.1761200e-02 -8.4620000e+01]
 [ 2.6059840e-02 -3.9621280e-02  9.9875040e-01  1.5435000e+02]
 [ 9.9615480e-01  8.3198400e-02 -2.2562000e-02 -1.1746200e+03]
 [ 0.0000000e+00  0.0000000e+00  0.0000000e+00  1.0000000e+00]]
[-0195.75, +0062.49, -1101.48]
1690, 2000, 1690
[[-8.1673960e-02  9.9551878e-01  4.2242500e-02 -8.4570000e+01]
 [ 2.5773500e-02 -4.0029000e-02  9.9863150e-01  1.5433000e+02]
 [ 9.9608122e-01  8.2894540e-02 -2.2141000e-02 -1.1746000e+03]
 [ 0.0000000e+00  0.0000000e+00  0.0000000e+00  1.0000000e+00]]
[-0194.93, +0044.64, -1101.03]
1502, 2000, 1502
[[-8.2296340e-02  9.9559954e-01  4.2362920e-02 -8.4520000e+01]
 [ 2.6088820e-02 -4.0238740e-02  9.9874636e-01  1.5430000e+02]
 [ 9.9615884e-01  8.3405480e-02 -2.2553640e-02 -1.1746000e+03]
 [ 0.0000000e+00  0.0000000e+00  0.0000000e+00  1.0000000e+00]]
[-0187.53, +0028.10, -1103.80]
1314, 2000, 1314
[[-8.1684640e-02  9.9560592e-01  4.2505920e-02 -8.4490000e+01]
 [ 2.4886080e-02 -4.0460320e-02  9.9873168e-01  1.5429000e+02]
 [ 9.9620208e-01  8.2783680e-02 -2.1324320e-02 -1.1746500e+03]
 [ 0.0000000e+00  0.0000000e+00  0.0000000e+00  1.0000000e+00]]
[-0183.84, +0013.18, -1110.52]
1126, 2000, 1126
[[-8.1268680e-02  9.9561868e-01  4.2917200e-02 -8.4460000e+01]
 [ 2.5293680e-02 -4.0844680e-02  9.9870220e-01  1.5428000e+02]
 [ 9.9622220e-01  8.2397200e-02 -2.1712360e-02 -1.1746400e+03]
 [ 0.0000000e+00  0.0000000e+00  0.0000000e+00  1.0000000e+00]]
[-0180.24, -0000.86, -1121.50]
938, 2000, 938
[[-8.0444520e-02  9.9553330e-01  4.3394020e-02 -8.4390000e+01]
 [ 2.4998500e-02 -4.1241000e-02  9.9856670e-01  1.5423000e+02]
 [ 9.9616498e-01  8.1693500e-02 -2.1284520e-02 -1.1746500e+03]
 [ 0.0000000e+00  0.0000000e+00  0.0000000e+00  1.0000000e+00]]
[-0176.26, -0012.62, -1135.45]
750, 2000, 750
[[-8.1078100e-02  9.9549136e-01  4.3983880e-02 -8.4320000e+01]
 [ 2.4636320e-02 -4.1882340e-02  9.9858296e-01  1.5420000e+02]
 [ 9.9615796e-01  8.2291120e-02 -2.0880400e-02 -1.1746800e+03]
 [ 0.0000000e+00  0.0000000e+00  0.0000000e+00  1.0000000e+00]]
[-0172.17, -0020.91, -1151.41]
2066, 1220, 2066
[[-8.2903120e-02  9.9540188e-01  4.1420120e-02 -8.4790000e+01]
 [ 2.7259480e-02 -3.9004020e-02  9.9858542e-01  1.5439000e+02]
 [ 9.9589028e-01  8.4208180e-02 -2.3603140e-02 -1.1745900e+03]
 [ 0.0000000e+00  0.0000000e+00  0.0000000e+00  1.0000000e+00]]
[-0210.07, +0140.83, -1130.53]
1878, 1220, 1878
[[-8.2925800e-02  9.9535568e-01  4.2759640e-02 -8.4600000e+01]
 [ 2.5919960e-02 -4.0472200e-02  9.9857408e-01  1.5426000e+02]
 [ 9.9593648e-01  8.4196840e-02 -2.2157640e-02 -1.1746300e+03]
 [ 0.0000000e+00  0.0000000e+00  0.0000000e+00  1.0000000e+00]]
[-0211.50, +0129.62, -1112.49]
1690, 1220, 1690
[[-8.2090000e-02  9.9549708e-01  4.2871440e-02 -8.4580000e+01]
 [ 2.6405880e-02 -4.0634900e-02  9.9862824e-01  1.5425000e+02]
 [ 9.9606984e-01  8.3313840e-02 -2.2743460e-02 -1.1746000e+03]
 [ 0.0000000e+00  0.0000000e+00  0.0000000e+00  1.0000000e+00]]
[-0211.36, +0118.45, -1098.85]
1502, 1220, 1502
[[-8.2104400e-02  9.9547420e-01  4.3221200e-02 -8.4530000e+01]
 [ 2.5223960e-02 -4.1078100e-02  9.9863428e-01  1.5422000e+02]
 [ 9.9609272e-01  8.3293400e-02 -2.1522340e-02 -1.1746200e+03]
 [ 0.0000000e+00  0.0000000e+00  0.0000000e+00  1.0000000e+00]]
[-0207.55, +0103.52, -1086.44]
1314, 1220, 1314
[[-8.1684640e-02  9.9539056e-01  4.3336080e-02 -8.4500000e+01]
 [ 2.5719920e-02 -4.1054500e-02  9.9851394e-01  1.5421000e+02]
 [ 9.9600144e-01  8.3001420e-02 -2.1918500e-02 -1.1746200e+03]
 [ 0.0000000e+00  0.0000000e+00  0.0000000e+00  1.0000000e+00]]
[-0203.66, +0085.00, -1077.45]
1126, 1220, 1126
[[-8.1906020e-02  9.9546504e-01  4.3801560e-02 -8.4460000e+01]
 [ 2.4845040e-02 -4.1696080e-02  9.9861788e-01  1.5418000e+02]
 [ 9.9611844e-01  8.3092120e-02 -2.1102100e-02 -1.1746400e+03]
 [ 0.0000000e+00  0.0000000e+00  0.0000000e+00  1.0000000e+00]]
[-0199.82, +0064.33, -1072.65]
938, 1220, 938
[[-8.1086340e-02  9.9548026e-01  4.4159060e-02 -8.4390000e+01]
 [ 2.4045260e-02 -4.2104200e-02  9.9858542e-01  1.5413000e+02]
 [ 9.9616906e-01  8.2280420e-02 -2.0270500e-02 -1.1746600e+03]
 [ 0.0000000e+00  0.0000000e+00  0.0000000e+00  1.0000000e+00]]
[-0195.22, +0042.03, -1071.92]
750, 1220, 750
[[-8.0670500e-02  9.9559530e-01  4.4675400e-02 -8.4320000e+01]
 [ 2.4555300e-02 -4.2686980e-02  9.9864836e-01  1.5410000e+02]
 [ 9.9629460e-01  8.1801640e-02 -2.0857480e-02 -1.1746100e+03]
 [ 0.0000000e+00  0.0000000e+00  0.0000000e+00  1.0000000e+00]]
[-0190.47, +0019.73, -1076.48]
2066, 800, 2066
[[-8.9139400e-02  9.9485250e-01  4.2959500e-02 -8.5330000e+01]
 [ 3.1136100e-02 -4.0100520e-02  9.9848226e-01  1.5438000e+02]
 [ 9.9529270e-01  9.0580260e-02 -2.7159880e-02 -1.1743700e+03]
 [ 0.0000000e+00  0.0000000e+00  0.0000000e+00  1.0000000e+00]]
[-0212.68, +0157.44, -1154.79]
1878, 800, 1878
[[-8.3995300e-02  9.9525064e-01  4.5559620e-02 -8.4690000e+01]
 [ 2.5859840e-02 -4.3365160e-02  9.9855816e-01  1.5412000e+02]
 [ 9.9595722e-01  8.5224960e-02 -2.1918500e-02 -1.1745400e+03]
 [ 0.0000000e+00  0.0000000e+00  0.0000000e+00  1.0000000e+00]]
[-0213.42, +0156.58, -1142.20]
1690, 800, 1690
[[-8.2754740e-02  9.9518446e-01  4.5822860e-02 -8.4600000e+01]
 [ 2.5347340e-02 -4.3551220e-02  9.9841118e-01  1.5409000e+02]
 [ 9.9591634e-01  8.4114580e-02 -2.1284520e-02 -1.1745400e+03]
 [ 0.0000000e+00  0.0000000e+00  0.0000000e+00  1.0000000e+00]]
[-0213.83, +0151.55, -1123.53]
1502, 800, 1502
[[-8.3806440e-02  9.9523384e-01  4.5897480e-02 -8.4580000e+01]
 [ 2.4474120e-02 -4.3810440e-02  9.9855704e-01  1.5408000e+02]
 [ 9.9599096e-01  8.4998520e-02 -2.0492040e-02 -1.1745900e+03]
 [ 0.0000000e+00  0.0000000e+00  0.0000000e+00  1.0000000e+00]]
[-0214.74, +0143.51, -1106.35]
1314, 800, 1314
[[-8.2146000e-02  9.9529184e-01  4.6278880e-02 -8.4530000e+01]
 [ 2.4454720e-02 -4.4170000e-02  9.9848096e-01  1.5405000e+02]
 [ 9.9606704e-01  8.3405120e-02 -2.0453440e-02 -1.1745700e+03]
 [ 0.0000000e+00  0.0000000e+00  0.0000000e+00  1.0000000e+00]]
[-0212.49, +0130.49, -1088.77]
1126, 800, 1126
[[-8.2347300e-02  9.9528818e-01  4.6514160e-02 -8.4500000e+01]
 [ 2.5266540e-02 -4.4356260e-02  9.9847552e-01  1.5403000e+02]
 [ 9.9605408e-01  8.3625360e-02 -2.1261600e-02 -1.1745500e+03]
 [ 0.0000000e+00  0.0000000e+00  0.0000000e+00  1.0000000e+00]]
[-0210.26, +0112.90, -1074.20]
938, 800, 938
[[-8.2576160e-02  9.9525240e-01  4.7065680e-02 -8.4400000e+01]
 [ 2.4097680e-02 -4.5011600e-02  9.9848376e-01  1.5398000e+02]
 [ 9.9607320e-01  8.3804400e-02 -2.0042000e-02 -1.1746200e+03]
 [ 0.0000000e+00  0.0000000e+00  0.0000000e+00  1.0000000e+00]]
[-0207.19, +0091.51, -1063.40]
750, 800, 750
[[-8.1332880e-02  9.9529036e-01  4.7659800e-02 -8.4320000e+01]
 [ 2.4294360e-02 -4.5582420e-02  9.9841790e-01  1.5395000e+02]
 [ 9.9613460e-01  8.2617300e-02 -2.0211300e-02 -1.1746000e+03]
 [ 0.0000000e+00  0.0000000e+00  0.0000000e+00  1.0000000e+00]]
[-0203.08, +0067.62, -1057.36]
2066, 2066, 2000
[[-8.4168000e-02  9.9531152e-01  4.3224640e-02 -8.4770000e+01]
 [ 2.7160480e-02 -4.0880080e-02  9.9860144e-01  1.5440000e+02]
 [ 9.9587936e-01  8.5425440e-02 -2.3387920e-02 -1.1745400e+03]
 [ 0.0000000e+00  0.0000000e+00  0.0000000e+00  1.0000000e+00]]
[-0193.44, +0076.06, -1105.72]
1878, 1878, 2000
[[-8.3563060e-02  9.9530070e-01  4.4165080e-02 -8.4660000e+01]
 [ 2.5991580e-02 -4.1918100e-02  9.9856956e-01  1.5428000e+02]
 [ 9.9594100e-01  8.4813000e-02 -2.2141000e-02 -1.1745700e+03]
 [ 0.0000000e+00  0.0000000e+00  0.0000000e+00  1.0000000e+00]]
[-0214.82, +0082.25, -1104.09]
1690, 1690, 2000
[[-8.3150580e-02  9.9531080e-01  4.4351580e-02 -8.4640000e+01]
 [ 2.5791600e-02 -4.2116160e-02  9.9855080e-01  1.5424000e+02]
 [ 9.9596458e-01  8.4411600e-02 -2.1926580e-02 -1.1745600e+03]
 [ 0.0000000e+00  0.0000000e+00  0.0000000e+00  1.0000000e+00]]
[-0232.33, +0085.61, -1106.20]
1502, 1502, 2000
[[-8.3995300e-02  9.9525888e-01  4.4726740e-02 -8.4630000e+01]
 [ 2.5026960e-02 -4.2573000e-02  9.9858528e-01  1.5421000e+02]
 [ 9.9594898e-01  8.5197840e-02 -2.1126340e-02 -1.1746000e+03]
 [ 0.0000000e+00  0.0000000e+00  0.0000000e+00  1.0000000e+00]]
[-0246.71, +0089.93, -1111.25]
1314, 1314, 2000
[[-8.2528200e-02  9.9543266e-01  4.4857220e-02 -8.4600000e+01]
 [ 2.6098060e-02 -4.2698740e-02  9.9860686e-01  1.5418000e+02]
 [ 9.9610102e-01  8.3729260e-02 -2.2306900e-02 -1.1745500e+03]
 [ 0.0000000e+00  0.0000000e+00  0.0000000e+00  1.0000000e+00]]
[-0260.33, +0095.21, -1120.22]
1126, 1126, 2000
[[-8.2544520e-02  9.9540962e-01  4.5206740e-02 -8.4580000e+01]
 [ 2.4916220e-02 -4.3142820e-02  9.9861226e-01  1.5415000e+02]
 [ 9.9612406e-01  8.3707540e-02 -2.1086340e-02 -1.1745800e+03]
 [ 0.0000000e+00  0.0000000e+00  0.0000000e+00  1.0000000e+00]]
[-0272.56, +0098.79, -1132.69]
938, 938, 2000
[[-8.2347300e-02  9.9529706e-01  4.5681920e-02 -8.4520000e+01]
 [ 2.4434300e-02 -4.3563300e-02  9.9850280e-01  1.5409000e+02]
 [ 9.9604520e-01  8.3598080e-02 -2.0468640e-02 -1.1746100e+03]
 [ 0.0000000e+00  0.0000000e+00  0.0000000e+00  1.0000000e+00]]
[-0282.23, +0102.81, -1148.74]
750, 750, 2000
[[-8.1940260e-02  9.9530018e-01  4.6060320e-02 -8.4460000e+01]
 [ 2.4042420e-02 -4.3971780e-02  9.9848168e-01  1.5402000e+02]
 [ 9.9607528e-01  8.3194080e-02 -2.0049480e-02 -1.1746300e+03]
 [ 0.0000000e+00  0.0000000e+00  0.0000000e+00  1.0000000e+00]]
[-0288.21, +0105.89, -1166.63]
2066, 2066, 1220
[[-8.250272e-02  9.953772e-01  4.341240e-02 -8.460000e+01]
 [ 2.733480e-02 -4.103122e-02  9.985273e-01  1.544100e+02]
 [ 9.959484e-01  8.383430e-02 -2.355250e-02 -1.174610e+03]
 [ 0.000000e+00  0.000000e+00  0.000000e+00  1.000000e+00]]
[-0134.29, +0057.66, -1120.96]
1878, 1878, 1220
[[-8.2322100e-02  9.9533552e-01  4.4741460e-02 -8.4520000e+01]
 [ 2.5790880e-02 -4.2500520e-02  9.9850864e-01  1.5423000e+02]
 [ 9.9600674e-01  8.3617440e-02 -2.1902580e-02 -1.1745900e+03]
 [ 0.0000000e+00  0.0000000e+00  0.0000000e+00  1.0000000e+00]]
[-0146.63, +0060.48, -1105.42]
1690, 1690, 1220
[[-8.1704040e-02  9.9535124e-01  4.4917480e-02 -8.4520000e+01]
 [ 2.5386520e-02 -4.2698740e-02  9.9848414e-01  1.5421000e+02]
 [ 9.9604076e-01  8.3011820e-02 -2.1482740e-02 -1.1746000e+03]
 [ 0.0000000e+00  0.0000000e+00  0.0000000e+00  1.0000000e+00]]
[-0159.95, +0063.93, -1092.75]
1502, 1502, 1220
[[-8.2330180e-02  9.9532196e-01  4.5124300e-02 -8.4510000e+01]
 [ 2.5408040e-02 -4.2920680e-02  9.9850460e-01  1.5418000e+02]
 [ 9.9602030e-01  8.3613400e-02 -2.1490500e-02 -1.1745800e+03]
 [ 0.0000000e+00  0.0000000e+00  0.0000000e+00  1.0000000e+00]]
[-0174.80, +0067.19, -1083.38]
1314, 1314, 1220
[[-8.1918260e-02  9.9533178e-01  4.5311040e-02 -8.4490000e+01]
 [ 2.5207740e-02 -4.3118900e-02  9.9848592e-01  1.5416000e+02]
 [ 9.9604368e-01  8.3211840e-02 -2.1276800e-02 -1.1745900e+03]
 [ 0.0000000e+00  0.0000000e+00  0.0000000e+00  1.0000000e+00]]
[-0193.16, +0072.78, -1076.53]
1126, 1126, 1220
[[-8.2544520e-02  9.9530028e-01  4.5725880e-02 -8.4470000e+01]
 [ 2.5437480e-02 -4.3539220e-02  9.9849958e-01  1.5412000e+02]
 [ 9.9602532e-01  8.3820220e-02 -2.1482740e-02 -1.1745900e+03]
 [ 0.0000000e+00  0.0000000e+00  0.0000000e+00  1.0000000e+00]]
[-0213.12, +0078.62, -1073.90]
938, 938, 1220
[[-8.1935700e-02  9.9540754e-01  4.6182020e-02 -8.4410000e+01]
 [ 2.4544780e-02 -4.4157960e-02  9.9856954e-01  1.5406000e+02]
 [ 9.9617594e-01  8.3110780e-02 -2.0651700e-02 -1.1746000e+03]
 [ 0.0000000e+00  0.0000000e+00  0.0000000e+00  1.0000000e+00]]
[-0235.25, +0085.46, -1075.98]
750, 750, 1220
[[-8.1734560e-02  9.9529928e-01  4.6673840e-02 -8.4370000e+01]
 [ 2.4462160e-02 -4.4566560e-02  9.9845528e-01  1.5400000e+02]
 [ 9.9609272e-01  8.3010160e-02 -2.0438560e-02 -1.1746000e+03]
 [ 0.0000000e+00  0.0000000e+00  0.0000000e+00  1.0000000e+00]]
[-0256.70, +0092.34, -1083.52]
2066, 2066, 800
[[-8.2248100e-02  9.9550992e-01  3.8915660e-02 -8.4570000e+01]
 [ 2.9536080e-02 -3.6271520e-02  9.9857904e-01  1.5484000e+02]
 [ 9.9583234e-01  8.3621040e-02 -2.6076580e-02 -1.1746800e+03]
 [ 0.0000000e+00  0.0000000e+00  0.0000000e+00  1.0000000e+00]]
[-0115.56, +0051.48, -1141.79]
1878, 1878, 800
[[-8.3135700e-02  9.9534666e-01  4.2545520e-02 -8.4590000e+01]
 [ 2.5516260e-02 -4.0286260e-02  9.9859144e-01  1.5435000e+02]
 [ 9.9592872e-01  8.4385840e-02 -2.1761800e-02 -1.1746000e+03]
 [ 0.0000000e+00  0.0000000e+00  0.0000000e+00  1.0000000e+00]]
[-0118.22, +0051.67, -1130.09]
1690, 1690, 800
[[-8.2719460e-02  9.9546658e-01  4.2645700e-02 -8.4570000e+01]
 [ 2.5611100e-02 -4.0472200e-02  9.9866710e-01  1.5431000e+02]
 [ 9.9605042e-01  8.3893940e-02 -2.1951300e-02 -1.1746000e+03]
 [ 0.0000000e+00  0.0000000e+00  0.0000000e+00  1.0000000e+00]]
[-0124.71, +0053.53, -1112.80]
1502, 1502, 800
[[-8.2303300e-02  9.9548146e-01  4.2848980e-02 -8.4570000e+01]
 [ 2.5810820e-02 -4.0658340e-02  9.9864386e-01  1.5428000e+02]
 [ 9.9606886e-01  8.3501020e-02 -2.2141000e-02 -1.1745900e+03]
 [ 0.0000000e+00  0.0000000e+00  0.0000000e+00  1.0000000e+00]]
[-0134.09, +0055.68, -1097.15]
1314, 1314, 800
[[-8.2306900e-02  9.9547486e-01  4.3040420e-02 -8.4560000e+01]
 [ 2.5619380e-02 -4.0868200e-02  9.9864206e-01  1.5425000e+02]
 [ 9.9607546e-01  8.3499220e-02 -2.1934740e-02 -1.1745800e+03]
 [ 0.0000000e+00  0.0000000e+00  0.0000000e+00  1.0000000e+00]]
[-0147.88, +0060.42, -1082.14]
1126, 1126, 800
[[-8.2738260e-02  9.9543576e-01  4.3394600e-02 -8.4550000e+01]
 [ 2.4446000e-02 -4.1324160e-02  9.9866424e-01  1.5421000e+02]
 [ 9.9608124e-01  8.3878000e-02 -2.0722260e-02 -1.1746400e+03]
 [ 0.0000000e+00  0.0000000e+00  0.0000000e+00  1.0000000e+00]]
[-0166.43, +0064.27, -1070.06]
938, 938, 800
[[-8.2330180e-02  9.9533432e-01  4.3875940e-02 -8.4470000e+01]
 [ 2.4159680e-02 -4.1732200e-02  9.9854456e-01  1.5415000e+02]
 [ 9.9600794e-01  8.3573440e-02 -2.0302020e-02 -1.1746300e+03]
 [ 0.0000000e+00  0.0000000e+00  0.0000000e+00  1.0000000e+00]]
[-0188.54, +0070.64, -1061.63]
750, 800, 800
[[-8.1704040e-02  9.9546238e-01  4.4190500e-02 -8.4450000e+01]
 [ 2.4657500e-02 -4.2104200e-02  9.9860330e-01  1.5411000e+02]
 [ 9.9613762e-01  8.2892660e-02 -2.0888200e-02 -1.1746300e+03]
 [ 0.0000000e+00  0.0000000e+00  0.0000000e+00  1.0000000e+00]]
[-0210.96, +0071.12, -1058.77]
938, 800, 800
[[-8.2528200e-02  9.9544050e-01  4.4024900e-02 -8.4510000e+01]
 [ 2.5265740e-02 -4.1906100e-02  9.9863382e-01  1.5414000e+02]
 [ 9.9609318e-01  8.3702300e-02 -2.1514260e-02 -1.1746100e+03]
 [ 0.0000000e+00  0.0000000e+00  0.0000000e+00  1.0000000e+00]]
[-0191.34, +0088.77, -1060.31]
1126, 800, 800
[[-8.2322100e-02  9.9534344e-01  4.3909220e-02 -8.4520000e+01]
 [ 2.4958640e-02 -4.1708040e-02  9.9853544e-01  1.5415000e+02]
 [ 9.9599882e-01  8.3590640e-02 -2.1110100e-02 -1.1746200e+03]
 [ 0.0000000e+00  0.0000000e+00  0.0000000e+00  1.0000000e+00]]
[-0173.18, +0104.56, -1067.23]
1314, 800, 800
[[-8.2112080e-02  9.9545908e-01  4.3812160e-02 -8.4530000e+01]
 [ 2.5049080e-02 -4.1696080e-02  9.9862384e-01  1.5417000e+02]
 [ 9.9610784e-01  8.3296160e-02 -2.1308160e-02 -1.1746000e+03]
 [ 0.0000000e+00  0.0000000e+00  0.0000000e+00  1.0000000e+00]]
[-0157.49, +0117.74, -1078.56]
1502, 800, 800
[[-8.2318180e-02  9.9535006e-01  4.3717800e-02 -8.4560000e+01]
 [ 2.5150060e-02 -4.1498020e-02  9.9853740e-01  1.5419000e+02]
 [ 9.9599220e-01  8.3592600e-02 -2.1316200e-02 -1.1746200e+03]
 [ 0.0000000e+00  0.0000000e+00  0.0000000e+00  1.0000000e+00]]
[-0143.62, +0128.83, -1093.79]
1690, 800, 800
[[-8.2726740e-02  9.9544788e-01  4.3652800e-02 -8.4600000e+01]
 [ 2.5852600e-02 -4.1486100e-02  9.9864360e-01  1.5422000e+02]
 [ 9.9606912e-01  8.3910160e-02 -2.2132800e-02 -1.1746000e+03]
 [ 0.0000000e+00  0.0000000e+00  0.0000000e+00  1.0000000e+00]]
[-0132.82, +0136.87, -1111.20]
1878, 800, 800
[[-8.251316e-02  9.953622e-01  4.336236e-02 -8.461000e+01]
 [ 2.613636e-02 -4.106626e-02  9.985423e-01  1.542300e+02]
 [ 9.959634e-01  8.380886e-02 -2.233906e-02 -1.174590e+03]
 [ 0.000000e+00  0.000000e+00  0.000000e+00  1.000000e+00]]
[-0125.00, +0141.92, -1130.96]
2066, 800, 800
[[-8.3342080e-02  9.9533536e-01  4.3180800e-02 -8.4670000e+01]
 [ 2.6344640e-02 -4.0880080e-02  9.9857760e-01  1.5427000e+02]
 [ 9.9592320e-01  8.4609600e-02 -2.2562000e-02 -1.1746100e+03]
 [ 0.0000000e+00  0.0000000e+00  0.0000000e+00  1.0000000e+00]]
[-0121.42, +0143.13, -1150.22]
750, 1220, 1220
[[-8.2306900e-02  9.9547486e-01  4.3040420e-02 -8.4550000e+01]
 [ 2.5619380e-02 -4.0868200e-02  9.9864206e-01  1.5419000e+02]
 [ 9.9607546e-01  8.3499220e-02 -2.1934740e-02 -1.1745800e+03]
 [ 0.0000000e+00  0.0000000e+00  0.0000000e+00  1.0000000e+00]]
[-0242.83, +0037.60, -1088.41]
938, 1220, 1220
[[-8.2933000e-02  9.9544930e-01  4.2831100e-02 -8.4600000e+01]
 [ 2.5224140e-02 -4.0694100e-02  9.9867602e-01  1.5423000e+02]
 [ 9.9605098e-01  8.4087700e-02 -2.1547060e-02 -1.1746200e+03]
 [ 0.0000000e+00  0.0000000e+00  0.0000000e+00  1.0000000e+00]]
[-0226.30, +0053.18, -1078.59]
1126, 1220, 1220
[[-8.2306900e-02  9.9547668e-01  4.2832360e-02 -8.4610000e+01]
 [ 2.5411320e-02 -4.0670180e-02  9.9864864e-01  1.5424000e+02]
 [ 9.9607364e-01  8.3492640e-02 -2.1736720e-02 -1.1746100e+03]
 [ 0.0000000e+00  0.0000000e+00  0.0000000e+00  1.0000000e+00]]
[-0209.69, +0068.66, -1074.72]
1314, 1220, 1220
[[-8.3349280e-02  9.9532936e-01  4.2730800e-02 -8.4630000e+01]
 [ 2.5129360e-02 -4.0508320e-02  9.9860040e-01  1.5425000e+02]
 [ 9.9592920e-01  8.4579600e-02 -2.1357600e-02 -1.1746300e+03]
 [ 0.0000000e+00  0.0000000e+00  0.0000000e+00  1.0000000e+00]]
[-0192.84, +0083.67, -1075.85]
1502, 1220, 1220
[[-8.2719460e-02  9.9546658e-01  4.2645700e-02 -8.4650000e+01]
 [ 2.5611100e-02 -4.0472200e-02  9.9866710e-01  1.5427000e+02]
 [ 9.9605042e-01  8.3893940e-02 -2.1951300e-02 -1.1746200e+03]
 [ 0.0000000e+00  0.0000000e+00  0.0000000e+00  1.0000000e+00]]
[-0177.18, +0097.21, -1081.11]
1690, 1220, 1220
[[-8.3132180e-02  9.9545640e-01  4.2459120e-02 -8.4680000e+01]
 [ 2.5810800e-02 -4.0274260e-02  9.9868560e-01  1.5430000e+02]
 [ 9.9602712e-01  8.4295200e-02 -2.2166080e-02 -1.1746100e+03]
 [ 0.0000000e+00  0.0000000e+00  0.0000000e+00  1.0000000e+00]]
[-0162.90, +0109.45, -1090.24]
1878, 1220, 1220
[[-8.2925800e-02  9.9546238e-01  4.2448340e-02 -8.4680000e+01]
 [ 2.5606900e-02 -4.0274260e-02  9.9867962e-01  1.5431000e+02]
 [ 9.9603790e-01  8.4091300e-02 -2.1959700e-02 -1.1746200e+03]
 [ 0.0000000e+00  0.0000000e+00  0.0000000e+00  1.0000000e+00]]
[-0149.87, +0119.79, -1103.19]
2066, 1220, 1220
[[-8.3541700e-02  9.9545270e-01  4.2081300e-02 -8.4730000e+01]
 [ 2.6201740e-02 -3.9866500e-02  9.9870582e-01  1.5435000e+02]
 [ 9.9599718e-01  8.4698100e-02 -2.2587560e-02 -1.1746200e+03]
 [ 0.0000000e+00  0.0000000e+00  0.0000000e+00  1.0000000e+00]]
[-0139.50, +0127.20, -1118.88]
750, 2000, 2000
[[-8.0835400e-02  9.9578246e-01  4.0603820e-02 -8.4580000e+01]
 [ 2.4890980e-02 -3.8596500e-02  9.9883214e-01  1.5434000e+02]
 [ 9.9629906e-01  8.1868780e-02 -2.1547060e-02 -1.1746500e+03]
 [ 0.0000000e+00  0.0000000e+00  0.0000000e+00  1.0000000e+00]]
[-0256.02, +0017.08, -1162.16]
938, 2000, 2000
[[-8.2496160e-02  9.9550684e-01  4.1469800e-02 -8.4600000e+01]
 [ 2.6156200e-02 -3.9225360e-02  9.9867616e-01  1.5433000e+02]
 [ 9.9602684e-01  8.3692000e-02 -2.2578960e-02 -1.1746300e+03]
 [ 0.0000000e+00  0.0000000e+00  0.0000000e+00  1.0000000e+00]]
[-0253.25, +0022.43, -1149.34]
1126, 2000, 2000
[[-8.2296340e-02  9.9549976e-01  4.1841920e-02 -8.4590000e+01]
 [ 2.5569520e-02 -3.9644800e-02  9.9866696e-01  1.5432000e+02]
 [ 9.9605056e-01  8.3484880e-02 -2.1959700e-02 -1.1746600e+03]
 [ 0.0000000e+00  0.0000000e+00  0.0000000e+00  1.0000000e+00]]
[-0248.41, +0029.07, -1135.81]
1314, 2000, 2000
[[-8.1876900e-02  9.9552116e-01  4.1853680e-02 -8.4600000e+01]
 [ 2.5960840e-02 -3.9621280e-02  9.9864556e-01  1.5433000e+02]
 [ 9.9606232e-01  8.3093560e-02 -2.2355620e-02 -1.1746300e+03]
 [ 0.0000000e+00  0.0000000e+00  0.0000000e+00  1.0000000e+00]]
[-0239.95, +0038.89, -1122.21]
1502, 2000, 2000
[[-8.2080040e-02  9.9552346e-01  4.1464900e-02 -8.4620000e+01]
 [ 2.6148100e-02 -3.9213640e-02  9.9865954e-01  1.5435000e+02]
 [ 9.9604346e-01  8.3292500e-02 -2.2570440e-02 -1.1746200e+03]
 [ 0.0000000e+00  0.0000000e+00  0.0000000e+00  1.0000000e+00]]
[-0229.41, +0050.02, -1112.28]
1690, 2000, 2000
[[-8.2493000e-02  9.9551178e-01  4.1486460e-02 -8.4640000e+01]
 [ 2.6555700e-02 -3.9213640e-02  9.9867122e-01  1.5438000e+02]
 [ 9.9602190e-01  8.3700100e-02 -2.2983400e-02 -1.1746200e+03]
 [ 0.0000000e+00  0.0000000e+00  0.0000000e+00  1.0000000e+00]]
[-0217.55, +0061.64, -1106.24]
1878, 2000, 2000
[[-8.2280340e-02  9.9563244e-01  4.1405620e-02 -8.4650000e+01]
 [ 2.7046120e-02 -3.9190440e-02  9.9875436e-01  1.5438000e+02]
 [ 9.9612594e-01  8.3413480e-02 -2.3585940e-02 -1.1746100e+03]
 [ 0.0000000e+00  0.0000000e+00  0.0000000e+00  1.0000000e+00]]
[-0204.80, +0073.70, -1103.99]
2066, 2000, 2000
[[-8.2696500e-02  9.9551250e-01  4.1305900e-02 -8.4690000e+01]
 [ 2.6950900e-02 -3.9004020e-02  9.9867858e-01  1.5442000e+02]
 [ 9.9600450e-01  8.3905420e-02 -2.3396520e-02 -1.1746300e+03]
 [ 0.0000000e+00  0.0000000e+00  0.0000000e+00  1.0000000e+00]]
[-0193.15, +0084.50, -1105.33]
800, 750, 800
[[-8.0272180e-02  9.9548436e-01  4.5124560e-02 -8.4280000e+01]
 [ 2.3469240e-02 -4.3118900e-02  9.9853752e-01  1.5401000e+02]
 [ 9.9623016e-01  8.1479280e-02 -1.9630720e-02 -1.1746600e+03]
 [ 0.0000000e+00  0.0000000e+00  0.0000000e+00  1.0000000e+00]]
[-0206.27, +0081.86, -1058.22]
800, 938, 800
[[-8.0469000e-02  9.9559452e-01  4.4856640e-02 -8.4310000e+01]
 [ 2.4159520e-02 -4.2897000e-02  9.9864036e-01  1.5407000e+02]
 [ 9.9631164e-01  8.1595360e-02 -2.0445960e-02 -1.1746700e+03]
 [ 0.0000000e+00  0.0000000e+00  0.0000000e+00  1.0000000e+00]]
[-0200.23, +0055.95, -1061.62]
800, 1126, 800
[[-8.0464720e-02  9.9560328e-01  4.4457120e-02 -8.4320000e+01]
 [ 2.4143280e-02 -4.2488720e-02  9.9864912e-01  1.5410000e+02]
 [ 9.9630288e-01  8.1590880e-02 -2.0453440e-02 -1.1746600e+03]
 [ 0.0000000e+00  0.0000000e+00  0.0000000e+00  1.0000000e+00]]
[-0194.08, +0034.33, -1069.56]
800, 1314, 800
[[-8.0246500e-02  9.9562486e-01  4.4287520e-02 -8.4330000e+01]
 [ 2.4929860e-02 -4.2255460e-02  9.9863624e-01  1.5412000e+02]
 [ 9.9629752e-01  8.1406240e-02 -2.1261600e-02 -1.1746200e+03]
 [ 0.0000000e+00  0.0000000e+00  0.0000000e+00  1.0000000e+00]]
[-0189.04, +0016.54, -1081.28]
800, 1502, 800
[[-8.0654340e-02  9.9551702e-01  4.4011900e-02 -8.4330000e+01]
 [ 2.5426700e-02 -4.1847300e-02  9.9855730e-01  1.5414000e+02]
 [ 9.9616498e-01  8.1908860e-02 -2.1681000e-02 -1.1746400e+03]
 [ 0.0000000e+00  0.0000000e+00  0.0000000e+00  1.0000000e+00]]
[-0184.00, +0002.21, -1096.18]
800, 1690, 800
[[-8.0242500e-02  9.9563350e-01  4.3888000e-02 -8.4340000e+01]
 [ 2.4913660e-02 -4.1847300e-02  9.9864488e-01  1.5416000e+02]
 [ 9.9628888e-01  8.1401600e-02 -2.1269160e-02 -1.1746500e+03]
 [ 0.0000000e+00  0.0000000e+00  0.0000000e+00  1.0000000e+00]]
[-0179.95, -0008.12, -1112.72]
800, 1878, 800
[[-8.0860320e-02  9.9551508e-01  4.3606600e-02 -8.4360000e+01]
 [ 2.5214920e-02 -4.1450820e-02  9.9857640e-01  1.5420000e+02]
 [ 9.9615060e-01  8.2099600e-02 -2.1490500e-02 -1.1746600e+03]
 [ 0.0000000e+00  0.0000000e+00  0.0000000e+00  1.0000000e+00]]
[-0175.60, -0016.84, -1133.74]
800, 2066, 800
[[-8.2314340e-02  9.9535668e-01  4.3526380e-02 -8.4460000e+01]
 [ 2.5341480e-02 -4.1288040e-02  9.9853932e-01  1.5422000e+02]
 [ 9.9598558e-01  8.3594520e-02 -2.1522340e-02 -1.1748200e+03]
 [ 0.0000000e+00  0.0000000e+00  0.0000000e+00  1.0000000e+00]]
[-0172.70, -0019.45, -1154.11]
1220, 750, 1220
[[-8.1490020e-02  9.9537458e-01  4.4107920e-02 -8.4420000e+01]
 [ 2.5149420e-02 -4.1882340e-02  9.9849568e-01  1.5413000e+02]
 [ 9.9603392e-01  8.2798320e-02 -2.1292320e-02 -1.1746200e+03]
 [ 0.0000000e+00  0.0000000e+00  0.0000000e+00  1.0000000e+00]]
[-0211.72, +0130.22, -1084.60]
1220, 938, 1220
[[-8.1692160e-02  9.9558528e-01  4.3720960e-02 -8.4450000e+01]
 [ 2.5335040e-02 -4.1672400e-02  9.9870168e-01  1.5417000e+02]
 [ 9.9622272e-01  8.2806160e-02 -2.1704400e-02 -1.1746200e+03]
 [ 0.0000000e+00  0.0000000e+00  0.0000000e+00  1.0000000e+00]]
[-0207.50, +0107.43, -1076.39]
1220, 1126, 1220
[[-8.1696040e-02  9.9547758e-01  4.3599500e-02 -8.4450000e+01]
 [ 2.4832500e-02 -4.1486100e-02  9.9861390e-01  1.5419000e+02]
 [ 9.9612242e-01  8.2890060e-02 -2.1102100e-02 -1.1746500e+03]
 [ 0.0000000e+00  0.0000000e+00  0.0000000e+00  1.0000000e+00]]
[-0203.01, +0085.81, -1074.11]
1220, 1314, 1220
[[-8.1894500e-02  9.9537990e-01  4.3330200e-02 -8.4460000e+01]
 [ 2.5524420e-02 -4.1066260e-02  9.9852460e-01  1.5421000e+02]
 [ 9.9599556e-01  8.3196920e-02 -2.1720400e-02 -1.1746300e+03]
 [ 0.0000000e+00  0.0000000e+00  0.0000000e+00  1.0000000e+00]]
[-0198.51, +0066.74, -1076.02]
1220, 1502, 1220
[[-8.1478500e-02  9.9539828e-01  4.3117460e-02 -8.4460000e+01]
 [ 2.5307960e-02 -4.0856400e-02  9.9851468e-01  1.5422000e+02]
 [ 9.9601022e-01  8.2790840e-02 -2.1514260e-02 -1.1746400e+03]
 [ 0.0000000e+00  0.0000000e+00  0.0000000e+00  1.0000000e+00]]
[-0193.55, +0047.99, -1081.33]
1220, 1690, 1220
[[-8.2100680e-02  9.9548078e-01  4.3029740e-02 -8.4460000e+01]
 [ 2.5415420e-02 -4.0868200e-02  9.9863614e-01  1.5424000e+02]
 [ 9.9608614e-01  8.3295260e-02 -2.1728520e-02 -1.1746400e+03]
 [ 0.0000000e+00  0.0000000e+00  0.0000000e+00  1.0000000e+00]]
[-0188.94, +0031.84, -1090.02]
1220, 1878, 1220
[[-8.1467700e-02  9.9552114e-01  4.2647820e-02 -8.4460000e+01]
 [ 2.5985580e-02 -4.0425160e-02  9.9861254e-01  1.5426000e+02]
 [ 9.9609534e-01  8.2703780e-02 -2.2330900e-02 -1.1746200e+03]
 [ 0.0000000e+00  0.0000000e+00  0.0000000e+00  1.0000000e+00]]
[-0184.41, +0015.61, -1103.80]
1220, 2066, 1220
[[-8.1677440e-02  9.9551224e-01  4.2434000e-02 -8.4470000e+01]
 [ 2.5582000e-02 -4.0238740e-02  9.9862976e-01  1.5430000e+02]
 [ 9.9608776e-01  8.2892800e-02 -2.1934740e-02 -1.1746500e+03]
 [ 0.0000000e+00  0.0000000e+00  0.0000000e+00  1.0000000e+00]]
[-0179.81, +0003.47, -1120.98]
2000, 750, 2000
[[-8.6445540e-02  9.9524048e-01  4.3331060e-02 -8.5030000e+01]
 [ 2.9004560e-02 -4.0892040e-02  9.9867248e-01  1.5429000e+02]
 [ 9.9576098e-01  8.7660560e-02 -2.5257540e-02 -1.1744600e+03]
 [ 0.0000000e+00  0.0000000e+00  0.0000000e+00  1.0000000e+00]]
[-0212.37, +0159.53, -1156.29]
2000, 938, 2000
[[-8.5211140e-02  9.9526114e-01  4.3853760e-02 -8.4840000e+01]
 [ 2.7606860e-02 -4.1510020e-02  9.9862632e-01  1.5427000e+02]
 [ 9.9584424e-01  8.6440320e-02 -2.3801120e-02 -1.1745300e+03]
 [ 0.0000000e+00  0.0000000e+00  0.0000000e+00  1.0000000e+00]]
[-0212.23, +0153.09, -1143.85]
2000, 1126, 2000
[[-8.3961460e-02  9.9520912e-01  4.3733320e-02 -8.4780000e+01]
 [ 2.7477920e-02 -4.1276160e-02  9.9848288e-01  1.5427000e+02]
 [ 9.9579052e-01  8.5334080e-02 -2.3577460e-02 -1.1745200e+03]
 [ 0.0000000e+00  0.0000000e+00  0.0000000e+00  1.0000000e+00]]
[-0210.91, +0144.45, -1131.14]
2000, 1314, 2000
[[-8.3964900e-02  9.9530900e-01  4.3613100e-02 -8.4760000e+01]
 [ 2.6973480e-02 -4.1288040e-02  9.9858700e-01  1.5429000e+02]
 [ 9.9589886e-01  8.5226520e-02 -2.3172900e-02 -1.1745600e+03]
 [ 0.0000000e+00  0.0000000e+00  0.0000000e+00  1.0000000e+00]]
[-0209.39, +0134.03, -1120.91]
2000, 1502, 2000
[[-8.4174880e-02  9.9529800e-01  4.3607120e-02 -8.4740000e+01]
 [ 2.6778000e-02 -4.1300000e-02  9.9859800e-01  1.5430000e+02]
 [ 9.9589288e-01  8.5422000e-02 -2.2974880e-02 -1.1745600e+03]
 [ 0.0000000e+00  0.0000000e+00  0.0000000e+00  1.0000000e+00]]
[-0206.98, +0119.99, -1111.63]
2000, 1690, 2000
[[-8.3345640e-02  9.9543366e-01  4.3268940e-02 -8.4730000e+01]
 [ 2.6048340e-02 -4.1090020e-02  9.9867482e-01  1.5432000e+02]
 [ 9.9603306e-01  8.4508820e-02 -2.2355620e-02 -1.1745600e+03]
 [ 0.0000000e+00  0.0000000e+00  0.0000000e+00  1.0000000e+00]]
[-0204.11, +0105.04, -1105.97]
2000, 1878, 2000
[[-8.3128740e-02  9.9535124e-01  4.3203540e-02 -8.4720000e+01]
 [ 2.6939640e-02 -4.0856400e-02  9.9856172e-01  1.5434000e+02]
 [ 9.9592414e-01  8.4422520e-02 -2.3164500e-02 -1.1745600e+03]
 [ 0.0000000e+00  0.0000000e+00  0.0000000e+00  1.0000000e+00]]
[-0200.31, +0087.48, -1103.68]
2000, 2066, 2000
[[-8.3128740e-02  9.9545786e-01  4.2892180e-02 -8.4720000e+01]
 [ 2.6626580e-02 -4.0658340e-02  9.9866746e-01  1.5437000e+02]
 [ 9.9602566e-01  8.4316780e-02 -2.2966440e-02 -1.1745600e+03]
 [ 0.0000000e+00  0.0000000e+00  0.0000000e+00  1.0000000e+00]]
[-0196.57, +0070.29, -1105.35]
800, 800, 750
[[-8.1117700e-02  9.9531252e-01  4.7058340e-02 -8.4280000e+01]
 [ 2.4265080e-02 -4.4963280e-02  9.9842364e-01  1.5395000e+02]
 [ 9.9612886e-01  8.2410840e-02 -2.0218420e-02 -1.1746300e+03]
 [ 0.0000000e+00  0.0000000e+00  0.0000000e+00  1.0000000e+00]]
[-0198.38, +0072.79, -1057.48]
800, 800, 938
[[-8.2356340e-02  9.9538416e-01  4.6378000e-02 -8.4350000e+01]
 [ 2.4362400e-02 -4.4380340e-02  9.9858384e-01  1.5400000e+02]
 [ 9.9616616e-01  8.3508000e-02 -2.0453440e-02 -1.1746100e+03]
 [ 0.0000000e+00  0.0000000e+00  0.0000000e+00  1.0000000e+00]]
[-0224.06, +0081.01, -1064.06]
800, 800, 1126
[[-8.172996e-02  9.953084e-01  4.627436e-02 -8.438000e+01]
 [ 2.444564e-02 -4.415796e-02  9.984644e-01  1.540100e+02]
 [ 9.960836e-01  8.300564e-02 -2.044596e-02 -1.174600e+03]
 [ 0.000000e+00  0.000000e+00  0.000000e+00  1.000000e+00]]
[-0243.87, +0087.59, -1074.82]
800, 800, 1314
[[-8.172996e-02  9.953084e-01  4.627436e-02 -8.439000e+01]
 [ 2.444564e-02 -4.415796e-02  9.984644e-01  1.540300e+02]
 [ 9.960836e-01  8.300564e-02 -2.044596e-02 -1.174590e+03]
 [ 0.000000e+00  0.000000e+00  0.000000e+00  1.000000e+00]]
[-0259.72, +0092.88, -1088.71]
800, 800, 1502
[[-8.2141480e-02  9.9529864e-01  4.6087440e-02 -8.4410000e+01]
 [ 2.4646160e-02 -4.3959700e-02  9.9848322e-01  1.5403000e+02]
 [ 9.9606024e-01  8.3407380e-02 -2.0659220e-02 -1.1746000e+03]
 [ 0.0000000e+00  0.0000000e+00  0.0000000e+00  1.0000000e+00]]
[-0272.72, +0097.68, -1106.58]
800, 800, 1690
[[-8.2132680e-02  9.9541734e-01  4.5601620e-02 -8.4450000e+01]
 [ 2.4923940e-02 -4.3539220e-02  9.9858674e-01  1.5406000e+02]
 [ 9.9614958e-01  8.3312660e-02 -2.1070900e-02 -1.1745600e+03]
 [ 0.0000000e+00  0.0000000e+00  0.0000000e+00  1.0000000e+00]]
[-0281.97, +0101.39, -1126.88]
800, 800, 1878
[[-8.2759060e-02  9.9539226e-01  4.5392100e-02 -8.4480000e+01]
 [ 2.4529500e-02 -4.3365160e-02  9.9862074e-01  1.5407000e+02]
 [ 9.9612474e-01  8.3900700e-02 -2.0682260e-02 -1.1746100e+03]
 [ 0.0000000e+00  0.0000000e+00  0.0000000e+00  1.0000000e+00]]
[-0286.72, +0103.80, -1147.95]
800, 800, 2066
[[-8.275050e-02  9.952985e-01  4.532040e-02 -8.452000e+01]
 [ 2.522550e-02 -4.314282e-02  9.985192e-01  1.540800e+02]
 [ 9.960104e-01  8.401080e-02 -2.129232e-02 -1.174600e+03]
 [ 0.000000e+00  0.000000e+00  0.000000e+00  1.000000e+00]]
[-0286.78, +0104.79, -1168.65]
1220, 1220, 750
[[-8.2137040e-02  9.9540836e-01  4.6001120e-02 -8.4380000e+01]
 [ 2.4940520e-02 -4.3947700e-02  9.9857776e-01  1.5409000e+02]
 [ 9.9615856e-01  8.3317280e-02 -2.1063300e-02 -1.1746200e+03]
 [ 0.0000000e+00  0.0000000e+00  0.0000000e+00  1.0000000e+00]]
[-0148.95, +0060.05, -1078.18]
1220, 1220, 938
[[-8.255316e-02  9.952932e-01  4.548444e-02 -8.443000e+01]
 [ 2.443044e-02 -4.336516e-02  9.985156e-01  1.541200e+02]
 [ 9.960324e-01  8.379556e-02 -2.047636e-02 -1.174640e+03]
 [ 0.000000e+00  0.000000e+00  0.000000e+00  1.000000e+00]]
[-0172.25, +0066.80, -1073.13]
1220, 1220, 1126
[[-8.1498100e-02  9.9545804e-01  4.5219880e-02 -8.4450000e+01]
 [ 2.5493320e-02 -4.3095300e-02  9.9856384e-01  1.5413000e+02]
 [ 9.9615844e-01  8.2722080e-02 -2.1673360e-02 -1.1746000e+03]
 [ 0.0000000e+00  0.0000000e+00  0.0000000e+00  1.0000000e+00]]
[-0192.02, +0073.39, -1073.28]
1220, 1220, 1314
[[-8.2120080e-02  9.9533264e-01  4.5130240e-02 -8.4480000e+01]
 [ 2.5603360e-02 -4.2908800e-02  9.9849392e-01  1.5414000e+02]
 [ 9.9602624e-01  8.3418080e-02 -2.1688720e-02 -1.1745900e+03]
 [ 0.0000000e+00  0.0000000e+00  0.0000000e+00  1.0000000e+00]]
[-0210.81, +0079.06, -1077.27]
1220, 1220, 1502
[[-8.2124200e-02  9.9533000e-01  4.4905600e-02 -8.4490000e+01]
 [ 2.4995840e-02 -4.2722500e-02  9.9850538e-01  1.5415000e+02]
 [ 9.9602888e-01  8.3402500e-02 -2.1086340e-02 -1.1745800e+03]
 [ 0.0000000e+00  0.0000000e+00  0.0000000e+00  1.0000000e+00]]
[-0229.50, +0085.29, -1085.66]
1220, 1220, 1690
[[-8.2540320e-02  9.9531128e-01  4.5118320e-02 -8.4500000e+01]
 [ 2.5212720e-02 -4.2932640e-02  9.9851528e-01  1.5415000e+02]
 [ 9.9601432e-01  8.3808720e-02 -2.1292320e-02 -1.1746200e+03]
 [ 0.0000000e+00  0.0000000e+00  0.0000000e+00  1.0000000e+00]]
[-0245.65, +0090.66, -1097.76]
1220, 1220, 1878
[[-8.2734340e-02  9.9532562e-01  4.4554880e-02 -8.4550000e+01]
 [ 2.5991020e-02 -4.2302340e-02  9.9852728e-01  1.5418000e+02]
 [ 9.9598328e-01  8.4018880e-02 -2.2116640e-02 -1.1745700e+03]
 [ 0.0000000e+00  0.0000000e+00  0.0000000e+00  1.0000000e+00]]
[-0259.42, +0095.38, -1113.91]
1220, 1220, 2066
[[-8.2940520e-02  9.9531968e-01  4.4565680e-02 -8.4570000e+01]
 [ 2.6195120e-02 -4.2302340e-02  9.9853322e-01  1.5419000e+02]
 [ 9.9597248e-01  8.4222980e-02 -2.2322820e-02 -1.1745800e+03]
 [ 0.0000000e+00  0.0000000e+00  0.0000000e+00  1.0000000e+00]]
[-0268.43, +0098.72, -1131.54]
2000, 2000, 750
[[-8.2481160e-02  9.9553654e-01  4.0928860e-02 -8.4530000e+01]
 [ 2.7529460e-02 -3.8573380e-02  9.9867058e-01  1.5461000e+02]
 [ 9.9599714e-01  8.3712580e-02 -2.4007780e-02 -1.1746800e+03]
 [ 0.0000000e+00  0.0000000e+00  0.0000000e+00  1.0000000e+00]]
[-0113.43, +0051.34, -1143.13]
2000, 2000, 938
[[-8.2903120e-02  9.9550668e-01  4.1316800e-02 -8.4610000e+01]
 [ 2.7154680e-02 -3.9004020e-02  9.9868440e-01  1.5449000e+02]
 [ 9.9599360e-01  8.4109200e-02 -2.3603140e-02 -1.1746300e+03]
 [ 0.0000000e+00  0.0000000e+00  0.0000000e+00  1.0000000e+00]]
[-0121.07, +0053.64, -1131.64]
2000, 2000, 1126
[[-8.2484000e-02  9.9542376e-01  4.1431680e-02 -8.4640000e+01]
 [ 2.7650880e-02 -3.8980900e-02  9.9856354e-01  1.5447000e+02]
 [ 9.9590184e-01  8.3816780e-02 -2.3999140e-02 -1.1745900e+03]
 [ 0.0000000e+00  0.0000000e+00  0.0000000e+00  1.0000000e+00]]
[-0129.23, +0056.89, -1121.79]
2000, 2000, 1314
[[-8.2912360e-02  9.9549174e-01  4.1266580e-02 -8.4670000e+01]
 [ 2.5956180e-02 -3.9039300e-02  9.9869934e-01  1.5444000e+02]
 [ 9.9600854e-01  8.4085020e-02 -2.2389700e-02 -1.1746400e+03]
 [ 0.0000000e+00  0.0000000e+00  0.0000000e+00  1.0000000e+00]]
[-0141.11, +0060.83, -1112.64]
2000, 2000, 1502
[[-8.2486920e-02  9.9552338e-01  4.1311700e-02 -8.4690000e+01]
 [ 2.7146620e-02 -3.8992420e-02  9.9866770e-01  1.5443000e+02]
 [ 9.9601030e-01  8.3709700e-02 -2.3594500e-02 -1.1745700e+03]
 [ 0.0000000e+00  0.0000000e+00  0.0000000e+00  1.0000000e+00]]
[-0156.46, +0065.57, -1105.68]
2000, 2000, 1690
[[-8.3741840e-02  9.9546300e-01  4.1293200e-02 -8.4720000e+01]
 [ 2.6371800e-02 -3.9051220e-02  9.9872808e-01  1.5442000e+02]
 [ 9.9597000e-01  8.4892080e-02 -2.2811620e-02 -1.1746200e+03]
 [ 0.0000000e+00  0.0000000e+00  0.0000000e+00  1.0000000e+00]]
[-0172.09, +0070.53, -1102.36]
2000, 2000, 1878
[[-8.3738760e-02  9.9536616e-01  4.0997040e-02 -8.4770000e+01]
 [ 2.6459760e-02 -3.8643700e-02  9.9863722e-01  1.5444000e+02]
 [ 9.9585864e-01  8.4986020e-02 -2.2820500e-02 -1.1746200e+03]
 [ 0.0000000e+00  0.0000000e+00  0.0000000e+00  1.0000000e+00]]
[-0190.63, +0076.40, -1102.68]
2000, 2000, 2066
[[-8.3735760e-02  9.9558084e-01  4.0807240e-02 -8.4790000e+01]
 [ 2.6649560e-02 -3.8631780e-02  9.9883002e-01  1.5444000e+02]
 [ 9.9606036e-01  8.4796220e-02 -2.3224980e-02 -1.1746000e+03]
 [ 0.0000000e+00  0.0000000e+00  0.0000000e+00  1.0000000e+00]]
[-0206.80, +0081.38, -1106.64]
1878, 2000, 2000
[[-8.3125380e-02  9.9547450e-01  4.1451980e-02 -8.4710000e+01]
 [ 2.5569100e-02 -3.9261000e-02  9.9870850e-01  1.5437000e+02]
 [ 9.9600902e-01  8.4279100e-02 -2.1985380e-02 -1.1746100e+03]
 [ 0.0000000e+00  0.0000000e+00  0.0000000e+00  1.0000000e+00]]
[-0209.70, +0069.20, -1104.39]
1690, 2000, 2000
[[-8.3125380e-02  9.9547450e-01  4.1451980e-02 -8.4700000e+01]
 [ 2.5569100e-02 -3.9261000e-02  9.9870850e-01  1.5436000e+02]
 [ 9.9600902e-01  8.4279100e-02 -2.1985380e-02 -1.1746200e+03]
 [ 0.0000000e+00  0.0000000e+00  0.0000000e+00  1.0000000e+00]]
[-0222.31, +0056.72, -1107.69]
1502, 2000, 2000
[[-8.2915600e-02  9.9558852e-01  4.1562840e-02 -8.4690000e+01]
 [ 2.5868040e-02 -3.9446900e-02  9.9879018e-01  1.5435000e+02]
 [ 9.9611988e-01  8.3990940e-02 -2.2381060e-02 -1.1746000e+03]
 [ 0.0000000e+00  0.0000000e+00  0.0000000e+00  1.0000000e+00]]
[-0232.39, +0046.02, -1114.01]
1314, 2000, 2000
[[-8.2499400e-02  9.9550198e-01  4.1453140e-02 -8.4680000e+01]
 [ 2.5756700e-02 -3.9237160e-02  9.9868102e-01  1.5434000e+02]
 [ 9.9603170e-01  8.3683900e-02 -2.2174600e-02 -1.1746100e+03]
 [ 0.0000000e+00  0.0000000e+00  0.0000000e+00  1.0000000e+00]]
[-0242.18, +0036.74, -1124.05]
1126, 2000, 2000
[[-8.2506120e-02  9.9549250e-01  4.1419820e-02 -8.4670000e+01]
 [ 2.4957700e-02 -3.9261000e-02  9.9869050e-01  1.5432000e+02]
 [ 9.9604118e-01  8.3667700e-02 -2.1366120e-02 -1.1746200e+03]
 [ 0.0000000e+00  0.0000000e+00  0.0000000e+00  1.0000000e+00]]
[-0249.54, +0028.32, -1136.80]
938, 2000, 2000
[[-8.1670560e-02  9.9563352e-01  4.1531840e-02 -8.4620000e+01]
 [ 2.5444160e-02 -3.9423300e-02  9.9874518e-01  1.5430000e+02]
 [ 9.9617448e-01  8.2784260e-02 -2.1951300e-02 -1.1746400e+03]
 [ 0.0000000e+00  0.0000000e+00  0.0000000e+00  1.0000000e+00]]
[-0253.81, +0021.99, -1149.96]
750, 2000, 2000
[[-8.1261480e-02  9.9564588e-01  4.0870400e-02 -8.4580000e+01]
 [ 2.4013120e-02 -3.8841480e-02  9.9875700e-01  1.5430000e+02]
 [ 9.9619500e-01  8.2349600e-02 -2.0541000e-02 -1.1746900e+03]
 [ 0.0000000e+00  0.0000000e+00  0.0000000e+00  1.0000000e+00]]
[-0256.01, +0017.41, -1162.28]
2066, 1220, 1220
[[-8.2912360e-02  9.9548374e-01  4.2307180e-02 -8.4630000e+01]
 [ 2.6996780e-02 -4.0029000e-02  9.9866654e-01  1.5430000e+02]
 [ 9.9601654e-01  8.4117820e-02 -2.3379400e-02 -1.1746000e+03]
 [ 0.0000000e+00  0.0000000e+00  0.0000000e+00  1.0000000e+00]]
[-0139.10, +0127.17, -1119.03]
1878, 1220, 1220
[[-8.2719460e-02  9.9556796e-01  4.2958740e-02 -8.4590000e+01]
 [ 2.5922360e-02 -4.0868200e-02  9.9875292e-01  1.5423000e+02]
 [ 9.9615714e-01  8.3808120e-02 -2.2347300e-02 -1.1746300e+03]
 [ 0.0000000e+00  0.0000000e+00  0.0000000e+00  1.0000000e+00]]
[-0153.86, +0116.39, -1100.69]
1690, 1220, 1220
[[-8.2303300e-02  9.9547968e-01  4.3057040e-02 -8.4580000e+01]
 [ 2.6018880e-02 -4.0856400e-02  9.9863724e-01  1.5422000e+02]
 [ 9.9607064e-01  8.3507640e-02 -2.2339060e-02 -1.1746100e+03]
 [ 0.0000000e+00  0.0000000e+00  0.0000000e+00  1.0000000e+00]]
[-0166.02, +0106.71, -1088.80]
1502, 1220, 1220
[[-8.2726740e-02  9.9545346e-01  4.3028500e-02 -8.4580000e+01]
 [ 2.5228300e-02 -4.0892040e-02  9.9866346e-01  1.5422000e+02]
 [ 9.9606354e-01  8.3890300e-02 -2.1538740e-02 -1.1746500e+03]
 [ 0.0000000e+00  0.0000000e+00  0.0000000e+00  1.0000000e+00]]
[-0178.63, +0096.07, -1080.74]
1314, 1220, 1220
[[-8.2936720e-02  9.9533776e-01  4.3125600e-02 -8.4570000e+01]
 [ 2.5137760e-02 -4.0904080e-02  9.9857520e-01  1.5421000e+02]
 [ 9.9595440e-01  8.4184800e-02 -2.1340800e-02 -1.1746500e+03]
 [ 0.0000000e+00  0.0000000e+00  0.0000000e+00  1.0000000e+00]]
[-0193.92, +0082.63, -1075.64]
1126, 1220, 1220
[[-8.1898260e-02  9.9548014e-01  4.3210580e-02 -8.4550000e+01]
 [ 2.5019980e-02 -4.1078100e-02  9.9862834e-01  1.5419000e+02]
 [ 9.9610334e-01  8.3089420e-02 -2.1316200e-02 -1.1746200e+03]
 [ 0.0000000e+00  0.0000000e+00  0.0000000e+00  1.0000000e+00]]
[-0209.62, +0068.18, -1074.76]
938, 1220, 1220
[[-8.2112080e-02  9.9546300e-01  4.3396080e-02 -8.4510000e+01]
 [ 2.4633000e-02 -4.1300000e-02  9.9863700e-01  1.5416000e+02]
 [ 9.9610392e-01  8.3283000e-02 -2.0912080e-02 -1.1746500e+03]
 [ 0.0000000e+00  0.0000000e+00  0.0000000e+00  1.0000000e+00]]
[-0225.87, +0052.71, -1078.61]
750, 1220, 1220
[[-8.1692160e-02  9.9548224e-01  4.3616000e-02 -8.4480000e+01]
 [ 2.5232000e-02 -4.1474260e-02  9.9860924e-01  1.5414000e+02]
 [ 9.9611776e-01  8.2898600e-02 -2.1506260e-02 -1.1746100e+03]
 [ 0.0000000e+00  0.0000000e+00  0.0000000e+00  1.0000000e+00]]
[-0241.41, +0037.55, -1087.99]
2066, 800, 800
[[-8.2929360e-02  9.9523872e-01  4.3678520e-02 -8.4590000e+01]
 [ 2.6457920e-02 -4.1276160e-02  9.9845328e-01  1.5421000e+02]
 [ 9.9584532e-01  8.4314080e-02 -2.2545360e-02 -1.1746200e+03]
 [ 0.0000000e+00  0.0000000e+00  0.0000000e+00  1.0000000e+00]]
[-0120.99, +0143.39, -1150.66]
1878, 800, 800
[[-8.2528200e-02  9.9533744e-01  4.3919880e-02 -8.4510000e+01]
 [ 2.5162680e-02 -4.1708040e-02  9.9854144e-01  1.5413000e+02]
 [ 9.9598816e-01  8.3794680e-02 -2.1316200e-02 -1.1746300e+03]
 [ 0.0000000e+00  0.0000000e+00  0.0000000e+00  1.0000000e+00]]
[-0128.85, +0138.26, -1125.68]
1690, 800, 800
[[-8.2528200e-02  9.9544050e-01  4.4024900e-02 -8.4510000e+01]
 [ 2.5265740e-02 -4.1906100e-02  9.9863382e-01  1.5413000e+02]
 [ 9.9609318e-01  8.3702300e-02 -2.1514260e-02 -1.1746200e+03]
 [ 0.0000000e+00  0.0000000e+00  0.0000000e+00  1.0000000e+00]]
[-0135.46, +0133.53, -1108.32]
1502, 800, 800
[[-8.2532160e-02  9.9543584e-01  4.4008240e-02 -8.4510000e+01]
 [ 2.4866240e-02 -4.1918100e-02  9.9863848e-01  1.5413000e+02]
 [ 9.9609784e-01  8.3693680e-02 -2.1110100e-02 -1.1746100e+03]
 [ 0.0000000e+00  0.0000000e+00  0.0000000e+00  1.0000000e+00]]
[-0144.98, +0126.34, -1092.00]
1314, 800, 800
[[-8.2532160e-02  9.9543384e-01  4.4216320e-02 -8.4490000e+01]
 [ 2.5074320e-02 -4.2116160e-02  9.9863184e-01  1.5411000e+02]
 [ 9.9609984e-01  8.3700320e-02 -2.1308160e-02 -1.1746200e+03]
 [ 0.0000000e+00  0.0000000e+00  0.0000000e+00  1.0000000e+00]]
[-0156.87, +0116.71, -1078.37]
1126, 800, 800
[[-8.2326100e-02  9.9543984e-01  4.4205680e-02 -8.4490000e+01]
 [ 2.4870240e-02 -4.2116160e-02  9.9862584e-01  1.5410000e+02]
 [ 9.9611048e-01  8.3496240e-02 -2.1102100e-02 -1.1746200e+03]
 [ 0.0000000e+00  0.0000000e+00  0.0000000e+00  1.0000000e+00]]
[-0172.47, +0103.47, -1067.13]
938, 800, 800
[[-8.1292200e-02  9.9557516e-01  4.4482480e-02 -8.4430000e+01]
 [ 2.4560240e-02 -4.2500520e-02  9.9867724e-01  1.5407000e+02]
 [ 9.9626572e-01  8.2398640e-02 -2.0872680e-02 -1.1746400e+03]
 [ 0.0000000e+00  0.0000000e+00  0.0000000e+00  1.0000000e+00]]
[-0190.13, +0088.00, -1060.32]
750, 800, 800
[[-8.1288080e-02  9.9537180e-01  4.4496840e-02 -8.4410000e+01]
 [ 2.4961800e-02 -4.2290500e-02  9.9848110e-01  1.5405000e+02]
 [ 9.9605316e-01  8.2598900e-02 -2.1078580e-02 -1.1746200e+03]
 [ 0.0000000e+00  0.0000000e+00  0.0000000e+00  1.0000000e+00]]
[-0209.14, +0070.64, -1058.54]
2000, 2066, 2000
[[-8.352322e-02  9.953901e-01  4.062040e-02 -8.482000e+01]
 [ 2.703810e-02 -3.821250e-02  9.986292e-01  1.544600e+02]
 [ 9.958516e-01  8.479320e-02 -2.343172e-02 -1.174590e+03]
 [ 0.000000e+00  0.000000e+00  0.000000e+00  1.000000e+00]]
[-0197.53, +0072.81, -1105.30]
2000, 1878, 2000
[[-8.3112740e-02  9.9549726e-01  4.1102820e-02 -8.4790000e+01]
 [ 2.6750820e-02 -3.8817800e-02  9.9870186e-01  1.5440000e+02]
 [ 9.9598626e-01  8.4298380e-02 -2.3207300e-02 -1.1745800e+03]
 [ 0.0000000e+00  0.0000000e+00  0.0000000e+00  1.0000000e+00]]
[-0202.31, +0093.87, -1104.96]
2000, 1690, 2000
[[-8.3322400e-02  9.9527668e-01  4.1303560e-02 -8.4780000e+01]
 [ 2.6764760e-02 -3.8829600e-02  9.9851492e-01  1.5438000e+02]
 [ 9.9577372e-01  8.4691960e-02 -2.3009440e-02 -1.1745800e+03]
 [ 0.0000000e+00  0.0000000e+00  0.0000000e+00  1.0000000e+00]]
[-0204.72, +0109.71, -1107.61]
2000, 1502, 2000
[[-8.4158280e-02  9.9523626e-01  4.1504820e-02 -8.4790000e+01]
 [ 2.6589660e-02 -3.9063220e-02  9.9854726e-01  1.5437000e+02]
 [ 9.9574638e-01  8.5489340e-02 -2.2820500e-02 -1.1746300e+03]
 [ 0.0000000e+00  0.0000000e+00  0.0000000e+00  1.0000000e+00]]
[-0207.37, +0123.05, -1113.34]
2000, 1314, 2000
[[-8.3328640e-02  9.9536688e-01  4.1791040e-02 -8.4780000e+01]
 [ 2.6485440e-02 -3.9446900e-02  9.9860418e-01  1.5435000e+02]
 [ 9.9589168e-01  8.4596460e-02 -2.2794100e-02 -1.1746000e+03]
 [ 0.0000000e+00  0.0000000e+00  0.0000000e+00  1.0000000e+00]]
[-0209.16, +0135.26, -1122.00]
2000, 1126, 2000
[[-8.3951620e-02  9.9544892e-01  4.1703640e-02 -8.4800000e+01]
 [ 2.6592520e-02 -3.9458820e-02  9.9872596e-01  1.5434000e+02]
 [ 9.9596716e-01  8.5100840e-02 -2.3009440e-02 -1.1745800e+03]
 [ 0.0000000e+00  0.0000000e+00  0.0000000e+00  1.0000000e+00]]
[-0210.56, +0145.67, -1133.10]
2000, 938, 2000
[[-8.4574800e-02  9.9532100e-01  4.1823000e-02 -8.4860000e+01]
 [ 2.6909400e-02 -3.9470820e-02  9.9865006e-01  1.5432000e+02]
 [ 9.9583580e-01  8.5803060e-02 -2.3224980e-02 -1.1745600e+03]
 [ 0.0000000e+00  0.0000000e+00  0.0000000e+00  1.0000000e+00]]
[-0210.91, +0153.74, -1145.10]
2000, 750, 2000
[[-8.6658600e-02  9.9501676e-01  4.3097520e-02 -8.5070000e+01]
 [ 2.8202640e-02 -4.0520520e-02  9.9850516e-01  1.5426000e+02]
 [ 9.9555028e-01  8.8031760e-02 -2.4259080e-02 -1.1744500e+03]
 [ 0.0000000e+00  0.0000000e+00  0.0000000e+00  1.0000000e+00]]
[-0210.48, +0159.86, -1156.98]
1220, 2066, 1220
[[-8.2726740e-02  9.9544974e-01  4.3444700e-02 -8.4590000e+01]
 [ 2.5644500e-02 -4.1288040e-02  9.9865026e-01  1.5427000e+02]
 [ 9.9606726e-01  8.3903500e-02 -2.1934740e-02 -1.1745900e+03]
 [ 0.0000000e+00  0.0000000e+00  0.0000000e+00  1.0000000e+00]]
[-0180.59, +0002.62, -1121.65]
1220, 1878, 1220
[[-8.3146740e-02  9.9542446e-01  4.3848980e-02 -8.4570000e+01]
 [ 2.5669780e-02 -4.1708040e-02  9.9865846e-01  1.5422000e+02]
 [ 9.9605906e-01  8.4307780e-02 -2.1934740e-02 -1.1746000e+03]
 [ 0.0000000e+00  0.0000000e+00  0.0000000e+00  1.0000000e+00]]
[-0186.15, +0018.16, -1102.55]
1220, 1690, 1220
[[-8.2948360e-02  9.9531608e-01  4.3907800e-02 -8.4560000e+01]
 [ 2.4771800e-02 -4.1732200e-02  9.9856280e-01  1.5421000e+02]
 [ 9.9597608e-01  8.4185560e-02 -2.0920200e-02 -1.1746300e+03]
 [ 0.0000000e+00  0.0000000e+00  0.0000000e+00  1.0000000e+00]]
[-0190.46, +0032.13, -1090.19]
1220, 1502, 1220
[[-8.2528200e-02  9.9544050e-01  4.4024900e-02 -8.4550000e+01]
 [ 2.5265740e-02 -4.1906100e-02  9.9863382e-01  1.5419000e+02]
 [ 9.9609318e-01  8.3702300e-02 -2.1514260e-02 -1.1745900e+03]
 [ 0.0000000e+00  0.0000000e+00  0.0000000e+00  1.0000000e+00]]
[-0194.69, +0047.43, -1081.76]
1220, 1314, 1220
[[-8.2738260e-02  9.9532478e-01  4.4121960e-02 -8.4550000e+01]
 [ 2.5175340e-02 -4.1918100e-02  9.9854548e-01  1.5418000e+02]
 [ 9.9598412e-01  8.3996760e-02 -2.1316200e-02 -1.1746100e+03]
 [ 0.0000000e+00  0.0000000e+00  0.0000000e+00  1.0000000e+00]]
[-0199.52, +0066.54, -1076.20]
1220, 1126, 1220
[[-8.273826e-02  9.955309e-01  4.433204e-02 -8.455000e+01]
 [ 2.538146e-02 -4.231426e-02  9.987302e-01  1.541600e+02]
 [ 9.961942e-01  8.381204e-02 -2.171236e-02 -1.174590e+03]
 [ 0.000000e+00  0.000000e+00  0.000000e+00  1.000000e+00]]
[-0203.98, +0086.60, -1074.24]
1220, 938, 1220
[[-8.2532160e-02  9.9542984e-01  4.4632480e-02 -8.4540000e+01]
 [ 2.5490480e-02 -4.2512400e-02  9.9861844e-01  1.5413000e+02]
 [ 9.9610384e-01  8.3713720e-02 -2.1704400e-02 -1.1745900e+03]
 [ 0.0000000e+00  0.0000000e+00  0.0000000e+00  1.0000000e+00]]
[-0208.49, +0108.71, -1076.85]
1220, 750, 1220
[[-8.2750500e-02  9.9540780e-01  4.4801200e-02 -8.4530000e+01]
 [ 2.4704200e-02 -4.2746580e-02  9.9863172e-01  1.5409000e+02]
 [ 9.9610920e-01  8.3898280e-02 -2.0896080e-02 -1.1745900e+03]
 [ 0.0000000e+00  0.0000000e+00  0.0000000e+00  1.0000000e+00]]
[-0212.45, +0130.11, -1084.84]
800, 2066, 800
[[-8.2108200e-02  9.9556492e-01  4.4141760e-02 -8.4420000e+01]
 [ 2.5759680e-02 -4.2080520e-02  9.9870484e-01  1.5421000e+02]
 [ 9.9621004e-01  8.3219040e-02 -2.2108680e-02 -1.1746000e+03]
 [ 0.0000000e+00  0.0000000e+00  0.0000000e+00  1.0000000e+00]]
[-0172.44, -0019.63, -1153.71]
800, 1878, 800
[[-8.1704040e-02  9.9556332e-01  4.4503520e-02 -8.4410000e+01]
 [ 2.4968480e-02 -4.2500520e-02  9.9868908e-01  1.5415000e+02]
 [ 9.9624468e-01  8.2806880e-02 -2.1284520e-02 -1.1746100e+03]
 [ 0.0000000e+00  0.0000000e+00  0.0000000e+00  1.0000000e+00]]
[-0177.24, -0013.77, -1130.71]
800, 1690, 800
[[-8.1918260e-02  9.9543894e-01  4.5000060e-02 -8.4410000e+01]
 [ 2.4894660e-02 -4.2920680e-02  9.9859178e-01  1.5412000e+02]
 [ 9.9614454e-01  8.3105980e-02 -2.1078580e-02 -1.1746200e+03]
 [ 0.0000000e+00  0.0000000e+00  0.0000000e+00  1.0000000e+00]]
[-0181.07, -0007.20, -1112.61]
800, 1502, 800
[[-8.1918260e-02  9.9543894e-01  4.5000060e-02 -8.4400000e+01]
 [ 2.4894660e-02 -4.2920680e-02  9.9859178e-01  1.5411000e+02]
 [ 9.9614454e-01  8.3105980e-02 -2.1078580e-02 -1.1746500e+03]
 [ 0.0000000e+00  0.0000000e+00  0.0000000e+00  1.0000000e+00]]
[-0185.17, +0002.51, -1096.44]
800, 1314, 800
[[-8.1296400e-02  9.9546136e-01  4.4984920e-02 -8.4390000e+01]
 [ 2.4681680e-02 -4.2908800e-02  9.9856936e-01  1.5409000e+02]
 [ 9.9617156e-01  8.2502320e-02 -2.0865040e-02 -1.1746200e+03]
 [ 0.0000000e+00  0.0000000e+00  0.0000000e+00  1.0000000e+00]]
[-0190.23, +0017.36, -1081.01]
800, 1126, 800
[[-8.255316e-02  9.952954e-01  4.527636e-02 -8.440000e+01]
 [ 2.422236e-02 -4.316706e-02  9.985223e-01  1.540700e+02]
 [ 9.960302e-01  8.378886e-02 -2.027826e-02 -1.174640e+03]
 [ 0.000000e+00  0.000000e+00  0.000000e+00  1.000000e+00]]
[-0195.55, +0035.26, -1069.35]
800, 938, 800
[[-8.1918260e-02  9.9543474e-01  4.5416100e-02 -8.4390000e+01]
 [ 2.5310700e-02 -4.3317160e-02  9.9857826e-01  1.5405000e+02]
 [ 9.9614874e-01  8.3119500e-02 -2.1475060e-02 -1.1745700e+03]
 [ 0.0000000e+00  0.0000000e+00  0.0000000e+00  1.0000000e+00]]
[-0201.48, +0057.58, -1061.36]
800, 750, 800
[[-8.1300680e-02  9.9544818e-01  4.5800340e-02 -8.4370000e+01]
 [ 2.5114020e-02 -4.3713800e-02  9.9854694e-01  1.5401000e+02]
 [ 9.9618474e-01  8.2520460e-02 -2.1254120e-02 -1.1745700e+03]
 [ 0.0000000e+00  0.0000000e+00  0.0000000e+00  1.0000000e+00]]
[-0207.25, +0081.65, -1058.20]
2000, 2000, 2066
[[-8.3741840e-02  9.9535500e-01  4.1812920e-02 -8.4790000e+01]
 [ 2.6893080e-02 -3.9446900e-02  9.9861606e-01  1.5441000e+02]
 [ 9.9586980e-01  8.5004100e-02 -2.3207300e-02 -1.1745900e+03]
 [ 0.0000000e+00  0.0000000e+00  0.0000000e+00  1.0000000e+00]]
[-0204.63, +0080.65, -1106.15]
2000, 2000, 1878
[[-8.3951620e-02  9.9534086e-01  4.2223400e-02 -8.4730000e+01]
 [ 2.7113860e-02 -3.9854580e-02  9.9861380e-01  1.5438000e+02]
 [ 9.9586700e-01  8.5213000e-02 -2.3405200e-02 -1.1745900e+03]
 [ 0.0000000e+00  0.0000000e+00  0.0000000e+00  1.0000000e+00]]
[-0183.35, +0074.55, -1102.60]
2000, 2000, 1690
[[-8.3122100e-02  9.9547122e-01  4.2509460e-02 -8.4690000e+01]
 [ 2.7009300e-02 -4.0238740e-02  9.9867078e-01  1.5437000e+02]
 [ 9.9601230e-01  8.4320100e-02 -2.3379400e-02 -1.1746100e+03]
 [ 0.0000000e+00  0.0000000e+00  0.0000000e+00  1.0000000e+00]]
[-0167.22, +0069.38, -1103.22]
2000, 2000, 1502
[[-8.3538420e-02  9.9535112e-01  4.2409620e-02 -8.4670000e+01]
 [ 2.6914320e-02 -4.0052520e-02  9.9859528e-01  1.5436000e+02]
 [ 9.9589058e-01  8.4811920e-02 -2.3189940e-02 -1.1746200e+03]
 [ 0.0000000e+00  0.0000000e+00  0.0000000e+00  1.0000000e+00]]
[-0152.65, +0064.73, -1106.97]
2000, 2000, 1314
[[-8.3328640e-02  9.9536048e-01  4.2623680e-02 -8.4650000e+01]
 [ 2.7318080e-02 -4.0238740e-02  9.9857762e-01  1.5437000e+02]
 [ 9.9589808e-01  8.4623020e-02 -2.3585940e-02 -1.1746000e+03]
 [ 0.0000000e+00  0.0000000e+00  0.0000000e+00  1.0000000e+00]]
[-0140.38, +0060.73, -1113.32]
2000, 2000, 1126
[[-8.2496160e-02  9.9549724e-01  4.2718280e-02 -8.4620000e+01]
 [ 2.7404680e-02 -4.0413600e-02  9.9863644e-01  1.5437000e+02]
 [ 9.9603644e-01  8.3731720e-02 -2.3767200e-02 -1.1746100e+03]
 [ 0.0000000e+00  0.0000000e+00  0.0000000e+00  1.0000000e+00]]
[-0129.28, +0057.24, -1122.26]
2000, 2000, 938
[[-8.2709140e-02  9.9537640e-01  4.2799020e-02 -8.4540000e+01]
 [ 2.6914480e-02 -4.0436800e-02  9.9855336e-01  1.5439000e+02]
 [ 9.9593250e-01  8.4018000e-02 -2.3164500e-02 -1.1746300e+03]
 [ 0.0000000e+00  0.0000000e+00  0.0000000e+00  1.0000000e+00]]
[-0120.24, +0054.66, -1132.91]
2000, 2000, 750
[[-8.2062280e-02  9.9545368e-01  4.1043600e-02 -8.4470000e+01]
 [ 2.8025680e-02 -3.8550580e-02  9.9854970e-01  1.5458000e+02]
 [ 9.9590520e-01  8.3420100e-02 -2.4403860e-02 -1.1746500e+03]
 [ 0.0000000e+00  0.0000000e+00  0.0000000e+00  1.0000000e+00]]
[-0112.80, +0052.77, -1144.17]
1220, 1220, 2066
[[-8.2915600e-02  9.9527224e-01  4.2080680e-02 -8.4680000e+01]
 [ 2.6390800e-02 -3.9644800e-02  9.9848680e-01  1.5427000e+02]
 [ 9.9581180e-01  8.4294320e-02 -2.2578960e-02 -1.1745800e+03]
 [ 0.0000000e+00  0.0000000e+00  0.0000000e+00  1.0000000e+00]]
[-0269.02, +0098.08, -1132.03]
1220, 1220, 1878
[[-8.271946e-02  9.953652e-01  4.233266e-02 -8.465000e+01]
 [ 2.529984e-02 -4.007636e-02  9.985812e-01  1.542400e+02]
 [ 9.959437e-01  8.397984e-02 -2.155546e-02 -1.174610e+03]
 [ 0.000000e+00  0.000000e+00  0.000000e+00  1.000000e+00]]
[-0256.86, +0093.87, -1111.28]
1220, 1220, 1690
[[-8.2306900e-02  9.9547850e-01  4.2624300e-02 -8.4620000e+01]
 [ 2.5203260e-02 -4.0472200e-02  9.9865518e-01  1.5422000e+02]
 [ 9.9607182e-01  8.3486100e-02 -2.1538740e-02 -1.1746300e+03]
 [ 0.0000000e+00  0.0000000e+00  0.0000000e+00  1.0000000e+00]]
[-0244.63, +0089.78, -1096.80]
1220, 1220, 1502
[[-8.2306900e-02  9.9547850e-01  4.2624300e-02 -8.4580000e+01]
 [ 2.5203260e-02 -4.0472200e-02  9.9865518e-01  1.5421000e+02]
 [ 9.9607182e-01  8.3486100e-02 -2.1538740e-02 -1.1746400e+03]
 [ 0.0000000e+00  0.0000000e+00  0.0000000e+00  1.0000000e+00]]
[-0228.23, +0084.47, -1084.75]
1220, 1220, 1314
[[-8.2306900e-02  9.9547668e-01  4.2832360e-02 -8.4570000e+01]
 [ 2.5411320e-02 -4.0670180e-02  9.9864864e-01  1.5420000e+02]
 [ 9.9607364e-01  8.3492640e-02 -2.1736720e-02 -1.1746000e+03]
 [ 0.0000000e+00  0.0000000e+00  0.0000000e+00  1.0000000e+00]]
[-0211.15, +0079.13, -1077.29]
1220, 1220, 1126
[[-8.3356800e-02  9.9541944e-01  4.3218480e-02 -8.4560000e+01]
 [ 2.4849840e-02 -4.1126260e-02  9.9868904e-01  1.5420000e+02]
 [ 9.9604728e-01  8.4483440e-02 -2.1142900e-02 -1.1746600e+03]
 [ 0.0000000e+00  0.0000000e+00  0.0000000e+00  1.0000000e+00]]
[-0191.56, +0072.81, -1073.10]
1220, 1220, 938
[[-8.2310580e-02  9.9546826e-01  4.3231860e-02 -8.4540000e+01]
 [ 2.5427940e-02 -4.1078100e-02  9.9864022e-01  1.5419000e+02]
 [ 9.9608206e-01  8.3497380e-02 -2.1728520e-02 -1.1746400e+03]
 [ 0.0000000e+00  0.0000000e+00  0.0000000e+00  1.0000000e+00]]
[-0170.61, +0066.33, -1073.19]
1220, 1220, 750
[[-8.2100680e-02  9.9547710e-01  4.3445820e-02 -8.4500000e+01]
 [ 2.5831500e-02 -4.1264360e-02  9.9862290e-01  1.5416000e+02]
 [ 9.9608982e-01  8.3308500e-02 -2.2124680e-02 -1.1745900e+03]
 [ 0.0000000e+00  0.0000000e+00  0.0000000e+00  1.0000000e+00]]
[-0149.79, +0059.98, -1077.94]
800, 800, 2066
[[-8.2730500e-02  9.9534570e-01  4.2906800e-02 -8.4610000e+01]
 [ 2.4725700e-02 -4.0706180e-02  9.9857568e-01  1.5414000e+02]
 [ 9.9596320e-01  8.3974320e-02 -2.0936680e-02 -1.1746300e+03]
 [ 0.0000000e+00  0.0000000e+00  0.0000000e+00  1.0000000e+00]]
[-0286.91, +0105.06, -1168.60]
800, 800, 1878
[[-8.3146740e-02  9.9543016e-01  4.3224560e-02 -8.4560000e+01]
 [ 2.5045360e-02 -4.1114100e-02  9.9867832e-01  1.5412000e+02]
 [ 9.9605336e-01  8.4287920e-02 -2.1340800e-02 -1.1746200e+03]
 [ 0.0000000e+00  0.0000000e+00  0.0000000e+00  1.0000000e+00]]
[-0284.95, +0102.57, -1144.83]
800, 800, 1690
[[-8.2318180e-02  9.9555812e-01  4.3719740e-02 -8.4520000e+01]
 [ 2.5148120e-02 -4.1696080e-02  9.9872884e-01  1.5409000e+02]
 [ 9.9620026e-01  8.3401160e-02 -2.1514260e-02 -1.1746200e+03]
 [ 0.0000000e+00  0.0000000e+00  0.0000000e+00  1.0000000e+00]]
[-0280.36, +0100.10, -1124.41]
800, 800, 1502
[[-8.2322100e-02  9.9544846e-01  4.3806180e-02 -8.4490000e+01]
 [ 2.4853620e-02 -4.1708040e-02  9.9863446e-01  1.5409000e+02]
 [ 9.9610186e-01  8.3491620e-02 -2.1110100e-02 -1.1746400e+03]
 [ 0.0000000e+00  0.0000000e+00  0.0000000e+00  1.0000000e+00]]
[-0271.19, +0096.43, -1104.70]
800, 800, 1314
[[-8.2322100e-02  9.9544846e-01  4.3806180e-02 -8.4490000e+01]
 [ 2.4853620e-02 -4.1708040e-02  9.9863446e-01  1.5408000e+02]
 [ 9.9610186e-01  8.3491620e-02 -2.1110100e-02 -1.1746400e+03]
 [ 0.0000000e+00  0.0000000e+00  0.0000000e+00  1.0000000e+00]]
[-0258.95, +0092.05, -1088.67]
800, 800, 1126
[[-8.2326100e-02  9.9533682e-01  4.4100640e-02 -8.4470000e+01]
 [ 2.4767220e-02 -4.1918100e-02  9.9853344e-01  1.5407000e+02]
 [ 9.9600544e-01  8.3588640e-02 -2.0904040e-02 -1.1746400e+03]
 [ 0.0000000e+00  0.0000000e+00  0.0000000e+00  1.0000000e+00]]
[-0241.66, +0086.61, -1074.07]
800, 800, 938
[[-8.1502260e-02  9.9556678e-01  4.4268560e-02 -8.4450000e+01]
 [ 2.4156860e-02 -4.2314260e-02  9.9869432e-01  1.5406000e+02]
 [ 9.9625768e-01  8.2587440e-02 -2.0476360e-02 -1.1746400e+03]
 [ 0.0000000e+00  0.0000000e+00  0.0000000e+00  1.0000000e+00]]
[-0220.99, +0079.92, -1063.29]
