1000, 800, 800
[[-3.7447050e-01 -8.9248900e-02 -9.2268410e-01  1.7372000e+02]
 [ 3.9298100e-02  9.9293148e-01 -1.1198378e-01  8.7600000e+01]
 [ 9.2615710e-01 -7.8226220e-02 -3.6831402e-01 -1.3291200e+03]
 [ 0.0000000e+00  0.0000000e+00  0.0000000e+00  1.0000000e+00]]
[+0200.71, +0011.72, -1188.94]
1000, 1080, 1080
[[-3.7612500e-01 -9.0827000e-02 -9.2180400e-01  1.7361000e+02]
 [ 3.7536000e-02  9.9286908e-01 -1.1313332e-01  8.7480000e+01]
 [ 9.2550700e-01 -7.7191680e-02 -3.7003092e-01 -1.3291100e+03]
 [ 0.0000000e+00  0.0000000e+00  0.0000000e+00  1.0000000e+00]]
[+0230.80, -0011.04, -1183.29]
1000, 1360, 1360
[[-3.7522450e-01 -9.1156280e-02 -9.2229504e-01  1.7359000e+02]
 [ 3.8215480e-02  9.9278318e-01 -1.1366496e-01  8.7440000e+01]
 [ 9.2600064e-01 -7.7914560e-02 -3.6903168e-01 -1.3290100e+03]
 [ 0.0000000e+00  0.0000000e+00  0.0000000e+00  1.0000000e+00]]
[+0255.40, -0030.58, -1189.62]
1000, 1640, 1640
[[-3.7588634e-01 -9.2451780e-02 -9.2192940e-01  1.7359000e+02]
 [ 3.6850500e-02  9.9273070e-01 -1.1457180e-01  8.7360000e+01]
 [ 9.2582028e-01 -7.7054040e-02 -3.6974600e-01 -1.3290500e+03]
 [ 0.0000000e+00  0.0000000e+00  0.0000000e+00  1.0000000e+00]]
[+0280.55, -0045.77, -1204.81]
1000, 1920, 1920
[[-3.7569508e-01 -9.3614760e-02 -9.2176248e-01  1.7349000e+02]
 [ 3.7027440e-02  9.9257068e-01 -1.1588796e-01  8.7240000e+01]
 [ 9.2576388e-01 -7.7700240e-02 -3.6943540e-01 -1.3290300e+03]
 [ 0.0000000e+00  0.0000000e+00  0.0000000e+00  1.0000000e+00]]
[+0299.78, -0055.17, -1227.10]
1220, 800, 800
[[-3.7572520e-01 -8.9684400e-02 -9.2209020e-01  1.7370000e+02]
 [ 3.8054640e-02  9.9296960e-01 -1.1207352e-01  8.7560000e+01]
 [ 9.2565948e-01 -7.7235600e-02 -3.6966824e-01 -1.3290500e+03]
 [ 0.0000000e+00  0.0000000e+00  0.0000000e+00  1.0000000e+00]]
[+0185.59, +0028.33, -1208.13]
1220, 1080, 1080
[[-3.7584010e-01 -9.1235580e-02 -9.2200536e-01  1.7363000e+02]
 [ 3.7620060e-02  9.9281654e-01 -1.1357088e-01  8.7490000e+01]
 [ 9.2574432e-01 -7.7393040e-02 -3.6970640e-01 -1.3290500e+03]
 [ 0.0000000e+00  0.0000000e+00  0.0000000e+00  1.0000000e+00]]
[+0211.62, +0006.30, -1194.16]
1220, 1360, 1360
[[-3.7617108e-01 -9.1723780e-02 -9.2191690e-01  1.7365000e+02]
 [ 3.7108780e-02  9.9279692e-01 -1.1391410e-01  8.7460000e+01]
 [ 9.2572510e-01 -7.7072900e-02 -3.7005700e-01 -1.3290700e+03]
 [ 0.0000000e+00  0.0000000e+00  0.0000000e+00  1.0000000e+00]]
[+0235.08, -0013.70, -1192.71]
1220, 1640, 1640
[[-3.7647904e-01 -9.2585520e-02 -9.2163168e-01  1.7352000e+02]
 [ 3.5977680e-02  9.9277966e-01 -1.1442312e-01  8.7340000e+01]
 [ 9.2557152e-01 -7.6255920e-02 -3.7042834e-01 -1.3291300e+03]
 [ 0.0000000e+00  0.0000000e+00  0.0000000e+00  1.0000000e+00]]
[+0259.69, -0031.75, -1200.15]
1220, 1920, 1920
[[-3.7626372e-01 -9.3471100e-02 -9.2147974e-01  1.7346000e+02]
 [ 3.6208100e-02  9.9265020e-01 -1.1546230e-01  8.7240000e+01]
 [ 9.2550026e-01 -7.6848700e-02 -3.7011108e-01 -1.3291100e+03]
 [ 0.0000000e+00  0.0000000e+00  0.0000000e+00  1.0000000e+00]]
[+0282.32, -0046.22, -1216.22]
1220, 2200, 2200
[[-3.7579186e-01 -9.4628580e-02 -9.2166162e-01  1.7332000e+02]
 [ 4.0033380e-02  9.9218332e-01 -1.1818422e-01  8.7430000e+01]
 [ 9.2564142e-01 -8.1336420e-02 -3.6906418e-01 -1.3293000e+03]
 [ 0.0000000e+00  0.0000000e+00  0.0000000e+00  1.0000000e+00]]
[+0293.19, -0046.86, -1230.91]
1600, 800, 800
[[-3.7504050e-01 -8.8950420e-02 -9.2257744e-01  1.7370000e+02]
 [ 3.8656660e-02  9.9301710e-01 -1.1145072e-01  8.7640000e+01]
 [ 9.2604912e-01 -7.7481760e-02 -3.6898176e-01 -1.3291200e+03]
 [ 0.0000000e+00  0.0000000e+00  0.0000000e+00  1.0000000e+00]]
[+0172.93, +0047.45, -1248.33]
1600, 1080, 1080
[[-3.7634152e-01 -9.0591760e-02 -9.2174340e-01  1.7361000e+02]
 [ 3.6632240e-02  9.9297062e-01 -1.1253720e-01  8.7510000e+01]
 [ 9.2545980e-01 -7.6155600e-02 -3.7037490e-01 -1.3291200e+03]
 [ 0.0000000e+00  0.0000000e+00  0.0000000e+00  1.0000000e+00]]
[+0189.58, +0031.59, -1223.80]
1600, 1360, 1360
[[-3.7607908e-01 -9.1100260e-02 -9.2177606e-01  1.7357000e+02]
 [ 3.6816260e-02  9.9289550e-01 -1.1313718e-01  8.7450000e+01]
 [ 9.2553494e-01 -7.6525820e-02 -3.7005042e-01 -1.3291300e+03]
 [ 0.0000000e+00  0.0000000e+00  0.0000000e+00  1.0000000e+00]]
[+0207.07, +0011.69, -1211.11]
1600, 1640, 1640
[[-3.7650210e-01 -9.1372960e-02 -9.2172058e-01  1.7354000e+02]
 [ 3.7413440e-02  9.9281004e-01 -1.1369584e-01  8.7420000e+01]
 [ 9.2548262e-01 -7.7314240e-02 -3.7037490e-01 -1.3291100e+03]
 [ 0.0000000e+00  0.0000000e+00  0.0000000e+00  1.0000000e+00]]
[+0228.73, -0006.46, -1206.37]
1600, 1920, 1920
[[-3.7685626e-01 -9.2292400e-02 -9.2144004e-01  1.7348000e+02]
 [ 3.6670960e-02  9.9275384e-01 -1.1442420e-01  8.7310000e+01]
 [ 9.2532420e-01 -7.6940040e-02 -3.7073906e-01 -1.3290900e+03]
 [ 0.0000000e+00  0.0000000e+00  0.0000000e+00  1.0000000e+00]]
[+0252.95, -0026.22, -1211.02]
1600, 2200, 2200
[[-3.7699570e-01 -9.3943320e-02 -9.2118426e-01  1.7337000e+02]
 [ 3.6335400e-02  9.9257336e-01 -1.1608332e-01  8.7220000e+01]
 [ 9.2524890e-01 -7.7267400e-02 -3.7078010e-01 -1.3291500e+03]
 [ 0.0000000e+00  0.0000000e+00  0.0000000e+00  1.0000000e+00]]
[+0272.82, -0035.61, -1222.74]
1920, 1920, 1600
[[-3.7714120e-01 -9.1884040e-02 -9.2123872e-01  1.7349000e+02]
 [ 3.6587000e-02  9.9280670e-01 -1.1398640e-01  8.7440000e+01]
 [ 9.2508640e-01 -7.6738720e-02 -3.7106346e-01 -1.3291700e+03]
 [ 0.0000000e+00  0.0000000e+00  0.0000000e+00  1.0000000e+00]]
[+0231.34, +0027.59, -1219.17]
1640, 1640, 1600
[[-3.7579402e-01 -9.1166240e-02 -9.2183486e-01  1.7356000e+02]
 [ 3.7219760e-02  9.9285612e-01 -1.1334832e-01  8.7500000e+01]
 [ 9.2558386e-01 -7.6953680e-02 -3.6971290e-01 -1.3291800e+03]
 [ 0.0000000e+00  0.0000000e+00  0.0000000e+00  1.0000000e+00]]
[+0226.85, -0000.53, -1206.92]
1360, 1360, 1600
[[-3.7614802e-01 -9.0442120e-02 -9.2183534e-01  1.7359000e+02]
 [ 3.8144120e-02  9.9286520e-01 -1.1296396e-01  8.7520000e+01]
 [ 9.2547566e-01 -7.7692040e-02 -3.7001178e-01 -1.3291200e+03]
 [ 0.0000000e+00  0.0000000e+00  0.0000000e+00  1.0000000e+00]]
[+0224.05, -0028.66, -1203.22]
1080, 1080, 1600
[[-3.7584010e-01 -8.9580780e-02 -9.2212076e-01  1.7364000e+02]
 [ 3.9274860e-02  9.9287934e-01 -1.1245428e-01  8.7590000e+01]
 [ 9.2562892e-01 -7.8509640e-02 -3.6964360e-01 -1.3291400e+03]
 [ 0.0000000e+00  0.0000000e+00  0.0000000e+00  1.0000000e+00]]
[+0221.77, -0057.22, -1208.59]
800, 800, 1600
[[-3.7385506e-01 -8.8674240e-02 -9.2300828e-01  1.7376000e+02]
 [ 4.0389120e-02  9.9291510e-01 -1.1174136e-01  8.7700000e+01]
 [ 9.2637796e-01 -7.9084080e-02 -3.6762280e-01 -1.3291800e+03]
 [ 0.0000000e+00  0.0000000e+00  0.0000000e+00  1.0000000e+00]]
[+0222.83, -0085.02, -1224.91]
2200, 2200, 1220
[[-3.8030800e-01 -9.8020280e-02 -9.1962796e-01  1.7293000e+02]
 [ 3.5046680e-02  9.9212592e-01 -1.2023996e-01  8.7200000e+01]
 [ 9.2417276e-01 -7.7961160e-02 -3.7387792e-01 -1.3293900e+03]
 [ 0.0000000e+00  0.0000000e+00  0.0000000e+00  1.0000000e+00]]
[+0252.71, +0059.71, -1243.03]
1920, 1920, 1220
[[-3.7761130e-01 -9.2876020e-02 -9.2114134e-01  1.7341000e+02]
 [ 3.6909980e-02  9.9265430e-01 -1.1521106e-01  8.7400000e+01]
 [ 9.2507566e-01 -7.7524060e-02 -3.7140804e-01 -1.3291700e+03]
 [ 0.0000000e+00  0.0000000e+00  0.0000000e+00  1.0000000e+00]]
[+0244.98, +0051.32, -1226.01]
1640, 1640, 1220
[[-3.7692580e-01 -9.2461540e-02 -9.2144158e-01  1.7347000e+02]
 [ 3.7171180e-02  9.9269100e-01 -1.1480926e-01  8.7430000e+01]
 [ 9.2532266e-01 -7.7548220e-02 -3.7073236e-01 -1.3291700e+03]
 [ 0.0000000e+00  0.0000000e+00  0.0000000e+00  1.0000000e+00]]
[+0233.35, +0035.00, -1209.10]
1360, 1360, 1220
[[-3.7626372e-01 -9.1993220e-02 -9.2174982e-01  1.7352000e+02]
 [ 3.7709220e-02  9.9271086e-01 -1.1446118e-01  8.7450000e+01]
 [ 9.2556118e-01 -7.7849820e-02 -3.7005042e-01 -1.3291700e+03]
 [ 0.0000000e+00  0.0000000e+00  0.0000000e+00  1.0000000e+00]]
[+0227.28, +0009.24, -1195.26]
1080, 1080, 1220
[[-3.762405e-01 -9.121960e-02 -9.217995e-01  1.735600e+02]
 [ 3.825960e-02  9.927600e-01 -1.138492e-01  8.750000e+01]
 [ 9.255115e-01 -7.813080e-02 -3.700245e-01 -1.329170e+03]
 [ 0.000000e+00  0.000000e+00  0.000000e+00  1.000000e+00]]
[+0220.85, -0020.92, -1190.19]
800, 800, 1220
[[-3.7449352e-01 -9.0341560e-02 -9.2244656e-01  1.7368000e+02]
 [ 3.8405960e-02  9.9287150e-01 -1.1281672e-01  8.7610000e+01]
 [ 9.2606384e-01 -7.7724080e-02 -3.6835098e-01 -1.3292000e+03]
 [ 0.0000000e+00  0.0000000e+00  0.0000000e+00  1.0000000e+00]]
[+0217.78, -0055.29, -1194.56]
2200, 2200, 1000
[[-3.7732680e-01 -9.3438440e-02 -9.2116528e-01  1.7339000e+02]
 [ 3.6816920e-02  9.9259406e-01 -1.1575696e-01  8.7300000e+01]
 [ 9.2515984e-01 -7.7617120e-02 -3.7109050e-01 -1.3291800e+03]
 [ 0.0000000e+00  0.0000000e+00  0.0000000e+00  1.0000000e+00]]
[+0244.52, +0070.03, -1242.97]
1920, 1920, 1000
[[-3.7763460e-01 -9.3815420e-02 -9.2107966e-01  1.7336000e+02]
 [ 3.6193580e-02  9.9259670e-01 -1.1593414e-01  8.7320000e+01]
 [ 9.2513734e-01 -7.7132140e-02 -3.7144234e-01 -1.3291400e+03]
 [ 0.0000000e+00  0.0000000e+00  0.0000000e+00  1.0000000e+00]]
[+0252.73, +0066.17, -1238.94]
1640, 1640, 1000
[[-3.7624050e-01 -9.3194000e-02 -9.2149480e-01  1.7344000e+02]
 [ 3.6262000e-02  9.9268032e-01 -1.1518520e-01  8.7350000e+01]
 [ 9.2548520e-01 -7.6794800e-02 -3.7010418e-01 -1.3291600e+03]
 [ 0.0000000e+00  0.0000000e+00  0.0000000e+00  1.0000000e+00]]
[+0240.87, +0052.66, -1215.30]
1360, 1360, 1000
[[-3.7694906e-01 -9.2573100e-02 -9.2143824e-01  1.7347000e+02]
 [ 3.7282740e-02  9.9266774e-01 -1.1497480e-01  8.7390000e+01]
 [ 9.2532600e-01 -7.7713760e-02 -3.7073236e-01 -1.3291600e+03]
 [ 0.0000000e+00  0.0000000e+00  0.0000000e+00  1.0000000e+00]]
[+0231.53, +0032.49, -1197.30]
1080, 1080, 1000
[[-3.7647904e-01 -9.1757920e-02 -9.2168928e-01  1.7354000e+02]
 [ 3.6805280e-02  9.9281336e-01 -1.1386512e-01  8.7440000e+01]
 [ 9.2551392e-01 -7.6813920e-02 -3.7039464e-01 -1.3290900e+03]
 [ 0.0000000e+00  0.0000000e+00  0.0000000e+00  1.0000000e+00]]
[+0223.01, +0003.85, -1185.81]
800, 800, 1000
[[-3.7489364e-01 -9.0822240e-02 -9.2220648e-01  1.7366000e+02]
 [ 3.8549520e-02  9.9279590e-01 -1.1342994e-01  8.7530000e+01]
 [ 9.2586576e-01 -7.8126420e-02 -3.6868810e-01 -1.3291700e+03]
 [ 0.0000000e+00  0.0000000e+00  0.0000000e+00  1.0000000e+00]]
[+0216.68, -0031.52, -1183.06]
800, 1000, 800
[[-3.7555540e-01 -9.0474480e-02 -9.2212216e-01  1.7362000e+02]
 [ 3.8850960e-02  9.9280846e-01 -1.1322342e-01  8.7550000e+01]
 [ 9.2573512e-01 -7.8379260e-02 -3.6933730e-01 -1.3291500e+03]
 [ 0.0000000e+00  0.0000000e+00  0.0000000e+00  1.0000000e+00]]
[+0245.72, +0004.73, -1173.61]
1080, 1000, 1080
[[-3.7718736e-01 -9.1953080e-02 -9.2140916e-01  1.7352000e+02]
 [ 3.6987160e-02  9.9276720e-01 -1.1420932e-01  8.7380000e+01]
 [ 9.2524708e-01 -7.7178040e-02 -3.7105680e-01 -1.3290900e+03]
 [ 0.0000000e+00  0.0000000e+00  0.0000000e+00  1.0000000e+00]]
[+0213.58, -0007.82, -1189.42]
1360, 1000, 1360
[[-3.7593274e-01 -9.2498000e-02 -9.2176882e-01  1.7353000e+02]
 [ 3.7227680e-02  9.9269100e-01 -1.1478776e-01  8.7350000e+01]
 [ 9.2564990e-01 -7.7500000e-02 -3.6973930e-01 -1.3291500e+03]
 [ 0.0000000e+00  0.0000000e+00  0.0000000e+00  1.0000000e+00]]
[+0191.57, -0017.77, -1212.74]
1640, 1000, 1640
[[-3.7617108e-01 -9.2539740e-02 -9.2169370e-01  1.7353000e+02]
 [ 3.6269740e-02  9.9276342e-01 -1.1446890e-01  8.7290000e+01]
 [ 9.2561730e-01 -7.6518100e-02 -3.7009050e-01 -1.3291100e+03]
 [ 0.0000000e+00  0.0000000e+00  0.0000000e+00  1.0000000e+00]]
[+0178.16, -0025.46, -1241.05]
1920, 1000, 1920
[[-3.7756482e-01 -9.4143240e-02 -9.2104370e-01  1.7344000e+02]
 [ 3.5196760e-02  9.9263832e-01 -1.1588340e-01  8.7100000e+01]
 [ 9.2517330e-01 -7.6189400e-02 -3.7147050e-01 -1.3290700e+03]
 [ 0.0000000e+00  0.0000000e+00  0.0000000e+00  1.0000000e+00]]
[+0176.12, -0033.80, -1270.09]
800, 1220, 800
[[-3.7449352e-01 -9.0022280e-02 -9.2263500e-01  1.7367000e+02]
 [ 3.8748280e-02  9.9288398e-01 -1.1259630e-01  8.7600000e+01]
 [ 9.2620620e-01 -7.7944500e-02 -3.6833850e-01 -1.3291900e+03]
 [ 0.0000000e+00  0.0000000e+00  0.0000000e+00  1.0000000e+00]]
[+0269.84, +0013.54, -1177.51]
1080, 1220, 1080
[[-3.7685626e-01 -9.1641800e-02 -9.2165182e-01  1.7354000e+02]
 [ 3.7344680e-02  9.9278040e-01 -1.1398124e-01  8.7400000e+01]
 [ 9.2544350e-01 -7.7383000e-02 -3.7071250e-01 -1.3290900e+03]
 [ 0.0000000e+00  0.0000000e+00  0.0000000e+00  1.0000000e+00]]
[+0236.38, +0001.60, -1185.13]
1360, 1220, 1360
[[-3.7617108e-01 -9.2208740e-02 -9.2171678e-01  1.7353000e+02]
 [ 3.6600740e-02  9.9277694e-01 -1.1424566e-01  8.7360000e+01]
 [ 9.2559422e-01 -7.6741340e-02 -3.7007698e-01 -1.3291000e+03]
 [ 0.0000000e+00  0.0000000e+00  0.0000000e+00  1.0000000e+00]]
[+0210.38, -0008.94, -1202.12]
1640, 1220, 1640
[[-3.7687940e-01 -9.3054540e-02 -9.2122482e-01  1.7349000e+02]
 [ 3.6108780e-02  9.9270350e-01 -1.1503254e-01  8.7260000e+01]
 [ 9.2520834e-01 -7.6662780e-02 -3.7076626e-01 -1.3291000e+03]
 [ 0.0000000e+00  0.0000000e+00  0.0000000e+00  1.0000000e+00]]
[+0191.63, -0019.66, -1226.09]
1920, 1220, 1920
[[-3.7756482e-01 -9.3966060e-02 -9.2088972e-01  1.7342000e+02]
 [ 3.5350740e-02  9.9264542e-01 -1.1576836e-01  8.7120000e+01]
 [ 9.2499612e-01 -7.6304440e-02 -3.7146340e-01 -1.3291100e+03]
 [ 0.0000000e+00  0.0000000e+00  0.0000000e+00  1.0000000e+00]]
[+0182.69, -0029.04, -1253.36]
2200, 1220, 2200
[[-3.8060290e-01 -9.6814940e-02 -9.1943072e-01  1.7331000e+02]
 [ 2.9508260e-02  9.9272334e-01 -1.1673664e-01  8.6630000e+01]
 [ 9.2404288e-01 -7.1589440e-02 -3.7497460e-01 -1.3289400e+03]
 [ 0.0000000e+00  0.0000000e+00  0.0000000e+00  1.0000000e+00]]
[+0186.58, -0030.69, -1266.48]
800, 1600, 800
[[-3.7416274e-01 -8.8553800e-02 -9.2295766e-01  1.7371000e+02]
 [ 4.0262840e-02  9.9293816e-01 -1.1158460e-01  8.7720000e+01]
 [ 9.2632150e-01 -7.8933160e-02 -3.6795354e-01 -1.3291900e+03]
 [ 0.0000000e+00  0.0000000e+00  0.0000000e+00  1.0000000e+00]]
[+0305.83, +0024.44, -1196.25]
1080, 1600, 1080
[[-3.7643304e-01 -9.0553080e-02 -9.2193032e-01  1.7357000e+02]
 [ 3.7586680e-02  9.9289848e-01 -1.1286768e-01  8.7530000e+01]
 [ 9.2560392e-01 -7.7149280e-02 -3.7035552e-01 -1.3291100e+03]
 [ 0.0000000e+00  0.0000000e+00  0.0000000e+00  1.0000000e+00]]
[+0274.12, +0014.97, -1190.69]
1360, 1600, 1360
[[-3.7641010e-01 -9.1092080e-02 -9.2172216e-01  1.7356000e+02]
 [ 3.6801520e-02  9.9289550e-01 -1.1314536e-01  8.7490000e+01]
 [ 9.2548104e-01 -7.6540560e-02 -3.7038144e-01 -1.3291200e+03]
 [ 0.0000000e+00  0.0000000e+00  0.0000000e+00  1.0000000e+00]]
[+0245.48, +0005.15, -1195.86]
1640, 1600, 1640
[[-3.7650210e-01 -9.1692460e-02 -9.2153198e-01  1.7351000e+02]
 [ 3.7070860e-02  9.9279692e-01 -1.1391574e-01  8.7400000e+01]
 [ 9.2534018e-01 -7.7094340e-02 -3.7038802e-01 -1.3291000e+03]
 [ 0.0000000e+00  0.0000000e+00  0.0000000e+00  1.0000000e+00]]
[+0221.23, -0005.95, -1209.52]
1920, 1600, 1920
[[-3.7811172e-01 -9.2895880e-02 -9.2083364e-01  1.7344000e+02]
 [ 3.5260120e-02  9.9278198e-01 -1.1462206e-01  8.7280000e+01]
 [ 9.2483564e-01 -7.5840940e-02 -3.7210474e-01 -1.3290800e+03]
 [ 0.0000000e+00  0.0000000e+00  0.0000000e+00  1.0000000e+00]]
[+0203.12, -0017.11, -1229.99]
2200, 1600, 2200
[[-3.7848906e-01 -9.4767100e-02 -9.2065708e-01  1.7337000e+02]
 [ 3.3811580e-02  9.9266430e-01 -1.1607556e-01  8.7030000e+01]
 [ 9.2490380e-01 -7.5073000e-02 -3.7250760e-01 -1.3291100e+03]
 [ 0.0000000e+00  0.0000000e+00  0.0000000e+00  1.0000000e+00]]
[+0197.17, -0023.79, -1249.90]
1920, 1600, 1920
[[-3.7747234e-01 -9.2207020e-02 -9.2116162e-01  1.7349000e+02]
 [ 3.6240980e-02  9.9279326e-01 -1.1421758e-01  8.7350000e+01]
 [ 9.2505538e-01 -7.6530580e-02 -3.7140804e-01 -1.3291200e+03]
 [ 0.0000000e+00  0.0000000e+00  0.0000000e+00  1.0000000e+00]]
[+0209.42, -0016.40, -1225.39]
1640, 1600, 1640
[[-3.7678708e-01 -9.1472600e-02 -9.2165016e-01  1.7354000e+02]
 [ 3.6844400e-02  9.9284300e-01 -1.1359620e-01  8.7430000e+01]
 [ 9.2544516e-01 -7.6774800e-02 -3.7071908e-01 -1.3291300e+03]
 [ 0.0000000e+00  0.0000000e+00  0.0000000e+00  1.0000000e+00]]
[+0224.58, -0004.88, -1207.83]
1360, 1600, 1360
[[-3.7612500e-01 -9.0838500e-02 -9.2196950e-01  1.7357000e+02]
 [ 3.7547500e-02  9.9286908e-01 -1.1313654e-01  8.7510000e+01]
 [ 9.2567250e-01 -7.7188460e-02 -3.7003092e-01 -1.3291400e+03]
 [ 0.0000000e+00  0.0000000e+00  0.0000000e+00  1.0000000e+00]]
[+0248.79, +0003.97, -1194.83]
1080, 1600, 1080
[[-3.7577104e-01 -9.0238680e-02 -9.2206100e-01  1.7360000e+02]
 [ 3.7947000e-02  9.9291120e-01 -1.1262780e-01  8.7550000e+01]
 [ 9.2568868e-01 -7.7343240e-02 -3.6968080e-01 -1.3291200e+03]
 [ 0.0000000e+00  0.0000000e+00  0.0000000e+00  1.0000000e+00]]
[+0275.44, +0014.08, -1190.60]
800, 1600, 800
[[-3.7451658e-01 -8.8645460e-02 -9.2273576e-01  1.7368000e+02]
 [ 4.0348660e-02  9.9291510e-01 -1.1175568e-01  8.7740000e+01]
 [ 9.2610544e-01 -7.9115920e-02 -3.6828432e-01 -1.3291500e+03]
 [ 0.0000000e+00  0.0000000e+00  0.0000000e+00  1.0000000e+00]]
[+0305.32, +0023.68, -1196.20]
2200, 1220, 2200
[[-3.8124340e-01 -9.6677840e-02 -9.1915972e-01  1.7329000e+02]
 [ 2.9354920e-02  9.9274604e-01 -1.1658136e-01  8.6630000e+01]
 [ 9.2376376e-01 -7.1458520e-02 -3.7563780e-01 -1.3289000e+03]
 [ 0.0000000e+00  0.0000000e+00  0.0000000e+00  1.0000000e+00]]
[+0186.23, -0031.09, -1267.07]
1920, 1220, 1920
[[-3.7667258e-01 -9.0418080e-02 -9.2170086e-01  1.7361000e+02]
 [ 3.6783120e-02  9.9297712e-01 -1.1243376e-01  8.7430000e+01]
 [ 9.2539446e-01 -7.6281840e-02 -3.7069946e-01 -1.3290700e+03]
 [ 0.0000000e+00  0.0000000e+00  0.0000000e+00  1.0000000e+00]]
[+0187.09, -0026.47, -1246.71]
1640, 1220, 1640
[[-3.7598772e-01 -8.9683540e-02 -9.2218846e-01  1.7363000e+02]
 [ 3.7385540e-02  9.9302550e-01 -1.1181178e-01  8.7520000e+01]
 [ 9.2578454e-01 -7.6527220e-02 -3.7001178e-01 -1.3290700e+03]
 [ 0.0000000e+00  0.0000000e+00  0.0000000e+00  1.0000000e+00]]
[+0194.07, -0017.29, -1223.24]
1360, 1220, 1360
[[-3.7528036e-01 -8.9157000e-02 -9.2249052e-01  1.7367000e+02]
 [ 3.7533480e-02  9.9308350e-01 -1.1124414e-01  8.7590000e+01]
 [ 9.2602860e-01 -7.6387500e-02 -3.6933730e-01 -1.3290900e+03]
 [ 0.0000000e+00  0.0000000e+00  0.0000000e+00  1.0000000e+00]]
[+0212.34, -0009.32, -1200.59]
1080, 1220, 1080
[[-3.7561130e-01 -8.8475520e-02 -9.2231664e-01  1.7370000e+02]
 [ 3.8169600e-02  9.9310814e-01 -1.1080252e-01  8.7660000e+01]
 [ 9.2576400e-01 -7.6851800e-02 -3.6964360e-01 -1.3290700e+03]
 [ 0.0000000e+00  0.0000000e+00  0.0000000e+00  1.0000000e+00]]
[+0237.45, +0001.20, -1184.67]
800, 1220, 800
[[-3.7435600e-01 -8.7874400e-02 -9.2292160e-01  1.7375000e+02]
 [ 3.9577600e-02  9.9307568e-01 -1.1060080e-01  8.7770000e+01]
 [ 9.2625040e-01 -7.7955200e-02 -3.6828432e-01 -1.3291300e+03]
 [ 0.0000000e+00  0.0000000e+00  0.0000000e+00  1.0000000e+00]]
[+0268.78, +0012.92, -1177.31]
1920, 1000, 1920
[[-3.7733482e-01 -9.2377320e-02 -9.2129048e-01  1.7354000e+02]
 [ 3.4755480e-02  9.9289648e-01 -1.1378508e-01  8.7270000e+01]
 [ 9.2525768e-01 -7.4976120e-02 -3.7144234e-01 -1.3291100e+03]
 [ 0.0000000e+00  0.0000000e+00  0.0000000e+00  1.0000000e+00]]
[+0175.65, -0033.43, -1271.06]
1640, 1000, 1640
[[-3.7671826e-01 -9.0310160e-02 -9.2171726e-01  1.7360000e+02]
 [ 3.7337360e-02  9.9294432e-01 -1.1254168e-01  8.7470000e+01]
 [ 9.2537806e-01 -7.6836080e-02 -3.7068658e-01 -1.3291000e+03]
 [ 0.0000000e+00  0.0000000e+00  0.0000000e+00  1.0000000e+00]]
[+0180.23, -0026.47, -1239.01]
1360, 1000, 1360
[[-3.7572520e-01 -8.9695840e-02 -9.2225568e-01  1.7366000e+02]
 [ 3.8066080e-02  9.9296960e-01 -1.1207664e-01  8.7590000e+01]
 [ 9.2582496e-01 -7.7232480e-02 -3.6966824e-01 -1.3291300e+03]
 [ 0.0000000e+00  0.0000000e+00  0.0000000e+00  1.0000000e+00]]
[+0192.60, -0018.11, -1211.41]
1080, 1000, 1080
[[-3.7565674e-01 -8.9029840e-02 -9.2228780e-01  1.7370000e+02]
 [ 3.8062000e-02  9.9305046e-01 -1.1135684e-01  8.7630000e+01]
 [ 9.2579284e-01 -7.6959400e-02 -3.6965584e-01 -1.3291200e+03]
 [ 0.0000000e+00  0.0000000e+00  0.0000000e+00  1.0000000e+00]]
[+0213.74, -0007.49, -1189.13]
800, 1000, 800
[[-3.7501768e-01 -8.7515160e-02 -9.2267168e-01  1.7375000e+02]
 [ 3.9868440e-02  9.9308728e-01 -1.1039136e-01  8.7780000e+01]
 [ 9.2595488e-01 -7.8210240e-02 -3.6893440e-01 -1.3291000e+03]
 [ 0.0000000e+00  0.0000000e+00  0.0000000e+00  1.0000000e+00]]
[+0243.81, +0004.57, -1173.76]
800, 800, 1000
[[-3.7567952e-01 -8.8148640e-02 -9.2235312e-01  1.7375000e+02]
 [ 3.9166560e-02  9.9306392e-01 -1.1085224e-01  8.7710000e+01]
 [ 9.2572752e-01 -7.7794960e-02 -3.6961960e-01 -1.3291100e+03]
 [ 0.0000000e+00  0.0000000e+00  0.0000000e+00  1.0000000e+00]]
[+0216.22, -0033.37, -1183.37]
1080, 1080, 1000
[[-3.7570234e-01 -8.9418680e-02 -9.2227022e-01  1.7365000e+02]
 [ 3.8119880e-02  9.9299868e-01 -1.1179948e-01  8.7610000e+01]
 [ 9.2581042e-01 -7.7178680e-02 -3.6966202e-01 -1.3291200e+03]
 [ 0.0000000e+00  0.0000000e+00  0.0000000e+00  1.0000000e+00]]
[+0223.15, +0004.77, -1186.20]
1360, 1360, 1000
[[-3.7574810e-01 -8.9796060e-02 -9.2208708e-01  1.7362000e+02]
 [ 3.8166300e-02  9.9294670e-01 -1.1223900e-01  8.7560000e+01]
 [ 9.2566260e-01 -7.7401080e-02 -3.6966824e-01 -1.3291000e+03]
 [ 0.0000000e+00  0.0000000e+00  0.0000000e+00  1.0000000e+00]]
[+0229.17, +0034.24, -1199.31]
1640, 1640, 1000
[[-3.7607908e-01 -9.0449720e-02 -9.2198740e-01  1.7354000e+02]
 [ 3.7489720e-02  9.9292142e-01 -1.1269390e-01  8.7510000e+01]
 [ 9.2565460e-01 -7.6969100e-02 -3.7002450e-01 -1.3291400e+03]
 [ 0.0000000e+00  0.0000000e+00  0.0000000e+00  1.0000000e+00]]
[+0239.75, +0056.73, -1219.12]
1920, 1920, 1000
[[-3.7707226e-01 -9.1229820e-02 -9.2143722e-01  1.7350000e+02]
 [ 3.6595020e-02  9.9288892e-01 -1.1326998e-01  8.7470000e+01]
 [ 9.2521902e-01 -7.6461780e-02 -3.7105018e-01 -1.3291400e+03]
 [ 0.0000000e+00  0.0000000e+00  0.0000000e+00  1.0000000e+00]]
[+0250.47, +0069.62, -1242.83]
800, 800, 1220
[[-3.7506336e-01 -8.8234960e-02 -9.2263160e-01  1.7373000e+02]
 [ 3.9595600e-02  9.9302414e-01 -1.1105746e-01  8.7710000e+01]
 [ 9.2599496e-01 -7.8205900e-02 -3.6895186e-01 -1.3291200e+03]
 [ 0.0000000e+00  0.0000000e+00  0.0000000e+00  1.0000000e+00]]
[+0216.91, -0056.55, -1195.20]
1080, 1080, 1220
[[-3.7567952e-01 -8.9637960e-02 -9.2225052e-01  1.7365000e+02]
 [ 3.7677240e-02  9.9300902e-01 -1.1185736e-01  8.7580000e+01]
 [ 9.2583012e-01 -7.6789840e-02 -3.6967450e-01 -1.3291200e+03]
 [ 0.0000000e+00  0.0000000e+00  0.0000000e+00  1.0000000e+00]]
[+0221.09, -0018.88, -1190.28]
1360, 1360, 1220
[[-3.7603332e-01 -9.0060940e-02 -9.2200522e-01  1.7361000e+02]
 [ 3.7431940e-02  9.9297356e-01 -1.1225126e-01  8.7570000e+01]
 [ 9.2563678e-01 -7.6749740e-02 -3.7001812e-01 -1.3291400e+03]
 [ 0.0000000e+00  0.0000000e+00  0.0000000e+00  1.0000000e+00]]
[+0224.71, +0011.72, -1197.04]
1640, 1640, 1220
[[-3.7577104e-01 -9.0404160e-02 -9.2204952e-01  1.7356000e+02]
 [ 3.7781520e-02  9.9290486e-01 -1.1273946e-01  8.7510000e+01]
 [ 9.2570016e-01 -7.7231580e-02 -3.6968714e-01 -1.3291400e+03]
 [ 0.0000000e+00  0.0000000e+00  0.0000000e+00  1.0000000e+00]]
[+0233.57, +0038.63, -1210.82]
1920, 1920, 1220
[[-3.7780352e-01 -9.1370880e-02 -9.2116512e-01  1.7348000e+02]
 [ 3.7054080e-02  9.9282656e-01 -1.1366832e-01  8.7440000e+01]
 [ 9.2494368e-01 -7.7102880e-02 -3.7170592e-01 -1.3291200e+03]
 [ 0.0000000e+00  0.0000000e+00  0.0000000e+00  1.0000000e+00]]
[+0243.41, +0057.07, -1230.60]
2200, 2200, 1220
[[-3.7988122e-01 -9.7902840e-02 -9.1950814e-01  1.7293000e+02]
 [ 3.4274040e-02  9.9220600e-01 -1.1978772e-01  8.7210000e+01]
 [ 9.2407006e-01 -7.7063880e-02 -3.7356178e-01 -1.3293900e+03]
 [ 0.0000000e+00  0.0000000e+00  0.0000000e+00  1.0000000e+00]]
[+0253.25, +0059.86, -1243.36]
800, 800, 1600
[[-3.7550916e-01 -9.0924500e-02 -9.2224770e-01  1.7366000e+02]
 [ 3.7977300e-02  9.9282942e-01 -1.1334242e-01  8.7520000e+01]
 [ 9.2594050e-01 -7.7598420e-02 -3.6936258e-01 -1.3291800e+03]
 [ 0.0000000e+00  0.0000000e+00  0.0000000e+00  1.0000000e+00]]
[+0223.48, -0088.51, -1228.01]
1080, 1080, 1600
[[-3.7586320e-01 -9.1666640e-02 -9.2181352e-01  1.7359000e+02]
 [ 3.7389200e-02  9.9278040e-01 -1.1395640e-01  8.7440000e+01]
 [ 9.2560520e-01 -7.7338480e-02 -3.6971944e-01 -1.3291400e+03]
 [ 0.0000000e+00  0.0000000e+00  0.0000000e+00  1.0000000e+00]]
[+0221.57, -0058.24, -1209.85]
1360, 1360, 1600
[[-3.7678708e-01 -9.2134760e-02 -9.2160416e-01  1.7354000e+02]
 [ 3.6182240e-02  9.9281628e-01 -1.1404252e-01  8.7420000e+01]
 [ 9.2549116e-01 -7.6328480e-02 -3.7074580e-01 -1.3291400e+03]
 [ 0.0000000e+00  0.0000000e+00  0.0000000e+00  1.0000000e+00]]
[+0221.17, -0028.76, -1205.04]
1640, 1640, 1600
[[-3.7756482e-01 -9.2475840e-02 -9.2099412e-01  1.7345000e+02]
 [ 3.6840960e-02  9.9270752e-01 -1.1476504e-01  8.7360000e+01]
 [ 9.2489172e-01 -7.7307760e-02 -3.7140130e-01 -1.3291400e+03]
 [ 0.0000000e+00  0.0000000e+00  0.0000000e+00  1.0000000e+00]]
[+0224.78, +0000.04, -1208.13]
1920, 1920, 1600
[[-3.7787282e-01 -9.3349740e-02 -9.2087388e-01  1.7338000e+02]
 [ 3.5720940e-02  9.9268966e-01 -1.1527644e-01  8.7300000e+01]
 [ 9.2490372e-01 -7.6488360e-02 -3.7177352e-01 -1.3291400e+03]
 [ 0.0000000e+00  0.0000000e+00  0.0000000e+00  1.0000000e+00]]
[+0232.77, +0025.97, -1218.10]
2200, 2200, 1600
[[-3.7912378e-01 -9.4692900e-02 -9.2032988e-01  1.7323000e+02]
 [ 3.6711900e-02  9.9242550e-01 -1.1722740e-01  8.7230000e+01]
 [ 9.2445988e-01 -7.8251400e-02 -3.7277428e-01 -1.3291800e+03]
 [ 0.0000000e+00  0.0000000e+00  0.0000000e+00  1.0000000e+00]]
[+0245.01, +0040.66, -1231.57]
1600, 1920, 1920
[[-3.7633362e-01 -9.3486580e-02 -9.2165822e-01  1.7345000e+02]
 [ 3.6885580e-02  9.9259406e-01 -1.1573902e-01  8.7290000e+01]
 [ 9.2565278e-01 -7.7564980e-02 -3.7009732e-01 -1.3291700e+03]
 [ 0.0000000e+00  0.0000000e+00  0.0000000e+00  1.0000000e+00]]
[+0254.46, -0029.12, -1211.34]
1600, 1640, 1640
[[-3.7631028e-01 -9.2050960e-02 -9.2175492e-01  1.7350000e+02]
 [ 3.8097960e-02  9.9267084e-01 -1.1468056e-01  8.7400000e+01]
 [ 9.2555608e-01 -7.8292440e-02 -3.7004388e-01 -1.3291400e+03]
 [ 0.0000000e+00  0.0000000e+00  0.0000000e+00  1.0000000e+00]]
[+0230.73, -0008.73, -1205.33]
1600, 1360, 1360
[[-3.7581704e-01 -9.1939800e-02 -9.2178552e-01  1.7354000e+02]
 [ 3.6669480e-02  9.9280670e-01 -1.1396036e-01  8.7440000e+01]
 [ 9.2563320e-01 -7.6672600e-02 -3.6973930e-01 -1.3291700e+03]
 [ 0.0000000e+00  0.0000000e+00  0.0000000e+00  1.0000000e+00]]
[+0209.68, +0010.86, -1208.97]
1600, 1080, 1080
[[-3.7614802e-01 -9.0950140e-02 -9.2196628e-01  1.7358000e+02]
 [ 3.7659140e-02  9.9284606e-01 -1.1330204e-01  8.7490000e+01]
 [ 9.2567572e-01 -7.7353960e-02 -3.7003092e-01 -1.3291500e+03]
 [ 0.0000000e+00  0.0000000e+00  0.0000000e+00  1.0000000e+00]]
[+0190.04, +0028.37, -1221.66]
1600, 800, 800
[[-3.7641010e-01 -8.9933440e-02 -9.2180238e-01  1.7366000e+02]
 [ 3.7960160e-02  9.9294044e-01 -1.1236416e-01  8.7590000e+01]
 [ 9.2540082e-01 -7.7321760e-02 -3.7033650e-01 -1.3291200e+03]
 [ 0.0000000e+00  0.0000000e+00  0.0000000e+00  1.0000000e+00]]
[+0174.75, +0045.02, -1244.15]
1220, 2200, 2200
[[-3.7609866e-01 -9.5335480e-02 -9.2155092e-01  1.7329000e+02]
 [ 3.9079080e-02  9.9217392e-01 -1.1858572e-01  8.7340000e+01]
 [ 9.2564452e-01 -8.0628120e-02 -3.6942858e-01 -1.3293100e+03]
 [ 0.0000000e+00  0.0000000e+00  0.0000000e+00  1.0000000e+00]]
[+0293.45, -0046.32, -1230.72]
1220, 1920, 1920
[[-3.7524768e-01 -9.0440800e-02 -9.2234984e-01  1.7357000e+02]
 [ 3.9154400e-02  9.9279150e-01 -1.1327180e-01  8.7650000e+01]
 [ 9.2594584e-01 -7.8638600e-02 -3.6900018e-01 -1.3292200e+03]
 [ 0.0000000e+00  0.0000000e+00  0.0000000e+00  1.0000000e+00]]
[+0280.17, -0039.64, -1213.89]
1220, 1640, 1640
[[-3.7555540e-01 -8.9658760e-02 -9.2234552e-01  1.7362000e+02]
 [ 3.9689840e-02  9.9283916e-01 -1.1266804e-01  8.7710000e+01]
 [ 9.2584268e-01 -7.8934640e-02 -3.6930660e-01 -1.3292100e+03]
 [ 0.0000000e+00  0.0000000e+00  0.0000000e+00  1.0000000e+00]]
[+0258.48, -0028.87, -1199.21]
1220, 1360, 1360
[[-3.7517826e-01 -8.9113000e-02 -9.2242838e-01  1.7366000e+02]
 [ 3.9811880e-02  9.9289740e-01 -1.1210516e-01  8.7770000e+01]
 [ 9.2586730e-01 -7.8812600e-02 -3.6896370e-01 -1.3292300e+03]
 [ 0.0000000e+00  0.0000000e+00  0.0000000e+00  1.0000000e+00]]
[+0234.95, -0012.90, -1192.51]
1220, 1080, 1080
[[-3.7541716e-01 -8.8823100e-02 -9.2237510e-01  1.7369000e+02]
 [ 3.9185100e-02  9.9298342e-01 -1.1156358e-01  8.7720000e+01]
 [ 9.2581310e-01 -7.8053580e-02 -3.6930058e-01 -1.3291800e+03]
 [ 0.0000000e+00  0.0000000e+00  0.0000000e+00  1.0000000e+00]]
[+0210.22, +0006.63, -1194.66]
1220, 800, 800
[[-3.7570234e-01 -8.8094840e-02 -9.2236158e-01  1.7373000e+02]
 [ 3.9443720e-02  9.9304700e-01 -1.1090604e-01  8.7720000e+01]
 [ 9.2571906e-01 -7.8072120e-02 -3.6961370e-01 -1.3291100e+03]
 [ 0.0000000e+00  0.0000000e+00  0.0000000e+00  1.0000000e+00]]
[+0186.13, +0027.56, -1207.38]
1000, 2200, 2200
[[-3.7560644e-01 -9.5638260e-02 -9.2167122e-01  1.7324000e+02]
 [ 4.0387980e-02  9.9202460e-01 -1.1939134e-01  8.7450000e+01]
 [ 9.2573934e-01 -8.2090220e-02 -3.6874660e-01 -1.3293700e+03]
 [ 0.0000000e+00  0.0000000e+00  0.0000000e+00  1.0000000e+00]]
[+0304.69, -0051.33, -1238.38]
1000, 1920, 1920
[[-3.7489364e-01 -8.9025780e-02 -9.2266470e-01  1.7366000e+02]
 [ 4.0392300e-02  9.9286300e-01 -1.1220690e-01  8.7800000e+01]
 [ 9.2606922e-01 -7.9349460e-02 -3.6862100e-01 -1.3292300e+03]
 [ 0.0000000e+00  0.0000000e+00  0.0000000e+00  1.0000000e+00]]
[+0294.63, -0050.07, -1223.05]
1000, 1640, 1640
[[-3.7555540e-01 -8.8500540e-02 -9.2242658e-01  1.7366000e+02]
 [ 4.0848060e-02  9.9288046e-01 -1.1188614e-01  8.7830000e+01]
 [ 9.2576162e-01 -7.9716540e-02 -3.6926530e-01 -1.3291800e+03]
 [ 0.0000000e+00  0.0000000e+00  0.0000000e+00  1.0000000e+00]]
[+0276.95, -0041.67, -1202.86]
1000, 1360, 1360
[[-3.7546308e-01 -8.8384660e-02 -9.2241510e-01  1.7368000e+02]
 [ 4.0070340e-02  9.9296118e-01 -1.1144770e-01  8.7810000e+01]
 [ 9.2577310e-01 -7.8831300e-02 -3.6927690e-01 -1.3291800e+03]
 [ 0.0000000e+00  0.0000000e+00  0.0000000e+00  1.0000000e+00]]
[+0254.22, -0028.19, -1189.46]
1000, 1080, 1080
[[-3.7437882e-01 -8.7820800e-02 -9.2293010e-01  1.7374000e+02]
 [ 3.9854800e-02  9.9305868e-01 -1.1065440e-01  8.7850000e+01]
 [ 9.2624190e-01 -7.8232400e-02 -3.6827850e-01 -1.3291900e+03]
 [ 0.0000000e+00  0.0000000e+00  0.0000000e+00  1.0000000e+00]]
[+0228.17, -0009.03, -1184.00]
1000, 800, 800
[[-3.7466404e-01 -8.7081080e-02 -9.2275100e-01  1.7377000e+02]
 [ 4.0101800e-02  9.9312150e-01 -1.0999390e-01  8.7830000e+01]
 [ 9.2598292e-01 -7.8254060e-02 -3.6859210e-01 -1.3291000e+03]
 [ 0.0000000e+00  0.0000000e+00  0.0000000e+00  1.0000000e+00]]
[+0200.37, +0012.71, -1189.38]
800, 1000, 1000
[[-3.7508626e-01 -8.8015820e-02 -9.2265158e-01  1.7371000e+02]
 [ 4.0038220e-02  9.9301292e-01 -1.1099942e-01  8.7770000e+01]
 [ 9.2597498e-01 -7.8594820e-02 -3.6894018e-01 -1.3291200e+03]
 [ 0.0000000e+00  0.0000000e+00  0.0000000e+00  1.0000000e+00]]
[+0242.21, -0021.68, -1177.50]
1080, 1000, 1000
[[-3.7473250e-01 -8.8893700e-02 -9.2247410e-01  1.7368000e+02]
 [ 3.8936860e-02  9.9300030e-01 -1.1149298e-01  8.7690000e+01]
 [ 9.2592898e-01 -7.7747500e-02 -3.6864484e-01 -1.3291700e+03]
 [ 0.0000000e+00  0.0000000e+00  0.0000000e+00  1.0000000e+00]]
[+0214.78, +0001.90, -1188.14]
1360, 1000, 1000
[[-3.7532580e-01 -8.9049520e-02 -9.2250704e-01  1.7367000e+02]
 [ 3.8087840e-02  9.9305046e-01 -1.1135162e-01  8.7680000e+01]
 [ 9.2601208e-01 -7.6941860e-02 -3.6932490e-01 -1.3291500e+03]
 [ 0.0000000e+00  0.0000000e+00  0.0000000e+00  1.0000000e+00]]
[+0195.03, +0022.15, -1207.89]
1640, 1000, 1000
[[-3.7702650e-01 -8.9362560e-02 -9.2172358e-01  1.7363000e+02]
 [ 3.8038960e-02  9.9299868e-01 -1.1182656e-01  8.7640000e+01]
 [ 9.2526378e-01 -7.7242960e-02 -3.7098618e-01 -1.3290800e+03]
 [ 0.0000000e+00  0.0000000e+00  0.0000000e+00  1.0000000e+00]]
[+0183.21, +0037.94, -1233.65]
1920, 1000, 1000
[[-3.7674116e-01 -8.9748120e-02 -9.2159436e-01  1.7361000e+02]
 [ 3.8099640e-02  9.9294670e-01 -1.1225778e-01  8.7580000e+01]
 [ 9.2516988e-01 -7.7451060e-02 -3.7066130e-01 -1.3291300e+03]
 [ 0.0000000e+00  0.0000000e+00  0.0000000e+00  1.0000000e+00]]
[+0179.35, +0048.64, -1262.53]
800, 1220, 1220
[[-3.7508626e-01 -8.8843020e-02 -9.2259428e-01  1.7368000e+02]
 [ 3.9211020e-02  9.9298342e-01 -1.1155812e-01  8.7710000e+01]
 [ 9.2603228e-01 -7.8036120e-02 -3.6896968e-01 -1.3291600e+03]
 [ 0.0000000e+00  0.0000000e+00  0.0000000e+00  1.0000000e+00]]
[+0262.81, -0036.93, -1185.29]
1080, 1220, 1220
[[-3.7567952e-01 -8.9637960e-02 -9.2225052e-01  1.7364000e+02]
 [ 3.7677240e-02  9.9300902e-01 -1.1185736e-01  8.7640000e+01]
 [ 9.2583012e-01 -7.6789840e-02 -3.6967450e-01 -1.3291600e+03]
 [ 0.0000000e+00  0.0000000e+00  0.0000000e+00  1.0000000e+00]]
[+0234.49, -0013.55, -1187.60]
1360, 1220, 1220
[[-3.7570234e-01 -8.9572740e-02 -9.2209332e-01  1.7363000e+02]
 [ 3.7942980e-02  9.9299246e-01 -1.1190804e-01  8.7630000e+01]
 [ 9.2565636e-01 -7.7070120e-02 -3.6966824e-01 -1.3291600e+03]
 [ 0.0000000e+00  0.0000000e+00  0.0000000e+00  1.0000000e+00]]
[+0212.09, +0006.88, -1200.05]
1640, 1220, 1220
[[-3.7574810e-01 -8.9807520e-02 -9.2225256e-01  1.7362000e+02]
 [ 3.8177760e-02  9.9294670e-01 -1.1224212e-01  8.7590000e+01]
 [ 9.2582808e-01 -7.7397960e-02 -3.6966824e-01 -1.3291400e+03]
 [ 0.0000000e+00  0.0000000e+00  0.0000000e+00  1.0000000e+00]]
[+0195.83, +0024.60, -1219.82]
1920, 1220, 1220
[[-3.7641010e-01 -9.0264480e-02 -9.2177946e-01  1.7357000e+02]
 [ 3.7629120e-02  9.9292780e-01 -1.1258736e-01  8.7550000e+01]
 [ 9.2542374e-01 -7.7098560e-02 -3.7034914e-01 -1.3291300e+03]
 [ 0.0000000e+00  0.0000000e+00  0.0000000e+00  1.0000000e+00]]
[+0186.47, +0038.67, -1245.63]
2200, 1220, 1220
[[-3.7802004e-01 -9.1302200e-02 -9.2109312e-01  1.7352000e+02]
 [ 3.5985120e-02  9.9292140e-01 -1.1318284e-01  8.7480000e+01]
 [ 9.2490740e-01 -7.5955200e-02 -3.7205700e-01 -1.3291100e+03]
 [ 0.0000000e+00  0.0000000e+00  0.0000000e+00  1.0000000e+00]]
[+0185.85, +0045.72, -1269.78]
800, 1600, 1600
[[-3.7546308e-01 -8.9542880e-02 -9.2233460e-01  1.7364000e+02]
 [ 3.8912120e-02  9.9291932e-01 -1.1222960e-01  8.7640000e+01]
 [ 9.2585360e-01 -7.8049400e-02 -3.6931876e-01 -1.3291700e+03]
 [ 0.0000000e+00  0.0000000e+00  0.0000000e+00  1.0000000e+00]]
[+0293.82, -0055.68, -1210.73]
1080, 1600, 1600
[[-3.7614802e-01 -9.0111120e-02 -9.2185838e-01  1.7360000e+02]
 [ 3.8475120e-02  9.9287776e-01 -1.1274072e-01  8.7580000e+01]
 [ 9.2545262e-01 -7.7915280e-02 -3.6999922e-01 -1.3291300e+03]
 [ 0.0000000e+00  0.0000000e+00  0.0000000e+00  1.0000000e+00]]
[+0267.46, -0038.21, -1199.91]
1360, 1600, 1600
[[-3.7581704e-01 -9.0131040e-02 -9.2207772e-01  1.7358000e+02]
 [ 3.8501280e-02  9.9287776e-01 -1.1273544e-01  8.7570000e+01]
 [ 9.2567196e-01 -7.7897520e-02 -3.6966824e-01 -1.3291400e+03]
 [ 0.0000000e+00  0.0000000e+00  0.0000000e+00  1.0000000e+00]]
[+0242.80, -0019.29, -1200.01]
1640, 1600, 1600
[[-3.7537140e-01 -9.0916140e-02 -9.2222122e-01  1.7359000e+02]
 [ 3.6645260e-02  9.9294126e-01 -1.1279646e-01  8.7520000e+01]
 [ 9.2596698e-01 -7.6158860e-02 -3.6938850e-01 -1.3292000e+03]
 [ 0.0000000e+00  0.0000000e+00  0.0000000e+00  1.0000000e+00]]
[+0221.62, -0000.80, -1209.02]
1920, 1600, 1600
[[-3.7742634e-01 -9.1002020e-02 -9.2140284e-01  1.7353000e+02]
 [ 3.7022940e-02  9.9287910e-01 -1.1322068e-01  8.7500000e+01]
 [ 9.2514532e-01 -7.6865160e-02 -3.7136820e-01 -1.3291600e+03]
 [ 0.0000000e+00  0.0000000e+00  0.0000000e+00  1.0000000e+00]]
[+0205.70, +0015.85, -1224.97]
2200, 1600, 1600
[[-3.7837416e-01 -9.2056680e-02 -9.2082420e-01  1.7347000e+02]
 [ 3.5407800e-02  9.9287150e-01 -1.1379890e-01  8.7400000e+01]
 [ 9.2473668e-01 -7.5693260e-02 -3.7241530e-01 -1.3291300e+03]
 [ 0.0000000e+00  0.0000000e+00  0.0000000e+00  1.0000000e+00]]
[+0197.83, +0028.12, -1244.15]
1600, 1600, 1920
[[-3.7617108e-01 -9.1050240e-02 -9.2179756e-01  1.7356000e+02]
 [ 3.7759240e-02  9.9282300e-01 -1.1346432e-01  8.7470000e+01]
 [ 9.2551344e-01 -7.7522680e-02 -3.7003092e-01 -1.3291500e+03]
 [ 0.0000000e+00  0.0000000e+00  0.0000000e+00  1.0000000e+00]]
[+0229.34, -0038.87, -1215.93]
1600, 1600, 1640
[[-3.7610202e-01 -9.0395860e-02 -9.2199568e-01  1.7358000e+02]
 [ 3.7766860e-02  9.9290486e-01 -1.1274776e-01  8.7560000e+01]
 [ 9.2564632e-01 -7.7246240e-02 -3.7001812e-01 -1.3291400e+03]
 [ 0.0000000e+00  0.0000000e+00  0.0000000e+00  1.0000000e+00]]
[+0230.18, -0009.42, -1205.34]
1600, 1600, 1360
[[-3.7607908e-01 -9.0118720e-02 -9.2201032e-01  1.7359000e+02]
 [ 3.7820720e-02  9.9293414e-01 -1.1247062e-01  8.7600000e+01]
 [ 9.2563168e-01 -7.7192380e-02 -3.7001178e-01 -1.3291400e+03]
 [ 0.0000000e+00  0.0000000e+00  0.0000000e+00  1.0000000e+00]]
[+0233.73, +0018.66, -1203.62]
1600, 1600, 1080
[[-3.7645602e-01 -8.9660080e-02 -9.2183060e-01  1.7360000e+02]
 [ 3.8679920e-02  9.9291318e-01 -1.1236040e-01  8.7640000e+01]
 [ 9.2537260e-01 -7.7987600e-02 -3.7031784e-01 -1.3291500e+03]
 [ 0.0000000e+00  0.0000000e+00  0.0000000e+00  1.0000000e+00]]
[+0240.01, +0044.78, -1209.90]
1600, 1600, 800
[[-3.7634152e-01 -8.9279000e-02 -9.2200012e-01  1.7362000e+02]
 [ 3.7967800e-02  9.9302150e-01 -1.1164750e-01  8.7680000e+01]
 [ 9.2553412e-01 -7.7045300e-02 -3.7032402e-01 -1.3291500e+03]
 [ 0.0000000e+00  0.0000000e+00  0.0000000e+00  1.0000000e+00]]
[+0249.13, +0068.75, -1225.70]
1220, 1220, 2200
[[-3.7681010e-01 -9.1407120e-02 -9.2149284e-01  1.7356000e+02]
 [ 3.7110000e-02  9.9282656e-01 -1.1364688e-01  8.7400000e+01]
 [ 9.2527140e-01 -7.7055200e-02 -3.7071250e-01 -1.3290900e+03]
 [ 0.0000000e+00  0.0000000e+00  0.0000000e+00  1.0000000e+00]]
[+0232.93, -0085.54, -1253.91]
1220, 1220, 1920
[[-3.7603332e-01 -9.0380520e-02 -9.2181688e-01  1.7361000e+02]
 [ 3.7089520e-02  9.9296076e-01 -1.1247132e-01  8.7540000e+01]
 [ 9.2549412e-01 -7.6529680e-02 -3.7003092e-01 -1.3291500e+03]
 [ 0.0000000e+00  0.0000000e+00  0.0000000e+00  1.0000000e+00]]
[+0225.53, -0066.42, -1225.46]
1220, 1220, 1640
[[-3.7544010e-01 -8.9762100e-02 -9.2231470e-01  1.7366000e+02]
 [ 3.8469500e-02  9.9292998e-01 -1.1228754e-01  8.7590000e+01]
 [ 9.2587350e-01 -7.7660540e-02 -3.6933108e-01 -1.3291600e+03]
 [ 0.0000000e+00  0.0000000e+00  0.0000000e+00  1.0000000e+00]]
[+0222.07, -0045.38, -1207.05]
1220, 1220, 1360
[[-3.7605618e-01 -8.9345080e-02 -9.2205924e-01  1.7364000e+02]
 [ 3.8371080e-02  9.9298200e-01 -1.1185856e-01  8.7620000e+01]
 [ 9.2558276e-01 -7.7473440e-02 -3.6998682e-01 -1.3291600e+03]
 [ 0.0000000e+00  0.0000000e+00  0.0000000e+00  1.0000000e+00]]
[+0221.87, -0018.74, -1195.31]
1220, 1220, 1080
[[-3.7603332e-01 -8.9244860e-02 -9.2222782e-01  1.7366000e+02]
 [ 3.8270860e-02  9.9300486e-01 -1.1169614e-01  8.7640000e+01]
 [ 9.2574518e-01 -7.7304860e-02 -3.6998682e-01 -1.3291400e+03]
 [ 0.0000000e+00  0.0000000e+00  0.0000000e+00  1.0000000e+00]]
[+0225.13, +0011.80, -1190.97]
1220, 1220, 800
[[-3.7537140e-01 -8.8765160e-02 -9.2236968e-01  1.7368000e+02]
 [ 3.8796240e-02  9.9302316e-01 -1.1134436e-01  8.7720000e+01]
 [ 9.2581852e-01 -7.7610960e-02 -3.6930660e-01 -1.3291300e+03]
 [ 0.0000000e+00  0.0000000e+00  0.0000000e+00  1.0000000e+00]]
[+0232.01, +0043.90, -1195.64]
1000, 1000, 2200
[[-3.7607908e-01 -9.1277220e-02 -9.2193010e-01  1.7361000e+02]
 [ 3.6662220e-02  9.9288892e-01 -1.1325210e-01  8.7390000e+01]
 [ 9.2571190e-01 -7.6410900e-02 -3.7005700e-01 -1.3291000e+03]
 [ 0.0000000e+00  0.0000000e+00  0.0000000e+00  1.0000000e+00]]
[+0236.80, -0096.15, -1270.18]
1000, 1000, 1920
[[-3.7574810e-01 -8.9796060e-02 -9.2208708e-01  1.7366000e+02]
 [ 3.8166300e-02  9.9294670e-01 -1.1223900e-01  8.7580000e+01]
 [ 9.2566260e-01 -7.7401080e-02 -3.6966824e-01 -1.3291100e+03]
 [ 0.0000000e+00  0.0000000e+00  0.0000000e+00  1.0000000e+00]]
[+0227.76, -0084.03, -1239.34]
1000, 1000, 1640
[[-3.7603332e-01 -8.9564440e-02 -9.2203948e-01  1.7367000e+02]
 [ 3.7928440e-02  9.9299246e-01 -1.1191634e-01  8.7610000e+01]
 [ 9.2560252e-01 -7.7084660e-02 -3.6999922e-01 -1.3291100e+03]
 [ 0.0000000e+00  0.0000000e+00  0.0000000e+00  1.0000000e+00]]
[+0221.70, -0067.08, -1214.71]
1000, 1000, 1360
[[-3.7534858e-01 -8.8984380e-02 -9.2234990e-01  1.7369000e+02]
 [ 3.8353620e-02  9.9303382e-01 -1.1140230e-01  8.7680000e+01]
 [ 9.2583830e-01 -7.7222100e-02 -3.6931876e-01 -1.3291400e+03]
 [ 0.0000000e+00  0.0000000e+00  0.0000000e+00  1.0000000e+00]]
[+0218.91, -0043.74, -1197.21]
1000, 1000, 1080
[[-3.7506336e-01 -8.8731280e-02 -9.2259728e-01  1.7370000e+02]
 [ 3.9099280e-02  9.9300632e-01 -1.1139268e-01  8.7710000e+01]
 [ 9.2602928e-01 -7.7870680e-02 -3.6896968e-01 -1.3291200e+03]
 [ 0.0000000e+00  0.0000000e+00  0.0000000e+00  1.0000000e+00]]
[+0219.59, -0013.45, -1185.90]
1000, 1000, 800
[[-3.7532580e-01 -8.8056760e-02 -9.2257532e-01  1.7372000e+02]
 [ 3.9080600e-02  9.9308670e-01 -1.1068130e-01  8.7770000e+01]
 [ 9.2594380e-01 -7.7612180e-02 -3.6928866e-01 -1.3291100e+03]
 [ 0.0000000e+00  0.0000000e+00  0.0000000e+00  1.0000000e+00]]
[+0224.21, +0021.14, -1183.19]
1000, 800, 1000
[[-3.7501768e-01 -8.8342360e-02 -9.2261468e-01  1.7374000e+02]
 [ 3.9041240e-02  9.9305798e-01 -1.1095006e-01  8.7700000e+01]
 [ 9.2601188e-01 -7.7651540e-02 -3.6896370e-01 -1.3291300e+03]
 [ 0.0000000e+00  0.0000000e+00  0.0000000e+00  1.0000000e+00]]
[+0197.07, -0016.02, -1193.03]
1000, 1080, 1000
[[-3.7544010e-01 -8.8757860e-02 -9.2221812e-01  1.7367000e+02]
 [ 3.9450780e-02  9.9296646e-01 -1.1161436e-01  8.7670000e+01]
 [ 9.2563916e-01 -7.8333720e-02 -3.6929460e-01 -1.3291400e+03]
 [ 0.0000000e+00  0.0000000e+00  0.0000000e+00  1.0000000e+00]]
[+0231.50, -0002.66, -1182.08]
1000, 1360, 1000
[[-3.7539426e-01 -8.9373240e-02 -9.2233234e-01  1.7365000e+02]
 [ 3.8411560e-02  9.9298200e-01 -1.1184492e-01  8.7660000e+01]
 [ 9.2585586e-01 -7.7441320e-02 -3.6932490e-01 -1.3291400e+03]
 [ 0.0000000e+00  0.0000000e+00  0.0000000e+00  1.0000000e+00]]
[+0259.77, +0007.90, -1182.99]
1000, 1640, 1000
[[-3.7506336e-01 -8.9712480e-02 -9.2236320e-01  1.7363000e+02]
 [ 3.8095200e-02  9.9296960e-01 -1.1206000e-01  8.7660000e+01]
 [ 9.2593248e-01 -7.7203360e-02 -3.6900640e-01 -1.3291500e+03]
 [ 0.0000000e+00  0.0000000e+00  0.0000000e+00  1.0000000e+00]]
[+0287.75, +0017.15, -1192.88]
1000, 1920, 1000
[[-3.7579402e-01 -8.9853900e-02 -9.2209234e-01  1.7360000e+02]
 [ 3.8555100e-02  9.9290700e-01 -1.1245830e-01  8.7640000e+01]
 [ 9.2565734e-01 -7.7843700e-02 -3.6966202e-01 -1.3291700e+03]
 [ 0.0000000e+00  0.0000000e+00  0.0000000e+00  1.0000000e+00]]
[+0310.94, +0023.61, -1210.43]
1220, 800, 1220
[[-3.7596498e-01 -8.9229520e-02 -9.2204884e-01  1.7368000e+02]
 [ 3.7593520e-02  9.9306080e-01 -1.1141984e-01  8.7650000e+01]
 [ 9.2559316e-01 -7.6588160e-02 -3.6999922e-01 -1.3291100e+03]
 [ 0.0000000e+00  0.0000000e+00  0.0000000e+00  1.0000000e+00]]
[+0181.16, -0022.29, -1214.47]
1220, 1080, 1220
[[-3.7579402e-01 -8.9191980e-02 -9.2213834e-01  1.7365000e+02]
 [ 3.9217020e-02  9.9293148e-01 -1.1201166e-01  8.7650000e+01]
 [ 9.2561134e-01 -7.8290340e-02 -3.6963754e-01 -1.3291200e+03]
 [ 0.0000000e+00  0.0000000e+00  0.0000000e+00  1.0000000e+00]]
[+0210.11, -0009.25, -1196.27]
1220, 1360, 1220
[[-3.7570234e-01 -8.9915120e-02 -9.2223596e-01  1.7364000e+02]
 [ 3.7623440e-02  9.9297990e-01 -1.1213452e-01  8.7620000e+01]
 [ 9.2584468e-01 -7.6843640e-02 -3.6968080e-01 -1.3291800e+03]
 [ 0.0000000e+00  0.0000000e+00  0.0000000e+00  1.0000000e+00]]
[+0236.39, +0001.17, -1190.41]
1220, 1640, 1220
[[-3.7510920e-01 -9.0101360e-02 -9.2234548e-01  1.7361000e+02]
 [ 3.8153200e-02  9.9291750e-01 -1.1250260e-01  8.7610000e+01]
 [ 9.2595020e-01 -7.7422520e-02 -3.6901266e-01 -1.3291700e+03]
 [ 0.0000000e+00  0.0000000e+00  0.0000000e+00  1.0000000e+00]]
[+0263.38, +0010.85, -1192.68]
1220, 1920, 1220
[[-3.7641010e-01 -9.0264480e-02 -9.2177946e-01  1.7356000e+02]
 [ 3.7629120e-02  9.9292780e-01 -1.1258736e-01  8.7600000e+01]
 [ 9.2542374e-01 -7.7098560e-02 -3.7034914e-01 -1.3291200e+03]
 [ 0.0000000e+00  0.0000000e+00  0.0000000e+00  1.0000000e+00]]
[+0290.09, +0019.23, -1203.71]
1220, 2200, 1220
[[-3.7586320e-01 -9.0850800e-02 -9.2203680e-01  1.7351000e+02]
 [ 3.8228160e-02  9.9281270e-01 -1.1340138e-01  8.7550000e+01]
 [ 9.2571288e-01 -7.7893500e-02 -3.6968714e-01 -1.3291800e+03]
 [ 0.0000000e+00  0.0000000e+00  0.0000000e+00  1.0000000e+00]]
[+0312.37, +0024.81, -1223.72]
1600, 800, 1600
[[-3.7565674e-01 -8.9857240e-02 -9.2223090e-01  1.7367000e+02]
 [ 3.7234600e-02  9.9301916e-01 -1.1191524e-01  8.7660000e+01]
 [ 9.2584974e-01 -7.6401000e-02 -3.6968714e-01 -1.3289800e+03]
 [ 0.0000000e+00  0.0000000e+00  0.0000000e+00  1.0000000e+00]]
[+0168.48, -0032.54, -1257.79]
1600, 1080, 1600
[[-3.7605618e-01 -8.9853020e-02 -9.2219042e-01  1.7365000e+02]
 [ 3.7886020e-02  9.9296334e-01 -1.1219662e-01  8.7560000e+01]
 [ 9.2578258e-01 -7.7135380e-02 -3.7000548e-01 -1.3291200e+03]
 [ 0.0000000e+00  0.0000000e+00  0.0000000e+00  1.0000000e+00]]
[+0184.69, -0022.44, -1230.80]
1600, 1360, 1600
[[-3.7572520e-01 -9.0346320e-02 -9.2204444e-01  1.7362000e+02]
 [ 3.7392720e-02  9.9294432e-01 -1.1252016e-01  8.7550000e+01]
 [ 9.2570524e-01 -7.6788960e-02 -3.6969352e-01 -1.3291500e+03]
 [ 0.0000000e+00  0.0000000e+00  0.0000000e+00  1.0000000e+00]]
[+0204.61, -0012.88, -1214.76]
1600, 1640, 1600
[[-3.7605618e-01 -9.0503580e-02 -9.2197916e-01  1.7359000e+02]
 [ 3.7212580e-02  9.9293790e-01 -1.1264004e-01  8.7540000e+01]
 [ 9.2566284e-01 -7.6691960e-02 -3.7003092e-01 -1.3291400e+03]
 [ 0.0000000e+00  0.0000000e+00  0.0000000e+00  1.0000000e+00]]
[+0228.49, -0003.25, -1205.96]
1600, 1920, 1600
[[-3.7614802e-01 -9.0773120e-02 -9.2181230e-01  1.7355000e+02]
 [ 3.7813120e-02  9.9285248e-01 -1.1318720e-01  8.7540000e+01]
 [ 9.2549870e-01 -7.7468800e-02 -3.7002450e-01 -1.3291600e+03]
 [ 0.0000000e+00  0.0000000e+00  0.0000000e+00  1.0000000e+00]]
[+0255.79, +0006.83, -1205.02]
1600, 2200, 1600
[[-3.7548610e-01 -9.1463120e-02 -9.2203936e-01  1.7352000e+02]
 [ 3.7192240e-02  9.9282656e-01 -1.1362048e-01  8.7510000e+01]
 [ 9.2581792e-01 -7.6989440e-02 -3.6938850e-01 -1.3291700e+03]
 [ 0.0000000e+00  0.0000000e+00  0.0000000e+00  1.0000000e+00]]
[+0282.00, +0015.13, -1213.69]
1600, 1920, 1600
[[-3.7681010e-01 -9.0756480e-02 -9.2170446e-01  1.7355000e+02]
 [ 3.7783680e-02  9.9285248e-01 -1.1320384e-01  8.7480000e+01]
 [ 9.2539086e-01 -7.7498240e-02 -3.7068658e-01 -1.3291700e+03]
 [ 0.0000000e+00  0.0000000e+00  0.0000000e+00  1.0000000e+00]]
[+0254.16, +0006.14, -1205.37]
1600, 1640, 1600
[[-3.7574810e-01 -9.0800400e-02 -9.2218380e-01  1.7359000e+02]
 [ 3.7184880e-02  9.9290854e-01 -1.1291220e-01  8.7500000e+01]
 [ 9.2589684e-01 -7.6727880e-02 -3.6970640e-01 -1.3291000e+03]
 [ 0.0000000e+00  0.0000000e+00  0.0000000e+00  1.0000000e+00]]
[+0227.90, -0003.49, -1206.15]
1600, 1360, 1600
[[-3.7537140e-01 -9.0242880e-02 -9.2210144e-01  1.7354000e+02]
 [ 3.7295680e-02  9.9296718e-01 -1.1234646e-01  8.7580000e+01]
 [ 9.2575584e-01 -7.6608860e-02 -3.6936258e-01 -1.3290500e+03]
 [ 0.0000000e+00  0.0000000e+00  0.0000000e+00  1.0000000e+00]]
[+0205.08, -0012.81, -1214.32]
1600, 1080, 1600
[[-3.7634152e-01 -8.9775560e-02 -9.2196592e-01  1.7364000e+02]
 [ 3.7471240e-02  9.9300272e-01 -1.1198236e-01  8.7600000e+01]
 [ 9.2556832e-01 -7.6710440e-02 -3.7034280e-01 -1.3290400e+03]
 [ 0.0000000e+00  0.0000000e+00  0.0000000e+00  1.0000000e+00]]
[+0184.52, -0022.88, -1231.00]
1600, 800, 1600
[[-3.7567952e-01 -8.9461080e-02 -9.2209644e-01  1.7370000e+02]
 [ 3.7831320e-02  9.9301528e-01 -1.1174256e-01  8.7610000e+01]
 [ 9.2565324e-01 -7.6904640e-02 -3.6966824e-01 -1.3290100e+03]
 [ 0.0000000e+00  0.0000000e+00  0.0000000e+00  1.0000000e+00]]
[+0169.46, -0032.19, -1256.36]
1220, 2200, 1220
[[-3.7619418e-01 -9.0665360e-02 -9.2182902e-01  1.7352000e+02]
 [ 3.8367360e-02  9.9281904e-01 -1.1329496e-01  8.7600000e+01]
 [ 9.2548198e-01 -7.8023040e-02 -3.7001178e-01 -1.3290900e+03]
 [ 0.0000000e+00  0.0000000e+00  0.0000000e+00  1.0000000e+00]]
[+0313.26, +0024.54, -1223.73]
1220, 1920, 1220
[[-3.7508626e-01 -8.9989640e-02 -9.2234862e-01  1.7364000e+02]
 [ 3.8041480e-02  9.9294044e-01 -1.1233716e-01  8.7650000e+01]
 [ 9.2594706e-01 -7.7257080e-02 -3.6901266e-01 -1.3290300e+03]
 [ 0.0000000e+00  0.0000000e+00  0.0000000e+00  1.0000000e+00]]
[+0288.65, +0018.15, -1203.30]
1220, 1640, 1220
[[-3.7546308e-01 -8.9542880e-02 -9.2233460e-01  1.7363000e+02]
 [ 3.8912120e-02  9.9291932e-01 -1.1222960e-01  8.7670000e+01]
 [ 9.2585360e-01 -7.8049400e-02 -3.6931876e-01 -1.3290400e+03]
 [ 0.0000000e+00  0.0000000e+00  0.0000000e+00  1.0000000e+00]]
[+0263.85, +0010.69, -1192.68]
1220, 1360, 1220
[[-3.7572520e-01 -8.9518920e-02 -9.2210164e-01  1.7364000e+02]
 [ 3.8220120e-02  9.9297582e-01 -1.1196186e-01  8.7640000e+01]
 [ 9.2564804e-01 -7.7347260e-02 -3.6966202e-01 -1.3290600e+03]
 [ 0.0000000e+00  0.0000000e+00  0.0000000e+00  1.0000000e+00]]
[+0236.96, +0001.40, -1190.19]
1220, 1080, 1220
[[-3.7537140e-01 -8.9261540e-02 -9.2233542e-01  1.7369000e+02]
 [ 3.8299860e-02  9.9300486e-01 -1.1167946e-01  8.7680000e+01]
 [ 9.2585278e-01 -7.7275860e-02 -3.6932490e-01 -1.3290300e+03]
 [ 0.0000000e+00  0.0000000e+00  0.0000000e+00  1.0000000e+00]]
[+0208.90, -0009.51, -1196.55]
1220, 800, 1220
[[-3.7541716e-01 -8.8326720e-02 -9.2240948e-01  1.7372000e+02]
 [ 3.9681480e-02  9.9300124e-01 -1.1122848e-01  8.7710000e+01]
 [ 9.2577872e-01 -7.8388680e-02 -3.6928276e-01 -1.3289900e+03]
 [ 0.0000000e+00  0.0000000e+00  0.0000000e+00  1.0000000e+00]]
[+0182.01, -0021.68, -1213.65]
1000, 1920, 1000
[[-3.7435600e-01 -8.9528400e-02 -9.2280760e-01  1.7365000e+02]
 [ 3.7923600e-02  9.9301528e-01 -1.1171880e-01  8.7720000e+01]
 [ 9.2636440e-01 -7.6837200e-02 -3.6834472e-01 -1.3290900e+03]
 [ 0.0000000e+00  0.0000000e+00  0.0000000e+00  1.0000000e+00]]
[+0311.88, +0024.65, -1210.79]
1000, 1640, 1000
[[-3.7442458e-01 -8.8529140e-02 -9.2272452e-01  1.7365000e+02]
 [ 3.9570740e-02  9.9299534e-01 -1.1131764e-01  8.7760000e+01]
 [ 9.2611668e-01 -7.8230760e-02 -3.6829608e-01 -1.3290300e+03]
 [ 0.0000000e+00  0.0000000e+00  0.0000000e+00  1.0000000e+00]]
[+0286.62, +0018.27, -1192.70]
1000, 1360, 1000
[[-3.7480132e-01 -8.8744160e-02 -9.2266496e-01  1.7368000e+02]
 [ 3.9779840e-02  9.9294942e-01 -1.1165698e-01  8.7720000e+01]
 [ 9.2606896e-01 -7.8576020e-02 -3.6862690e-01 -1.3290400e+03]
 [ 0.0000000e+00  0.0000000e+00  0.0000000e+00  1.0000000e+00]]
[+0260.31, +0010.01, -1183.20]
1000, 1080, 1000
[[-3.7508626e-01 -8.8346700e-02 -9.2262866e-01  1.7372000e+02]
 [ 3.9707340e-02  9.9300124e-01 -1.1122290e-01  8.7730000e+01]
 [ 9.2599790e-01 -7.8371340e-02 -3.6895186e-01 -1.3290300e+03]
 [ 0.0000000e+00  0.0000000e+00  0.0000000e+00  1.0000000e+00]]
[+0230.14, -0000.50, -1182.36]
1000, 800, 1000
[[-3.7499490e-01 -8.8053800e-02 -9.2246360e-01  1.7376000e+02]
 [ 3.9083560e-02  9.9308670e-01 -1.1066992e-01  8.7760000e+01]
 [ 9.2583208e-01 -7.7600800e-02 -3.6895776e-01 -1.3290200e+03]
 [ 0.0000000e+00  0.0000000e+00  0.0000000e+00  1.0000000e+00]]
[+0198.38, -0013.47, -1192.15]
1000, 1000, 800
[[-3.7464130e-01 -8.7807780e-02 -9.2286246e-01  1.7372000e+02]
 [ 3.9174300e-02  9.9311534e-01 -1.1039022e-01  8.7780000e+01]
 [ 9.2620230e-01 -7.7526900e-02 -3.6862100e-01 -1.3290500e+03]
 [ 0.0000000e+00  0.0000000e+00  0.0000000e+00  1.0000000e+00]]
[+0227.44, +0021.94, -1182.59]
1000, 1000, 1080
[[-3.7499490e-01 -8.9223260e-02 -9.2254938e-01  1.7370000e+02]
 [ 3.7936860e-02  9.9304428e-01 -1.1145506e-01  8.7680000e+01]
 [ 9.2607718e-01 -7.6815660e-02 -3.6900018e-01 -1.3291100e+03]
 [ 0.0000000e+00  0.0000000e+00  0.0000000e+00  1.0000000e+00]]
[+0222.13, -0014.45, -1185.08]
1000, 1000, 1360
[[-3.7539426e-01 -8.8876860e-02 -9.2236666e-01  1.7366000e+02]
 [ 3.8907940e-02  9.9300030e-01 -1.1150982e-01  8.7680000e+01]
 [ 9.2582154e-01 -7.7776420e-02 -3.6930660e-01 -1.3290000e+03]
 [ 0.0000000e+00  0.0000000e+00  0.0000000e+00  1.0000000e+00]]
[+0221.33, -0044.58, -1196.48]
1000, 1000, 1640
[[-3.7541716e-01 -8.9484940e-02 -9.2232926e-01  1.7365000e+02]
 [ 3.8523260e-02  9.9295910e-01 -1.1201038e-01  8.7640000e+01]
 [ 9.2585894e-01 -7.7606780e-02 -3.6932490e-01 -1.3289300e+03]
 [ 0.0000000e+00  0.0000000e+00  0.0000000e+00  1.0000000e+00]]
[+0224.19, -0071.10, -1216.35]
1000, 1000, 1920
[[-3.7539426e-01 -9.0366000e-02 -9.2226370e-01  1.7367000e+02]
 [ 3.7418800e-02  9.9294432e-01 -1.1251512e-01  8.7550000e+01]
 [ 9.2592450e-01 -7.6771120e-02 -3.6936258e-01 -1.3289400e+03]
 [ 0.0000000e+00  0.0000000e+00  0.0000000e+00  1.0000000e+00]]
[+0230.84, -0089.89, -1243.52]
1220, 1220, 800
[[-3.7570234e-01 -8.8591280e-02 -9.2232732e-01  1.7369000e+02]
 [ 3.8947280e-02  9.9302918e-01 -1.1124108e-01  8.7740000e+01]
 [ 9.2575332e-01 -7.7737080e-02 -3.6963152e-01 -1.3289300e+03]
 [ 0.0000000e+00  0.0000000e+00  0.0000000e+00  1.0000000e+00]]
[+0232.44, +0045.18, -1196.30]
1220, 1220, 1080
[[-3.7473250e-01 -8.9401400e-02 -9.2260520e-01  1.7368000e+02]
 [ 3.8452040e-02  9.9298200e-01 -1.1183128e-01  8.7670000e+01]
 [ 9.2612872e-01 -7.7409200e-02 -3.6866314e-01 -1.3289800e+03]
 [ 0.0000000e+00  0.0000000e+00  0.0000000e+00  1.0000000e+00]]
[+0225.28, +0011.73, -1191.13]
1220, 1220, 1360
[[-3.7577104e-01 -8.9411280e-02 -9.2211840e-01  1.7366000e+02]
 [ 3.8774400e-02  9.9294230e-01 -1.1206950e-01  8.7640000e+01]
 [ 9.2563128e-01 -7.7901540e-02 -3.6964970e-01 -1.3289400e+03]
 [ 0.0000000e+00  0.0000000e+00  0.0000000e+00  1.0000000e+00]]
[+0222.06, -0019.01, -1195.48]
1220, 1220, 1640
[[-3.7577104e-01 -9.0073200e-02 -9.2207248e-01  1.7363000e+02]
 [ 3.8112480e-02  9.9291750e-01 -1.1251614e-01  8.7580000e+01]
 [ 9.2567720e-01 -7.7454900e-02 -3.6967450e-01 -1.3289400e+03]
 [ 0.0000000e+00  0.0000000e+00  0.0000000e+00  1.0000000e+00]]
[+0222.22, -0047.96, -1208.29]
1220, 1220, 1920
[[-3.7541716e-01 -9.0643160e-02 -9.2224904e-01  1.7362000e+02]
 [ 3.7365040e-02  9.9291500e-01 -1.1279228e-01  8.7510000e+01]
 [ 9.2593916e-01 -7.6824880e-02 -3.6936900e-01 -1.3289500e+03]
 [ 0.0000000e+00  0.0000000e+00  0.0000000e+00  1.0000000e+00]]
[+0226.11, -0071.87, -1229.29]
1220, 1220, 2200
[[-3.7477834e-01 -9.1763900e-02 -9.2228438e-01  1.7361000e+02]
 [ 3.6513620e-02  9.9285270e-01 -1.1361166e-01  8.7400000e+01]
 [ 9.2611870e-01 -7.6290500e-02 -3.6874660e-01 -1.3289600e+03]
 [ 0.0000000e+00  0.0000000e+00  0.0000000e+00  1.0000000e+00]]
[+0232.95, -0085.08, -1253.68]
1600, 1600, 800
[[-3.7572520e-01 -8.9364880e-02 -9.2227856e-01  1.7366000e+02]
 [ 3.8397040e-02  9.9298200e-01 -1.1185328e-01  8.7690000e+01]
 [ 9.2580208e-01 -7.7455840e-02 -3.6965584e-01 -1.3289800e+03]
 [ 0.0000000e+00  0.0000000e+00  0.0000000e+00  1.0000000e+00]]
[+0245.48, +0072.24, -1228.72]
1600, 1600, 1080
[[-3.7510920e-01 -9.0112840e-02 -9.2251092e-01  1.7362000e+02]
 [ 3.8164680e-02  9.9291750e-01 -1.1250574e-01  8.7620000e+01]
 [ 9.2611564e-01 -7.7419380e-02 -3.6901266e-01 -1.3290200e+03]
 [ 0.0000000e+00  0.0000000e+00  0.0000000e+00  1.0000000e+00]]
[+0236.42, +0047.89, -1212.52]
1600, 1600, 1360
[[-3.7544010e-01 -9.0423940e-02 -9.2226878e-01  1.7362000e+02]
 [ 3.7807660e-02  9.9290486e-01 -1.1273434e-01  8.7600000e+01]
 [ 9.2591942e-01 -7.7213740e-02 -3.6935620e-01 -1.3289700e+03]
 [ 0.0000000e+00  0.0000000e+00  0.0000000e+00  1.0000000e+00]]
[+0229.39, +0020.48, -1205.67]
1600, 1600, 1640
[[-3.7541716e-01 -9.1128080e-02 -9.2204920e-01  1.7360000e+02]
 [ 3.6857200e-02  9.9289550e-01 -1.1312410e-01  8.7550000e+01]
 [ 9.2580808e-01 -7.6493060e-02 -3.6938850e-01 -1.3290000e+03]
 [ 0.0000000e+00  0.0000000e+00  0.0000000e+00  1.0000000e+00]]
[+0225.91, -0008.61, -1207.38]
1600, 1600, 1920
[[-3.7574810e-01 -9.1285380e-02 -9.2198394e-01  1.7357000e+02]
 [ 3.6676980e-02  9.9288892e-01 -1.1324394e-01  8.7470000e+01]
 [ 9.2576574e-01 -7.6396140e-02 -3.6972602e-01 -1.3289600e+03]
 [ 0.0000000e+00  0.0000000e+00  0.0000000e+00  1.0000000e+00]]
[+0225.24, -0036.47, -1217.15]
1600, 1600, 2200
[[-3.7550916e-01 -9.2071180e-02 -9.2200146e-01  1.7356000e+02]
 [ 3.6807540e-02  9.9278364e-01 -1.1412098e-01  8.7390000e+01]
 [ 9.2585582e-01 -7.6819860e-02 -3.6940836e-01 -1.3289800e+03]
 [ 0.0000000e+00  0.0000000e+00  0.0000000e+00  1.0000000e+00]]
[+0228.14, -0058.18, -1233.33]
1920, 1600, 1600
[[-3.7674116e-01 -9.1072440e-02 -9.2150268e-01  1.7357000e+02]
 [ 3.6775320e-02  9.9289550e-01 -1.1315026e-01  8.7530000e+01]
 [ 9.2526156e-01 -7.6558580e-02 -3.7071250e-01 -1.3289500e+03]
 [ 0.0000000e+00  0.0000000e+00  0.0000000e+00  1.0000000e+00]]
[+0205.77, +0018.55, -1225.30]
1640, 1600, 1600
[[-3.7612500e-01 -9.0342000e-02 -9.2200400e-01  1.7362000e+02]
 [ 3.8044000e-02  9.9288822e-01 -1.1280162e-01  8.7570000e+01]
 [ 9.2563800e-01 -7.7523380e-02 -3.7001178e-01 -1.3289700e+03]
 [ 0.0000000e+00  0.0000000e+00  0.0000000e+00  1.0000000e+00]]
[+0224.15, -0000.60, -1207.53]
1360, 1600, 1600
[[-3.7570234e-01 -9.0234660e-02 -9.2204764e-01  1.7362000e+02]
 [ 3.7281060e-02  9.9296718e-01 -1.1235468e-01  8.7590000e+01]
 [ 9.2570204e-01 -7.6623480e-02 -3.6969352e-01 -1.3289500e+03]
 [ 0.0000000e+00  0.0000000e+00  0.0000000e+00  1.0000000e+00]]
[+0245.43, -0019.09, -1198.80]
1080, 1600, 1600
[[-3.7477834e-01 -8.9944280e-02 -9.2241066e-01  1.7366000e+02]
 [ 3.8333240e-02  9.9292376e-01 -1.1238252e-01  8.7630000e+01]
 [ 9.2599242e-01 -7.7519640e-02 -3.6867554e-01 -1.3289700e+03]
 [ 0.0000000e+00  0.0000000e+00  0.0000000e+00  1.0000000e+00]]
[+0268.57, -0036.29, -1198.95]
800, 1600, 1600
[[-3.7444752e-01 -8.9467920e-02 -9.2266416e-01  1.7370000e+02]
 [ 3.8855520e-02  9.9294230e-01 -1.1204194e-01  8.7710000e+01]
 [ 9.2617704e-01 -7.7837260e-02 -3.6832618e-01 -1.3289800e+03]
 [ 0.0000000e+00  0.0000000e+00  0.0000000e+00  1.0000000e+00]]
[+0293.43, -0052.52, -1209.31]
2200, 1220, 1220
[[-3.7728930e-01 -9.1326380e-02 -9.2135424e-01  1.7358000e+02]
 [ 3.5360340e-02  9.9297630e-01 -1.1289632e-01  8.7520000e+01]
 [ 9.2519392e-01 -7.5202560e-02 -3.7140804e-01 -1.3289700e+03]
 [ 0.0000000e+00  0.0000000e+00  0.0000000e+00  1.0000000e+00]]
[+0185.81, +0045.93, -1269.81]
1920, 1220, 1220
[[-3.7532580e-01 -9.0030900e-02 -9.2227330e-01  1.7367000e+02]
 [ 3.7083700e-02  9.9301278e-01 -1.1201874e-01  8.7620000e+01]
 [ 9.2591490e-01 -7.6274740e-02 -3.6936258e-01 -1.3289900e+03]
 [ 0.0000000e+00  0.0000000e+00  0.0000000e+00  1.0000000e+00]]
[+0189.63, +0034.76, -1239.66]
1640, 1220, 1220
[[-3.7567952e-01 -8.9957520e-02 -9.2206224e-01  1.7368000e+02]
 [ 3.7334880e-02  9.9299638e-01 -1.1207754e-01  8.7650000e+01]
 [ 9.2568744e-01 -7.6569660e-02 -3.6968714e-01 -1.3289700e+03]
 [ 0.0000000e+00  0.0000000e+00  0.0000000e+00  1.0000000e+00]]
[+0197.02, +0023.34, -1218.23]
1360, 1220, 1220
[[-3.7567952e-01 -8.9461080e-02 -9.2209644e-01  1.7369000e+02]
 [ 3.7831320e-02  9.9301528e-01 -1.1174256e-01  8.7660000e+01]
 [ 9.2565324e-01 -7.6904640e-02 -3.6966824e-01 -1.3289600e+03]
 [ 0.0000000e+00  0.0000000e+00  0.0000000e+00  1.0000000e+00]]
[+0214.43, +0004.89, -1197.95]
1080, 1220, 1220
[[-3.7508626e-01 -8.8997000e-02 -9.2241738e-01  1.7371000e+02]
 [ 3.9034120e-02  9.9297740e-01 -1.1166684e-01  8.7710000e+01]
 [ 9.2587830e-01 -7.7927400e-02 -3.6897570e-01 -1.3289300e+03]
 [ 0.0000000e+00  0.0000000e+00  0.0000000e+00  1.0000000e+00]]
[+0235.65, -0013.92, -1186.91]
800, 1220, 1220
[[-3.7407090e-01 -8.8602660e-02 -9.2293502e-01  1.7375000e+02]
 [ 3.9319420e-02  9.9301230e-01 -1.1125854e-01  8.7780000e+01]
 [ 9.2634414e-01 -7.7936180e-02 -3.6797124e-01 -1.3289700e+03]
 [ 0.0000000e+00  0.0000000e+00  0.0000000e+00  1.0000000e+00]]
[+0262.54, -0034.73, -1184.71]
2200, 1000, 1000
[[-3.7662706e-01 -9.0868440e-02 -9.2182744e-01  1.7362000e+02]
 [ 3.5909160e-02  9.9299640e-01 -1.1255232e-01  8.7560000e+01]
 [ 9.2559896e-01 -7.5501120e-02 -3.7072570e-01 -1.3289300e+03]
 [ 0.0000000e+00  0.0000000e+00  0.0000000e+00  1.0000000e+00]]
[+0182.57, +0051.69, -1287.43]
1920, 1000, 1000
[[-3.7565674e-01 -8.9195320e-02 -9.2227642e-01  1.7371000e+02]
 [ 3.7896520e-02  9.9304428e-01 -1.1146852e-01  8.7660000e+01]
 [ 9.2580422e-01 -7.6847720e-02 -3.6966202e-01 -1.3289600e+03]
 [ 0.0000000e+00  0.0000000e+00  0.0000000e+00  1.0000000e+00]]
[+0180.85, +0045.06, -1256.86]
1640, 1000, 1000
[[-3.7598772e-01 -8.9021540e-02 -9.2223398e-01  1.7370000e+02]
 [ 3.8047540e-02  9.9305046e-01 -1.1136514e-01  8.7680000e+01]
 [ 9.2573902e-01 -7.6973860e-02 -3.6998682e-01 -1.3289500e+03]
 [ 0.0000000e+00  0.0000000e+00  0.0000000e+00  1.0000000e+00]]
[+0183.48, +0036.68, -1232.40]
1360, 1000, 1000
[[-3.7504050e-01 -8.8773560e-02 -9.2242342e-01  1.7372000e+02]
 [ 3.8810680e-02  9.9302316e-01 -1.1133596e-01  8.7710000e+01]
 [ 9.2587226e-01 -7.7596520e-02 -3.6897570e-01 -1.3289100e+03]
 [ 0.0000000e+00  0.0000000e+00  0.0000000e+00  1.0000000e+00]]
[+0195.88, +0020.73, -1205.94]
1080, 1000, 1000
[[-3.7437882e-01 -8.8470980e-02 -9.2271902e-01  1.7375000e+02]
 [ 3.9181780e-02  9.9303516e-01 -1.1109862e-01  8.7750000e+01]
 [ 9.2612218e-01 -7.7788180e-02 -3.6830202e-01 -1.3289400e+03]
 [ 0.0000000e+00  0.0000000e+00  0.0000000e+00  1.0000000e+00]]
[+0214.47, +0002.10, -1187.89]
800, 1000, 1000
[[-3.7338660e-01 -8.8188460e-02 -9.2323322e-01  1.7380000e+02]
 [ 3.9578500e-02  9.9304700e-01 -1.1085550e-01  8.7820000e+01]
 [ 9.2659070e-01 -7.7962780e-02 -3.6729796e-01 -1.3290200e+03]
 [ 0.0000000e+00  0.0000000e+00  0.0000000e+00  1.0000000e+00]]
[+0240.54, -0020.23, -1177.44]
