950, 950, 950
[[-9.0155940e-02  9.6791228e-01 -2.3379124e-01 -1.2723000e+02]
 [ 3.4339640e-02  2.3780400e-01  9.7057652e-01  1.4483000e+02]
 [ 9.9515492e-01  7.9648040e-02 -5.4545700e-02 -1.1802600e+03]
 [ 0.0000000e+00  0.0000000e+00  0.0000000e+00  1.0000000e+00]]
[-0218.73, +0040.90, -1066.23]
800, 750, 750
[[-8.9215620e-02  9.6818700e-01 -2.3271974e-01 -1.2714000e+02]
 [ 3.4793000e-02  2.3678040e-01  9.7076100e-01  1.4480000e+02]
 [ 9.9515526e-01  7.8749000e-02 -5.4628980e-02 -1.1802400e+03]
 [ 0.0000000e+00  0.0000000e+00  0.0000000e+00  1.0000000e+00]]
[-0216.60, +0045.94, -1058.91]
800, 1000, 1000
[[-9.0504400e-02  9.6769112e-01 -2.3392236e-01 -1.2727000e+02]
 [ 3.5072240e-02  2.3816120e-01  9.7035348e-01  1.4487000e+02]
 [ 9.9494508e-01  7.9936440e-02 -5.5251360e-02 -1.1802200e+03]
 [ 0.0000000e+00  0.0000000e+00  0.0000000e+00  1.0000000e+00]]
[-0234.03, +0015.95, -1070.28]
800, 1250, 1250
[[-9.0618000e-02  9.6762424e-01 -2.3450868e-01 -1.2731000e+02]
 [ 3.5244720e-02  2.3868870e-01  9.7027744e-01  1.4491000e+02]
 [ 9.9501196e-01  7.9898880e-02 -5.5551540e-02 -1.1802100e+03]
 [ 0.0000000e+00  0.0000000e+00  0.0000000e+00  1.0000000e+00]]
[-0244.91, -0005.87, -1088.44]
800, 1500, 1500
[[-9.0561160e-02  9.6764756e-01 -2.3505740e-01 -1.2735000e+02]
 [ 3.4345000e-02  2.3902134e-01  9.7033306e-01  1.4493000e+02]
 [ 9.9519556e-01  7.9900100e-02 -5.4805060e-02 -1.1802600e+03]
 [ 0.0000000e+00  0.0000000e+00  0.0000000e+00  1.0000000e+00]]
[-0253.05, -0021.88, -1112.55]
800, 1750, 1750
[[-9.1202880e-02  9.6734576e-01 -2.3577856e-01 -1.2744000e+02]
 [ 3.5027360e-02  2.3989728e-01  9.7004672e-01  1.4498000e+02]
 [ 9.9504896e-01  8.0372480e-02 -5.5641600e-02 -1.1802300e+03]
 [ 0.0000000e+00  0.0000000e+00  0.0000000e+00  1.0000000e+00]]
[-0257.34, -0032.28, -1140.41]
800, 2000, 2000
[[-9.1845960e-02  9.6660704e-01 -2.3812636e-01 -1.2768000e+02]
 [ 3.4024360e-02  2.4230252e-01  9.6941392e-01  1.4506000e+02]
 [ 9.9492496e-01  8.1190120e-02 -5.4949480e-02 -1.1802300e+03]
 [ 0.0000000e+00  0.0000000e+00  0.0000000e+00  1.0000000e+00]]
[-0254.10, -0033.50, -1161.00]
1220, 750, 750
[[-8.9685700e-02  9.6809442e-01 -2.3331424e-01 -1.2722000e+02]
 [ 3.4521780e-02  2.3729238e-01  9.7071144e-01  1.4483000e+02]
 [ 9.9521384e-01  7.9155840e-02 -5.4587080e-02 -1.1802400e+03]
 [ 0.0000000e+00  0.0000000e+00  0.0000000e+00  1.0000000e+00]]
[-0188.36, +0090.31, -1077.46]
1220, 1000, 1000
[[-9.1153620e-02  9.6758464e-01 -2.3452092e-01 -1.2732000e+02]
 [ 3.4578240e-02  2.3866422e-01  9.7031704e-01  1.4489000e+02]
 [ 9.9499972e-01  8.0565360e-02 -5.5040400e-02 -1.1802400e+03]
 [ 0.0000000e+00  0.0000000e+00  0.0000000e+00  1.0000000e+00]]
[-0204.80, +0061.82, -1073.04]
1220, 1250, 1250
[[-9.0674920e-02  9.6760498e-01 -2.3469838e-01 -1.2738000e+02]
 [ 3.5434420e-02  2.3886716e-01  9.7024898e-01  1.4492000e+02]
 [ 9.9503122e-01  7.9870420e-02 -5.5786920e-02 -1.1802300e+03]
 [ 0.0000000e+00  0.0000000e+00  0.0000000e+00  1.0000000e+00]]
[-0219.02, +0037.84, -1077.72]
1220, 1500, 1500
[[-9.1088800e-02  9.6741304e-01 -2.3519232e-01 -1.2742000e+02]
 [ 3.4855040e-02  2.3937014e-01  9.7012314e-01  1.4495000e+02]
 [ 9.9498168e-01  8.0410140e-02 -5.5340900e-02 -1.1802400e+03]
 [ 0.0000000e+00  0.0000000e+00  0.0000000e+00  1.0000000e+00]]
[-0232.96, +0016.94, -1089.05]
1220, 1750, 1750
[[-9.0967380e-02  9.6714290e-01 -2.3576324e-01 -1.2747000e+02]
 [ 3.4824500e-02  2.4006750e-01  9.6985300e-01  1.4501000e+02]
 [ 9.9485524e-01  8.0387800e-02 -5.5235880e-02 -1.1802200e+03]
 [ 0.0000000e+00  0.0000000e+00  0.0000000e+00  1.0000000e+00]]
[-0243.48, -0002.39, -1107.46]
1220, 2000, 2000
[[-9.1731240e-02  9.6699668e-01 -2.3674096e-01 -1.2757000e+02]
 [ 3.4708960e-02  2.4092636e-01  9.6975892e-01  1.4504000e+02]
 [ 9.9494932e-01  8.0959840e-02 -5.5497640e-02 -1.1802300e+03]
 [ 0.0000000e+00  0.0000000e+00  0.0000000e+00  1.0000000e+00]]
[-0249.18, -0015.75, -1130.64]
1800, 750, 750
[[-9.0682980e-02  9.6782392e-01 -2.3363018e-01 -1.2729000e+02]
 [ 3.5174720e-02  2.3781212e-01  9.7049032e-01  1.4487000e+02]
 [ 9.9500198e-01  8.0034880e-02 -5.5421860e-02 -1.1802300e+03]
 [ 0.0000000e+00  0.0000000e+00  0.0000000e+00  1.0000000e+00]]
[-0161.99, +0124.10, -1131.64]
1800, 1000, 1000
[[-9.1210420e-02  9.6756532e-01 -2.3471056e-01 -1.2741000e+02]
 [ 3.4767880e-02  2.3884280e-01  9.7028864e-01  1.4493000e+02]
 [ 9.9501904e-01  8.0536960e-02 -5.5275780e-02 -1.1802400e+03]
 [ 0.0000000e+00  0.0000000e+00  0.0000000e+00  1.0000000e+00]]
[-0173.74, +0107.08, -1111.65]
1800, 1250, 1250
[[-9.1381300e-02  9.6738960e-01 -2.3536870e-01 -1.2745000e+02]
 [ 3.5219040e-02  2.3954860e-01  9.7009872e-01  1.4497000e+02]
 [ 9.9498778e-01  8.0556000e-02 -5.5811860e-02 -1.1802200e+03]
 [ 0.0000000e+00  0.0000000e+00  0.0000000e+00  1.0000000e+00]]
[-0185.45, +0087.77, -1099.61]
1800, 1500, 1500
[[-9.2088040e-02  9.6723094e-01 -2.3562494e-01 -1.2748000e+02]
 [ 3.5417260e-02  2.3988908e-01  9.6998722e-01  1.4497000e+02]
 [ 9.9488714e-01  8.1202820e-02 -5.6178120e-02 -1.1802200e+03]
 [ 0.0000000e+00  0.0000000e+00  0.0000000e+00  1.0000000e+00]]
[-0200.40, +0067.87, -1094.83]
1800, 1750, 1750
[[-9.2145280e-02  9.6706512e-01 -2.3611072e-01 -1.2754000e+02]
 [ 3.5281920e-02  2.4040782e-01  9.6983478e-01  1.4501000e+02]
 [ 9.9484592e-01  8.1298020e-02 -5.6073460e-02 -1.1802300e+03]
 [ 0.0000000e+00  0.0000000e+00  0.0000000e+00  1.0000000e+00]]
[-0214.32, +0046.31, -1097.39]
1800, 2000, 2000
[[-9.2260000e-02  9.6702632e-01 -2.3648976e-01 -1.2759000e+02]
 [ 3.5660960e-02  2.4076454e-01  9.6977742e-01  1.4505000e+02]
 [ 9.9488472e-01  8.1240660e-02 -5.6544900e-02 -1.1802200e+03]
 [ 0.0000000e+00  0.0000000e+00  0.0000000e+00  1.0000000e+00]]
[-0227.00, +0025.83, -1106.95]
1750, 1750, 1800
[[-9.1559760e-02  9.6746556e-01 -2.3549056e-01 -1.2745000e+02]
 [ 3.4907560e-02  2.3954040e-01  9.7019712e-01  1.4500000e+02]
 [ 9.9510144e-01  8.0693120e-02 -5.5641600e-02 -1.1802700e+03]
 [ 0.0000000e+00  0.0000000e+00  0.0000000e+00  1.0000000e+00]]
[-0222.16, +0043.56, -1097.93]
1500, 1500, 1800
[[-9.0967380e-02  9.6743546e-01 -2.3517096e-01 -1.2742000e+02]
 [ 3.5473860e-02  2.3938638e-01  9.7010072e-01  1.4497000e+02]
 [ 9.9497656e-01  8.0140080e-02 -5.5917000e-02 -1.1802400e+03]
 [ 0.0000000e+00  0.0000000e+00  0.0000000e+00  1.0000000e+00]]
[-0246.06, +0041.65, -1098.74]
1250, 1250, 1800
[[-9.1502760e-02  9.6742416e-01 -2.3497620e-01 -1.2741000e+02]
 [ 3.5014200e-02  2.3919164e-01  9.7015984e-01  1.4492000e+02]
 [ 9.9493584e-01  8.0787400e-02 -5.5576360e-02 -1.1802300e+03]
 [ 0.0000000e+00  0.0000000e+00  0.0000000e+00  1.0000000e+00]]
[-0269.33, +0041.83, -1106.24]
1000, 1000, 1800
[[-9.1031880e-02  9.6760698e-01 -2.3449950e-01 -1.2734000e+02]
 [ 3.5197020e-02  2.3868062e-01  9.7029470e-01  1.4487000e+02]
 [ 9.9499470e-01  8.0295500e-02 -5.5616500e-02 -1.1802300e+03]
 [ 0.0000000e+00  0.0000000e+00  0.0000000e+00  1.0000000e+00]]
[-0290.30, +0042.03, -1121.34]
750, 750, 1800
[[-9.0269140e-02  9.6790206e-01 -2.3396386e-01 -1.2726000e+02]
 [ 3.4926060e-02  2.3799070e-01  9.7053918e-01  1.4482000e+02]
 [ 9.9516514e-01  7.9572180e-02 -5.5186600e-02 -1.1802400e+03]
 [ 0.0000000e+00  0.0000000e+00  0.0000000e+00  1.0000000e+00]]
[-0306.52, +0041.93, -1142.92]
2000, 2000, 1220
[[-9.1552900e-02  9.6721376e-01 -2.3602672e-01 -1.2749000e+02]
 [ 3.5670080e-02  2.4025400e-01  9.6990844e-01  1.4508000e+02]
 [ 9.9495664e-01  8.0574680e-02 -5.6348340e-02 -1.1802600e+03]
 [ 0.0000000e+00  0.0000000e+00  0.0000000e+00  1.0000000e+00]]
[-0149.46, +0040.90, -1118.49]
1750, 1750, 1220
[[-9.0853380e-02  9.6741714e-01 -2.3520552e-01 -1.2741000e+02]
 [ 3.4680660e-02  2.3937014e-01  9.7011904e-01  1.4496000e+02]
 [ 9.9499488e-01  8.0235760e-02 -5.5105480e-02 -1.1802500e+03]
 [ 0.0000000e+00  0.0000000e+00  0.0000000e+00  1.0000000e+00]]
[-0169.34, +0040.49, -1098.76]
1500, 1500, 1220
[[-9.0853380e-02  9.6759176e-01 -2.3470240e-01 -1.2735000e+02]
 [ 3.5212240e-02  2.3885912e-01  9.7026220e-01  1.4496000e+02]
 [ 9.9502720e-01  8.0092600e-02 -5.5616500e-02 -1.1802300e+03]
 [ 0.0000000e+00  0.0000000e+00  0.0000000e+00  1.0000000e+00]]
[-0189.29, +0040.27, -1085.41]
1250, 1250, 1220
[[-9.1031880e-02  9.6772468e-01 -2.3441024e-01 -1.2735000e+02]
 [ 3.5314720e-02  2.3851020e-01  9.7039916e-01  1.4493000e+02]
 [ 9.9508396e-01  8.0191040e-02 -5.5786920e-02 -1.1802300e+03]
 [ 0.0000000e+00  0.0000000e+00  0.0000000e+00  1.0000000e+00]]
[-0215.11, +0041.49, -1077.19]
1000, 1000, 1220
[[-8.9855380e-02  9.6782990e-01 -2.3385536e-01 -1.2725000e+02]
 [ 3.5062900e-02  2.3799870e-01  9.7043680e-01  1.4487000e+02]
 [ 9.9506464e-01  7.9260800e-02 -5.5121920e-02 -1.1802300e+03]
 [ 0.0000000e+00  0.0000000e+00  0.0000000e+00  1.0000000e+00]]
[-0244.71, +0041.35, -1076.63]
750, 750, 1220
[[-8.9685700e-02  9.6794866e-01 -2.3361042e-01 -1.2721000e+02]
 [ 3.4197380e-02  2.3763350e-01  9.7058766e-01  1.4482000e+02]
 [ 9.9515274e-01  7.9279620e-02 -5.4245960e-02 -1.1802300e+03]
 [ 0.0000000e+00  0.0000000e+00  0.0000000e+00  1.0000000e+00]]
[-0274.68, +0041.15, -1085.08]
2000, 2000, 800
[[-9.0955060e-02  9.6734642e-01 -2.3630120e-01 -1.2741000e+02]
 [ 3.7056500e-02  2.4047150e-01  9.6990200e-01  1.4519000e+02]
 [ 9.9510008e-01  7.9523440e-02 -5.7671400e-02 -1.1802800e+03]
 [ 0.0000000e+00  0.0000000e+00  0.0000000e+00  1.0000000e+00]]
[-0128.19, +0038.88, -1142.17]
1750, 1750, 800
[[-9.0204200e-02  9.6773064e-01 -2.3463552e-01 -1.2731000e+02]
 [ 3.5203200e-02  2.3869670e-01  9.7034550e-01  1.4496000e+02]
 [ 9.9514680e-01  7.9417020e-02 -5.5486660e-02 -1.1802700e+03]
 [ 0.0000000e+00  0.0000000e+00  0.0000000e+00  1.0000000e+00]]
[-0135.00, +0039.96, -1121.38]
1500, 1500, 800
[[-8.9676880e-02  9.6778628e-01 -2.3426508e-01 -1.2728000e+02]
 [ 3.4871320e-02  2.3834774e-01  9.7038522e-01  1.4493000e+02]
 [ 9.9512532e-01  7.9077180e-02 -5.4951380e-02 -1.1802500e+03]
 [ 0.0000000e+00  0.0000000e+00  0.0000000e+00  1.0000000e+00]]
[-0147.47, +0040.14, -1099.44]
1250, 1250, 800
[[-8.9855380e-02  9.6780156e-01 -2.3406222e-01 -1.2726000e+02]
 [ 3.4856040e-02  2.3816924e-01  9.7041756e-01  1.4490000e+02]
 [ 9.9509298e-01  7.9280040e-02 -5.4951380e-02 -1.1802500e+03]
 [ 0.0000000e+00  0.0000000e+00  0.0000000e+00  1.0000000e+00]]
[-0167.91, +0040.66, -1080.04]
1000, 1000, 800
[[-8.9507080e-02  9.6798990e-01 -2.3339954e-01 -1.2718000e+02]
 [ 3.4626300e-02  2.3747100e-01  9.7059390e-01  1.4484000e+02]
 [ 9.9512854e-01  7.9038300e-02 -5.4587080e-02 -1.1802600e+03]
 [ 0.0000000e+00  0.0000000e+00  0.0000000e+00  1.0000000e+00]]
[-0195.90, +0040.44, -1066.14]
