1050, 1650, 1650
[[-9.5437300e-02  8.9551290e-01 -4.3422390e-01  4.2000000e+00]
 [ 4.9753020e-02  4.4016076e-01  8.9642610e-01  1.0280000e+02]
 [ 9.9399114e-01  6.4123020e-02 -8.6458900e-02 -1.1606300e+03]
 [ 0.0000000e+00  0.0000000e+00  0.0000000e+00  1.0000000e+00]]
[-0080.86, -0071.88, -1082.74]
1350, 750, 1650
[[-9.4975080e-02  8.9594826e-01 -4.3330990e-01  4.2700000e+00]
 [ 4.9890740e-02  4.3926492e-01  8.9682870e-01  1.0272000e+02]
 [ 9.9397770e-01  6.3777100e-02 -8.6289000e-02 -1.1606500e+03]
 [ 0.0000000e+00  0.0000000e+00  0.0000000e+00  1.0000000e+00]]
[-0126.03, +0025.86, -1099.83]
1350, 2250, 1050
[[-9.5447940e-02  8.9527906e-01 -4.3452594e-01  4.1800000e+00]
 [ 5.0941860e-02  4.4061750e-01  8.9609102e-01  1.0293000e+02]
 [ 9.9385226e-01  6.3636420e-02 -8.7520200e-02 -1.1606500e+03]
 [ 0.0000000e+00  0.0000000e+00  0.0000000e+00  1.0000000e+00]]
[+0010.53, -0061.25, -1111.63]
1650, 2250, 1650
[[-9.6166420e-02  8.9502162e-01 -4.3514592e-01  4.0900000e+00]
 [ 5.1283380e-02  4.4121566e-01  8.9583888e-01  1.0290000e+02]
 [ 9.9387408e-01  6.3981120e-02 -8.8242920e-02 -1.1606200e+03]
 [ 0.0000000e+00  0.0000000e+00  0.0000000e+00  1.0000000e+00]]
[-0026.94, -0051.13, -1088.64]
2250, 1350, 750
[[-9.6768980e-02  8.9570742e-01 -4.3350438e-01  4.2000000e+00]
 [ 5.2127580e-02  4.3972174e-01  8.9650098e-01  1.0286000e+02]
 [ 9.9373062e-01  6.4339020e-02 -8.9134280e-02 -1.1606600e+03]
 [ 0.0000000e+00  0.0000000e+00  0.0000000e+00  1.0000000e+00]]
[+0006.79, +0049.90, -1131.65]
750, 1650, 1050
[[-9.4060560e-02  8.9616948e-01 -4.3340592e-01  4.4000000e+00]
 [ 4.9732680e-02  4.3911854e-01  8.9699668e-01  1.0280000e+02]
 [ 9.9422688e-01  6.2901880e-02 -8.5822660e-02 -1.1606800e+03]
 [ 0.0000000e+00  0.0000000e+00  0.0000000e+00  1.0000000e+00]]
[-0032.88, -0090.40, -1083.05]
1050, 1350, 1650
[[-9.4418740e-02  8.9587598e-01 -4.3372822e-01  4.2600000e+00]
 [ 4.9814420e-02  4.3956668e-01  8.9672158e-01  1.0278000e+02]
 [ 9.9409882e-01  6.3224180e-02 -8.6034420e-02 -1.1606800e+03]
 [ 0.0000000e+00  0.0000000e+00  0.0000000e+00  1.0000000e+00]]
[-0102.78, -0050.29, -1076.83]
1350, 1950, 1050
[[-9.5031780e-02  8.9570856e-01 -4.3395978e-01  4.2600000e+00]
 [ 5.0172960e-02  4.3986608e-01  8.9655976e-01  1.0283000e+02]
 [ 9.9403098e-01  6.3583840e-02 -8.6649700e-02 -1.1606800e+03]
 [ 0.0000000e+00  0.0000000e+00  0.0000000e+00  1.0000000e+00]]
[+0003.87, -0048.27, -1086.40]
1650, 2250, 1950
[[-9.6827080e-02  8.9456914e-01 -4.3554482e-01  3.9900000e+00]
 [ 5.0757340e-02  4.4180678e-01  8.9548246e-01  1.0291000e+02]
 [ 9.9366842e-01  6.4893740e-02 -8.8011300e-02 -1.1606600e+03]
 [ 0.0000000e+00  0.0000000e+00  0.0000000e+00  1.0000000e+00]]
[-0052.70, -0056.25, -1090.62]
1350, 750, 1050
[[-9.4004500e-02  8.9628190e-01 -4.3283130e-01  4.3800000e+00]
 [ 4.9322900e-02  4.3866572e-01  8.9715306e-01  1.0272000e+02]
 [ 9.9409830e-01  6.3206940e-02 -8.5313780e-02 -1.1606800e+03]
 [ 0.0000000e+00  0.0000000e+00  0.0000000e+00  1.0000000e+00]]
[-0074.08, +0043.52, -1066.23]
2250, 1950, 2250
[[-9.7801860e-02  8.9436220e-01 -4.3594570e-01  3.8500000e+00]
 [ 5.1450200e-02  4.4225612e-01  8.9526932e-01  1.0288000e+02]
 [ 9.9362230e-01  6.5349320e-02 -8.9138980e-02 -1.1605900e+03]
 [ 0.0000000e+00  0.0000000e+00  0.0000000e+00  1.0000000e+00]]
[-0076.22, +0002.40, -1093.77]
1950, 750, 1050
[[-9.4315060e-02  8.9632384e-01 -4.3278276e-01  4.3200000e+00]
 [ 5.0490560e-02  4.3867232e-01  8.9711112e-01  1.0273000e+02]
 [ 9.9405636e-01  6.2938320e-02 -8.6523380e-02 -1.1606300e+03]
 [ 0.0000000e+00  0.0000000e+00  0.0000000e+00  1.0000000e+00]]
[-0050.64, +0073.55, -1115.15]
1650, 1950, 1350
[[-9.5645220e-02  8.9554110e-01 -4.3419106e-01  4.2000000e+00]
 [ 5.0531300e-02  4.4016540e-01  8.9639790e-01  1.0284000e+02]
 [ 9.9396294e-01  6.3943300e-02 -8.7265380e-02 -1.1606300e+03]
 [ 0.0000000e+00  0.0000000e+00  0.0000000e+00  1.0000000e+00]]
[-0015.74, -0032.83, -1077.40]
1050, 1050, 2250
[[-9.5842900e-02  8.9549644e-01 -4.3420988e-01  4.1300000e+00]
 [ 4.9663160e-02  4.4015832e-01  8.9644256e-01  1.0273000e+02]
 [ 9.9397468e-01  6.4512160e-02 -8.6565220e-02 -1.1606300e+03]
 [ 0.0000000e+00  0.0000000e+00  0.0000000e+00  1.0000000e+00]]
[-0142.22, -0033.91, -1139.27]
1650, 1350, 1950
[[-9.6154900e-02  8.9528398e-01 -4.3431114e-01  4.1200000e+00]
 [ 5.0575700e-02  4.4046236e-01  8.9617602e-01  1.0279000e+02]
 [ 9.9378150e-01  6.4466700e-02 -8.7478100e-02 -1.1606400e+03]
 [ 0.0000000e+00  0.0000000e+00  0.0000000e+00  1.0000000e+00]]
[-0103.68, +0003.67, -1087.23]
1350, 1350, 1050
[[-9.4164200e-02  8.9610804e-01 -4.3326252e-01  4.3300000e+00]
 [ 5.0197320e-02  4.3912070e-01  8.9690834e-01  1.0280000e+02]
 [ 9.9408564e-01  6.2886580e-02 -8.6225860e-02 -1.1606600e+03]
 [ 0.0000000e+00  0.0000000e+00  0.0000000e+00  1.0000000e+00]]
[-0031.07, -0008.25, -1055.74]
1350, 1650, 1350
[[-9.4522500e-02  8.9565890e-01 -4.3419280e-01  4.2400000e+00]
 [ 4.9670900e-02  4.4001462e-01  8.9651960e-01  1.0278000e+02]
 [ 9.9411320e-01  6.3322400e-02 -8.5991880e-02 -1.1606600e+03]
 [ 0.0000000e+00  0.0000000e+00  0.0000000e+00  1.0000000e+00]]
[-0042.92, -0035.15, -1062.67]
750, 1050, 1050
[[-9.3193860e-02  8.9644126e-01 -4.3278356e-01  4.4400000e+00]
 [ 4.9629140e-02  4.3852142e-01  8.9723308e-01  1.0274000e+02]
 [ 9.9420596e-01  6.2316280e-02 -8.5251280e-02 -1.1606800e+03]
 [ 0.0000000e+00  0.0000000e+00  0.0000000e+00  1.0000000e+00]]
[-0076.20, -0051.21, -1049.12]
1350, 1650, 1050
[[-9.4418740e-02  8.9580056e-01 -4.3360094e-01  4.3000000e+00]
 [ 4.9889840e-02  4.3956668e-01  8.9664728e-01  1.0281000e+02]
 [ 9.9397154e-01  6.3298480e-02 -8.6034420e-02 -1.1606800e+03]
 [ 0.0000000e+00  0.0000000e+00  0.0000000e+00  1.0000000e+00]]
[-0012.33, -0028.11, -1066.30]
750, 1050, 1650
[[-9.3806100e-02  8.9622236e-01 -4.3321828e-01  4.3700000e+00]
 [ 4.9785560e-02  4.3896984e-01  8.9703344e-01  1.0274000e+02]
 [ 9.9419012e-01  6.2714240e-02 -8.5716900e-02 -1.1606300e+03]
 [ 0.0000000e+00  0.0000000e+00  0.0000000e+00  1.0000000e+00]]
[-0129.24, -0058.94, -1095.69]
1050, 1050, 1050
[[-9.3957000e-02  8.9613188e-01 -4.3309216e-01  4.3700000e+00]
 [ 4.9621600e-02  4.3896764e-01  8.9697412e-01  1.0274000e+02]
 [ 9.9406180e-01  6.3028000e-02 -8.5568200e-02 -1.1606900e+03]
 [ 0.0000000e+00  0.0000000e+00  0.0000000e+00  1.0000000e+00]]
[-0063.69, -0014.53, -1045.99]
1950, 1350, 1050
[[-9.5749300e-02  8.9558408e-01 -4.3364166e-01  4.2300000e+00]
 [ 5.1401360e-02  4.3987040e-01  8.9638488e-01  1.0281000e+02]
 [ 9.9371718e-01  6.3852240e-02 -8.7965940e-02 -1.1606300e+03]
 [ 0.0000000e+00  0.0000000e+00  0.0000000e+00  1.0000000e+00]]
[-0012.80, +0044.10, -1093.07]
1950, 1950, 1050
[[-9.5401600e-02  8.9530872e-01 -4.3450856e-01  4.1600000e+00]
 [ 5.1570480e-02  4.4062158e-01  8.9606136e-01  1.0289000e+02]
 [ 9.9383896e-01  6.3306960e-02 -8.8072180e-02 -1.1606500e+03]
 [ 0.0000000e+00  0.0000000e+00  0.0000000e+00  1.0000000e+00]]
[+0013.59, +0000.95, -1100.21]
1350, 1950, 1950
[[-9.6004160e-02  8.9506776e-01 -4.3479096e-01  4.0900000e+00]
 [ 5.0282160e-02  4.4090990e-01  8.9597282e-01  1.0282000e+02]
 [ 9.9381144e-01  6.4415020e-02 -8.7181300e-02 -1.1606400e+03]
 [ 0.0000000e+00  0.0000000e+00  0.0000000e+00  1.0000000e+00]]
[-0080.52, -0065.63, -1091.99]
1350, 750, 1350
[[-9.3909700e-02  8.9628816e-01 -4.3299952e-01  4.3400000e+00]
 [ 5.0377440e-02  4.3882318e-01  8.9705724e-01  1.0273000e+02]
 [ 9.9412432e-01  6.2586840e-02 -8.6268880e-02 -1.1606200e+03]
 [ 0.0000000e+00  0.0000000e+00  0.0000000e+00  1.0000000e+00]]
[-0103.20, +0034.78, -1078.20]
2250, 1050, 1050
[[-9.7174740e-02  8.9551114e-01 -4.3376812e-01  4.1400000e+00]
 [ 5.1707420e-02  4.4001686e-01  8.9636804e-01  1.0281000e+02]
 [ 9.9369076e-01  6.4877720e-02 -8.8943440e-02 -1.1606300e+03]
 [ 0.0000000e+00  0.0000000e+00  0.0000000e+00  1.0000000e+00]]
[-0025.74, +0067.42, -1126.24]
1650, 1350, 750
[[-9.4362400e-02  8.9611568e-01 -4.3307824e-01  4.3500000e+00]
 [ 4.9532000e-02  4.3896536e-01  8.9699032e-01  1.0279000e+02]
 [ 9.9404560e-01  6.3417200e-02 -8.5674000e-02 -1.1606800e+03]
 [ 0.0000000e+00  0.0000000e+00  0.0000000e+00  1.0000000e+00]]
[+0007.09, +0021.48, -1082.94]
750, 1350, 1350
[[-9.3504420e-02  8.9594614e-01 -4.3356962e-01  4.3500000e+00]
 [ 4.9807340e-02  4.3942022e-01  8.9674114e-01  1.0276000e+02]
 [ 9.9409322e-01  6.2497660e-02 -8.5568200e-02 -1.1606400e+03]
 [ 0.0000000e+00  0.0000000e+00  0.0000000e+00  1.0000000e+00]]
[-0084.05, -0078.61, -1074.58]
2250, 750, 750
[[-9.7164100e-02  8.9589998e-01 -4.3285796e-01  4.2400000e+00]
 [ 5.1127820e-02  4.3911398e-01  8.9681684e-01  1.0277000e+02]
 [ 9.9367436e-01  6.5251240e-02 -8.8327080e-02 -1.1606400e+03]
 [ 0.0000000e+00  0.0000000e+00  0.0000000e+00  1.0000000e+00]]
[-0022.26, +0075.28, -1150.83]
1950, 750, 1350
[[-9.5437300e-02  8.9597538e-01 -4.3326194e-01  4.2300000e+00]
 [ 5.0818860e-02  4.3926940e-01  8.9680158e-01  1.0272000e+02]
 [ 9.9393422e-01  6.3747540e-02 -8.7350260e-02 -1.1606100e+03]
 [ 0.0000000e+00  0.0000000e+00  0.0000000e+00  1.0000000e+00]]
[-0075.99, +0067.42, -1115.38]
1950, 1650, 1350
[[-9.6050820e-02  8.9557666e-01 -4.3397406e-01  4.1800000e+00]
 [ 5.0644260e-02  4.4001462e-01  8.9645218e-01  1.0282000e+02]
 [ 9.9389446e-01  6.4294620e-02 -8.7520200e-02 -1.1606400e+03]
 [ 0.0000000e+00  0.0000000e+00  0.0000000e+00  1.0000000e+00]]
[-0024.84, +0013.22, -1077.85]
1950, 1350, 750
[[-9.4975080e-02  8.9612740e-01 -4.3303168e-01  4.3100000e+00]
 [ 5.0220800e-02  4.3896764e-01  8.9697860e-01  1.0279000e+02]
 [ 9.9400132e-01  6.3627200e-02 -8.6586280e-02 -1.1606600e+03]
 [ 0.0000000e+00  0.0000000e+00  0.0000000e+00  1.0000000e+00]]
[+0008.73, +0039.97, -1107.30]
1050, 2250, 750
[[-9.4683600e-02  8.9558900e-01 -4.3421840e-01  4.2900000e+00]
 [ 5.0950520e-02  4.4017176e-01  8.9635000e-01  1.0294000e+02]
 [ 9.9399664e-01  6.2925520e-02 -8.7201600e-02 -1.1606400e+03]
 [ 0.0000000e+00  0.0000000e+00  0.0000000e+00  1.0000000e+00]]
[+0019.20, -0071.79, -1133.35]
1050, 1350, 1350
[[-9.4164200e-02  8.9592894e-01 -4.3354062e-01  4.3000000e+00]
 [ 4.9867380e-02  4.3941806e-01  8.9675834e-01  1.0277000e+02]
 [ 9.9406206e-01  6.3036580e-02 -8.5928500e-02 -1.1606700e+03]
 [ 0.0000000e+00  0.0000000e+00  0.0000000e+00  1.0000000e+00]]
[-0074.87, -0046.36, -1059.45]
1950, 1350, 1950
[[-9.7024000e-02  8.9524272e-01 -4.3445104e-01  4.0400000e+00]
 [ 5.1210720e-02  4.4061310e-01  8.9612736e-01  1.0281000e+02]
 [ 9.9377296e-01  6.4863360e-02 -8.8497940e-02 -1.1606100e+03]
 [ 0.0000000e+00  0.0000000e+00  0.0000000e+00  1.0000000e+00]]
[-0095.59, +0027.59, -1097.27]
1350, 1950, 1650
[[-9.4730260e-02  8.9555964e-01 -4.3423568e-01  4.2100000e+00]
 [ 5.0321880e-02  4.4016760e-01  8.9637936e-01  1.0282000e+02]
 [ 9.9400976e-01  6.3254880e-02 -8.6649700e-02 -1.1606400e+03]
 [ 0.0000000e+00  0.0000000e+00  0.0000000e+00  1.0000000e+00]]
[-0049.68, -0062.62, -1080.02]
1350, 1350, 1650
[[-9.5890000e-02  8.9569836e-01 -4.3374652e-01  4.2000000e+00]
 [ 4.9567560e-02  4.3970806e-01  8.9665974e-01  1.0277000e+02]
 [ 9.9395908e-01  6.4653540e-02 -8.6458900e-02 -1.1606800e+03]
 [ 0.0000000e+00  0.0000000e+00  0.0000000e+00  1.0000000e+00]]
[-0091.13, -0019.07, -1068.66]
1950, 1950, 1350
[[-9.6108360e-02  8.9533688e-01 -4.3462376e-01  4.1300000e+00]
 [ 5.0926160e-02  4.4061534e-01  8.9618278e-01  1.0288000e+02]
 [ 9.9394792e-01  6.4100860e-02 -8.7881460e-02 -1.1606700e+03]
 [ 0.0000000e+00  0.0000000e+00  0.0000000e+00  1.0000000e+00]]
[-0006.22, -0001.60, -1085.56]
1950, 2250, 1350
[[-9.6015880e-02  8.9498480e-01 -4.3534764e-01  4.0900000e+00]
 [ 5.1320200e-02  4.4136620e-01  8.9578560e-01  1.0299000e+02]
 [ 9.9392736e-01  6.3779400e-02 -8.8242920e-02 -1.1606400e+03]
 [ 0.0000000e+00  0.0000000e+00  0.0000000e+00  1.0000000e+00]]
[+0001.74, -0023.24, -1097.26]
1950, 1350, 1650
[[-9.5900040e-02  8.9541256e-01 -4.3425112e-01  4.1300000e+00]
 [ 5.0553520e-02  4.4031390e-01  8.9628694e-01  1.0280000e+02]
 [ 9.9387224e-01  6.4205020e-02 -8.7371700e-02 -1.1606400e+03]
 [ 0.0000000e+00  0.0000000e+00  0.0000000e+00  1.0000000e+00]]
[-0070.18, +0034.67, -1085.89]
1950, 1650, 1950
[[-9.6873300e-02  8.9495102e-01 -4.3480346e-01  4.0500000e+00]
 [ 5.0992340e-02  4.4106060e-01  8.9585002e-01  1.0283000e+02]
 [ 9.9367558e-01  6.4885660e-02 -8.8201140e-02 -1.1605900e+03]
 [ 0.0000000e+00  0.0000000e+00  0.0000000e+00  1.0000000e+00]]
[-0080.37, +0007.06, -1084.02]
750, 2250, 750
[[-9.3711860e-02  8.9604954e-01 -4.3366476e-01  4.4400000e+00]
 [ 5.0510340e-02  4.3942430e-01  8.9678748e-01  1.0295000e+02]
 [ 9.9419244e-01  6.2243880e-02 -8.6374600e-02 -1.1606700e+03]
 [ 0.0000000e+00  0.0000000e+00  0.0000000e+00  1.0000000e+00]]
[+0010.14, -0087.73, -1144.23]
1350, 2250, 1650
[[-9.5807080e-02  8.9500840e-01 -4.3517776e-01  4.1100000e+00]
 [ 5.0744800e-02  4.4121350e-01  8.9585210e-01  1.0289000e+02]
 [ 9.9390376e-01  6.3921700e-02 -8.7584580e-02 -1.1606200e+03]
 [ 0.0000000e+00  0.0000000e+00  0.0000000e+00  1.0000000e+00]]
[-0036.06, -0073.99, -1098.56]
1650, 1350, 2250
[[-9.6873300e-02  8.9515388e-01 -4.3485564e-01  4.0400000e+00]
 [ 5.1044520e-02  4.4091222e-01  8.9603624e-01  1.0279000e+02]
 [ 9.9387844e-01  6.4699440e-02 -8.8349520e-02 -1.1605800e+03]
 [ 0.0000000e+00  0.0000000e+00  0.0000000e+00  1.0000000e+00]]
[-0122.98, -0005.02, -1111.26]
750, 2250, 1050
[[-9.3561160e-02  8.9570624e-01 -4.3421968e-01  4.3600000e+00]
 [ 5.0090080e-02  4.4002110e-01  8.9647226e-01  1.0293000e+02]
 [ 9.9414656e-01  6.2304580e-02 -8.5928500e-02 -1.1606900e+03]
 [ 0.0000000e+00  0.0000000e+00  0.0000000e+00  1.0000000e+00]]
[-0007.60, -0096.96, -1136.29]
2250, 1950, 1650
[[-9.7487940e-02  8.9496316e-01 -4.3475564e-01  4.0300000e+00]
 [ 5.1680440e-02  4.4106288e-01  8.9583788e-01  1.0287000e+02]
 [ 9.9363004e-01  6.5094680e-02 -8.9114820e-02 -1.1606100e+03]
 [ 0.0000000e+00  0.0000000e+00  0.0000000e+00  1.0000000e+00]]
[-0029.78, +0015.78, -1089.52]
1650, 750, 1650
[[-9.5229700e-02  8.9607442e-01 -4.3321924e-01  4.2600000e+00]
 [ 5.0167820e-02  4.3911630e-01  8.9694196e-01  1.0272000e+02]
 [ 9.9403796e-01  6.3814760e-02 -8.6692240e-02 -1.1606300e+03]
 [ 0.0000000e+00  0.0000000e+00  0.0000000e+00  1.0000000e+00]]
[-0112.31, +0045.10, -1109.92]
1950, 1050, 1350
[[-9.5645220e-02  8.9577254e-01 -4.3371012e-01  4.2100000e+00]
 [ 5.1064260e-02  4.3971966e-01  8.9658556e-01  1.0278000e+02]
 [ 9.9393428e-01  6.3755640e-02 -8.7711120e-02 -1.1606200e+03]
 [ 0.0000000e+00  0.0000000e+00  0.0000000e+00  1.0000000e+00]]
[-0056.35, +0058.31, -1096.60]
1950, 2250, 1950
[[-9.7082180e-02  8.9464326e-01 -4.3565688e-01  3.9800000e+00]
 [ 5.0831460e-02  4.4180678e-01  8.9555776e-01  1.0290000e+02]
 [ 9.9378048e-01  6.4969040e-02 -8.8266400e-02 -1.1606300e+03]
 [ 0.0000000e+00  0.0000000e+00  0.0000000e+00  1.0000000e+00]]
[-0045.38, -0033.96, -1085.88]
1650, 2250, 1050
[[-9.5957700e-02  8.9514948e-01 -4.3457054e-01  4.1700000e+00]
 [ 5.1113560e-02  4.4076600e-01  8.9598108e-01  1.0294000e+02]
 [ 9.9374622e-01  6.4047640e-02 -8.7881460e-02 -1.1606300e+03]
 [ 0.0000000e+00  0.0000000e+00  0.0000000e+00  1.0000000e+00]]
[+0016.09, -0041.74, -1109.77]
2250, 1650, 1650
[[-9.7835680e-02  8.9515708e-01 -4.3462524e-01  4.0400000e+00]
 [ 5.0827880e-02  4.4075672e-01  8.9612304e-01  1.0284000e+02]
 [ 9.9379164e-01  6.5679360e-02 -8.8562960e-02 -1.1606300e+03]
 [ 0.0000000e+00  0.0000000e+00  0.0000000e+00  1.0000000e+00]]
[-0045.02, +0034.96, -1093.37]
1350, 2250, 1350
[[-9.3919620e-02  8.9536074e-01 -4.3474444e-01  4.2900000e+00]
 [ 4.9969060e-02  4.4061750e-01  8.9615892e-01  1.0285000e+02]
 [ 9.9407076e-01  6.2664680e-02 -8.5991880e-02 -1.1606200e+03]
 [ 0.0000000e+00  0.0000000e+00  0.0000000e+00  1.0000000e+00]]
[-0009.76, -0069.90, -1101.94]
1050, 2250, 1650
[[-9.4741380e-02  8.9511740e-01 -4.3534888e-01  4.2500000e+00]
 [ 5.0700200e-02  4.4121774e-01  8.9589260e-01  1.0286000e+02]
 [ 9.9407912e-01  6.2919800e-02 -8.7116880e-02 -1.1605700e+03]
 [ 0.0000000e+00  0.0000000e+00  0.0000000e+00  1.0000000e+00]]
[-0042.04, -0092.70, -1116.11]
750, 1650, 1650
[[-9.3099220e-02  8.9578314e-01 -4.3386152e-01  4.4200000e+00]
 [ 4.9567260e-02  4.3971966e-01  8.9657496e-01  1.0274000e+02]
 [ 9.9408568e-01  6.2258640e-02 -8.5165120e-02 -1.1606000e+03]
 [ 0.0000000e+00  0.0000000e+00  0.0000000e+00  1.0000000e+00]]
[-0088.02, -0094.02, -1105.77]
1050, 1050, 1950
[[-9.4117140e-02  8.9585428e-01 -4.3392872e-01  4.3400000e+00]
 [ 5.0090680e-02  4.3971966e-01  8.9665352e-01  1.0267000e+02]
 [ 9.9415288e-01  6.2783120e-02 -8.6183040e-02 -1.1605600e+03]
 [ 0.0000000e+00  0.0000000e+00  0.0000000e+00  1.0000000e+00]]
[-0138.22, -0031.99, -1110.34]
1050, 750, 1650
[[-9.3599140e-02  8.9632182e-01 -4.3317500e-01  4.4600000e+00]
 [ 4.9134300e-02  4.3881670e-01  8.9717340e-01  1.0267000e+02]
 [ 9.9429332e-01  6.2781240e-02 -8.5059400e-02 -1.1605900e+03]
 [ 0.0000000e+00  0.0000000e+00  0.0000000e+00  1.0000000e+00]]
[-0137.22, -0002.04, -1094.66]
1950, 1650, 1050
[[-9.4683600e-02  8.9584372e-01 -4.3406776e-01  4.3400000e+00]
 [ 5.1205240e-02  4.3987440e-01  8.9657428e-01  1.0281000e+02]
 [ 9.9414728e-01  6.2701240e-02 -8.7498960e-02 -1.1605500e+03]
 [ 0.0000000e+00  0.0000000e+00  0.0000000e+00  1.0000000e+00]]
[+0002.91, +0023.47, -1093.22]
1350, 2250, 750
[[-9.4278280e-02  8.9562844e-01 -4.3456260e-01  4.3900000e+00]
 [ 5.0762440e-02  4.4032238e-01  8.9637030e-01  1.0293000e+02]
 [ 9.9419220e-01  6.2499900e-02 -8.6946900e-02 -1.1605800e+03]
 [ 0.0000000e+00  0.0000000e+00  0.0000000e+00  1.0000000e+00]]
[+0026.03, -0053.51, -1128.44]
1050, 2250, 1050
[[-9.3919620e-02  8.9554002e-01 -4.3446650e-01  4.4000000e+00]
 [ 5.0298980e-02  4.4032038e-01  8.9630910e-01  1.0288000e+02]
 [ 9.9409410e-01  6.2514500e-02 -8.6289000e-02 -1.1605700e+03]
 [ 0.0000000e+00  0.0000000e+00  0.0000000e+00  1.0000000e+00]]
[+0001.22, -0081.75, -1120.35]
1050, 1350, 1950
[[-9.4522500e-02  8.9553160e-01 -4.3426820e-01  4.3300000e+00]
 [ 4.9543600e-02  4.4016312e-01  8.9640740e-01  1.0272000e+02]
 [ 9.9403780e-01  6.3434600e-02 -8.5843380e-02 -1.1605800e+03]
 [ 0.0000000e+00  0.0000000e+00  0.0000000e+00  1.0000000e+00]]
[-0123.06, -0053.14, -1102.70]
1350, 1050, 2250
[[-9.4984960e-02  8.9537920e-01 -4.3449856e-01  4.2200000e+00]
 [ 5.0141440e-02  4.4046464e-01  8.9623040e-01  1.0270000e+02]
 [ 9.9397120e-01  6.3554560e-02 -8.6607360e-02 -1.1605400e+03]
 [ 0.0000000e+00  0.0000000e+00  0.0000000e+00  1.0000000e+00]]
[-0138.50, -0011.08, -1130.50]
1650, 750, 1950
[[-9.4927940e-02  8.9579832e-01 -4.3357062e-01  4.3100000e+00]
 [ 5.0189280e-02  4.3956668e-01  8.9664952e-01  1.0269000e+02]
 [ 9.9394122e-01  6.3597920e-02 -8.6543620e-02 -1.1605600e+03]
 [ 0.0000000e+00  0.0000000e+00  0.0000000e+00  1.0000000e+00]]
[-0125.42, +0036.41, -1129.48]
750, 1350, 2250
[[-9.3966400e-02  8.9533176e-01 -4.3476168e-01  4.2300000e+00]
 [ 4.9340400e-02  4.4061310e-01  8.9618790e-01  1.0272000e+02]
 [ 9.9408360e-01  6.2994180e-02 -8.5440340e-02 -1.1606200e+03]
 [ 0.0000000e+00  0.0000000e+00  0.0000000e+00  1.0000000e+00]]
[-0128.47, -0068.66, -1147.21]
1050, 1050, 750
[[-9.2582020e-02  8.9648124e-01 -4.3262670e-01  4.5000000e+00]
 [ 4.9142760e-02  4.3837048e-01  8.9728260e-01  1.0273000e+02]
 [ 9.9419790e-01  6.2068200e-02 -8.4488500e-02 -1.1606700e+03]
 [ 0.0000000e+00  0.0000000e+00  0.0000000e+00  1.0000000e+00]]
[-0027.65, -0007.13, -1044.76]
1050, 750, 1050
[[-9.3344800e-02  8.9642632e-01 -4.3278464e-01  4.4200000e+00]
 [ 4.9389760e-02  4.3851926e-01  8.9724802e-01  1.0269000e+02]
 [ 9.9420488e-01  6.2555660e-02 -8.5102500e-02 -1.1606300e+03]
 [ 0.0000000e+00  0.0000000e+00  0.0000000e+00  1.0000000e+00]]
[-0090.53, +0014.47, -1052.34]
1350, 1050, 1650
[[-9.4164200e-02  8.9592894e-01 -4.3354062e-01  4.3000000e+00]
 [ 4.9867380e-02  4.3941806e-01  8.9675834e-01  1.0274000e+02]
 [ 9.9406206e-01  6.3036580e-02 -8.5928500e-02 -1.1606300e+03]
 [ 0.0000000e+00  0.0000000e+00  0.0000000e+00  1.0000000e+00]]
[-0110.92, +0003.97, -1078.93]
1050, 1050, 1350
[[-9.3297300e-02  8.9627626e-01 -4.3304562e-01  4.3900000e+00]
 [ 4.9688580e-02  4.3882110e-01  8.9706914e-01  1.0274000e+02]
 [ 9.9416834e-01  6.2376780e-02 -8.5356840e-02 -1.1606200e+03]
 [ 0.0000000e+00  0.0000000e+00  0.0000000e+00  1.0000000e+00]]
[-0094.89, -0022.31, -1058.08]
1350, 1350, 1950
[[-9.4834260e-02  8.9549844e-01 -4.3409206e-01  4.1800000e+00]
 [ 5.0786360e-02  4.4016972e-01  8.9629092e-01  1.0276000e+02]
 [ 9.9386826e-01  6.3239320e-02 -8.7052980e-02 -1.1606000e+03]
 [ 0.0000000e+00  0.0000000e+00  0.0000000e+00  1.0000000e+00]]
[-0116.68, -0023.91, -1090.77]
1950, 750, 750
[[-9.4975080e-02  8.9641022e-01 -4.3234794e-01  4.3600000e+00]
 [ 5.0956380e-02  4.3837260e-01  8.9720374e-01  1.0273000e+02]
 [ 9.9392126e-01  6.3402060e-02 -8.7181320e-02 -1.1606000e+03]
 [ 0.0000000e+00  0.0000000e+00  0.0000000e+00  1.0000000e+00]]
[-0023.41, +0079.75, -1126.99]
2250, 1650, 1350
[[-9.8044480e-02  8.9511056e-01 -4.3446400e-01  4.0800000e+00]
 [ 5.1681440e-02  4.4076152e-01  8.9602000e-01  1.0285000e+02]
 [ 9.9363520e-01  6.5573600e-02 -8.9370000e-02 -1.1605800e+03]
 [ 0.0000000e+00  0.0000000e+00  0.0000000e+00  1.0000000e+00]]
[-0018.96, +0036.95, -1099.62]
2250, 1350, 1050
[[-9.5343780e-02  8.9567582e-01 -4.3378342e-01  4.3500000e+00]
 [ 5.1415780e-02  4.3987244e-01  8.9644282e-01  1.0276000e+02]
 [ 9.9386098e-01  6.3388780e-02 -8.7859780e-02 -1.1605000e+03]
 [ 0.0000000e+00  0.0000000e+00  0.0000000e+00  1.0000000e+00]]
[-0011.02, +0053.96, -1117.34]
750, 750, 1950
[[-9.3551680e-02  8.9617168e-01 -4.3343592e-01  4.5500000e+00]
 [ 4.9433120e-02  4.3911854e-01  8.9699448e-01  1.0262000e+02]
 [ 9.9425688e-01  6.2602320e-02 -8.5313780e-02 -1.1605100e+03]
 [ 0.0000000e+00  0.0000000e+00  0.0000000e+00  1.0000000e+00]]
[-0153.11, -0035.29, -1138.79]
1350, 2250, 2250
[[-9.3207840e-02  8.9325868e-01 -4.3926380e-01  4.1800000e+00]
 [ 5.0858200e-02  4.4510550e-01  8.9390540e-01  1.0306000e+02]
 [ 9.9412132e-01  6.1174760e-02 -8.6801700e-02 -1.1606000e+03]
 [ 0.0000000e+00  0.0000000e+00  0.0000000e+00  1.0000000e+00]]
[-0075.82, -0071.89, -1108.29]
750, 1050, 1350
[[-9.0708000e-02  8.9697780e-01 -4.3226780e-01  4.9000000e+00]
 [ 4.9934200e-02  4.3778232e-01  8.9759352e-01  1.0274000e+02]
 [ 9.9445020e-01  5.9986480e-02 -8.4409680e-02 -1.1606000e+03]
 [ 0.0000000e+00  0.0000000e+00  0.0000000e+00  1.0000000e+00]]
[-0105.05, -0055.18, -1067.04]
1350, 1350, 1350
[[-9.0359140e-02  8.9637258e-01 -4.3315838e-01  4.7500000e+00]
 [ 4.9926420e-02  4.3883238e-01  8.9697282e-01  1.0277000e+02]
 [ 9.9429238e-01  5.9741820e-02 -8.4216520e-02 -1.1605900e+03]
 [ 0.0000000e+00  0.0000000e+00  0.0000000e+00  1.0000000e+00]]
[-0062.40, -0011.45, -1057.52]
1350, 1950, 2250
[[-9.3467880e-02  8.9522658e-01 -4.3501926e-01  4.4000000e+00]
 [ 5.0357820e-02  4.4092070e-01  8.9596354e-01  1.0284000e+02]
 [ 9.9405054e-01  6.2096260e-02 -8.6140420e-02 -1.1605800e+03]
 [ 0.0000000e+00  0.0000000e+00  0.0000000e+00  1.0000000e+00]]
[-0097.53, -0063.64, -1108.25]
1650, 1050, 1050
[[-9.3297300e-02  8.9663410e-01 -4.3248950e-01  4.5900000e+00]
 [ 5.0348180e-02  4.3822574e-01  8.9736910e-01  1.0281000e+02]
 [ 9.9421574e-01  6.2076820e-02 -8.5952200e-02 -1.1606700e+03]
 [ 0.0000000e+00  0.0000000e+00  0.0000000e+00  1.0000000e+00]]
[-0039.43, +0046.09, -1075.25]
1350, 1350, 750
[[-9.1573540e-02  8.9681048e-01 -4.3248586e-01  4.6600000e+00]
 [ 5.0443840e-02  4.3808220e-01  8.9743208e-01  1.0281000e+02]
 [ 9.9436838e-01  6.0496960e-02 -8.5276900e-02 -1.1606400e+03]
 [ 0.0000000e+00  0.0000000e+00  0.0000000e+00  1.0000000e+00]]
[+0002.44, -0000.03, -1066.29]
750, 750, 1650
[[-9.1771860e-02  8.9669160e-01 -4.3237628e-01  4.6700000e+00]
 [ 4.9651280e-02  4.3807680e-01  8.9740104e-01  1.0273000e+02]
 [ 9.9425340e-01  6.1139600e-02 -8.4575700e-02 -1.1606300e+03]
 [ 0.0000000e+00  0.0000000e+00  0.0000000e+00  1.0000000e+00]]
[-0147.37, -0033.13, -1104.58]
750, 2250, 1350
[[-9.2657800e-02  8.9574432e-01 -4.3441676e-01  4.5000000e+00]
 [ 5.1324600e-02  4.4018076e-01  8.9634432e-01  1.0297000e+02]
 [ 9.9420400e-01  6.0905400e-02 -8.6672200e-02 -1.1606300e+03]
 [ 0.0000000e+00  0.0000000e+00  0.0000000e+00  1.0000000e+00]]
[-0028.16, -0102.24, -1134.07]
2250, 750, 1050
[[-9.6352500e-02  8.9618810e-01 -4.3273580e-01  4.3000000e+00]
 [ 5.1561860e-02  4.3882110e-01  8.9700748e-01  1.0275000e+02]
 [ 9.9385852e-01  6.4249000e-02 -8.8412040e-02 -1.1605600e+03]
 [ 0.0000000e+00  0.0000000e+00  0.0000000e+00  1.0000000e+00]]
[-0042.02, +0076.91, -1142.62]
1050, 1650, 1950
[[-9.3966400e-02  8.9579400e-01 -4.3380040e-01  4.3100000e+00]
 [ 5.0405520e-02  4.3972174e-01  8.9656410e-01  1.0277000e+02]
 [ 9.9402664e-01  6.2617980e-02 -8.6331700e-02 -1.1605900e+03]
 [ 0.0000000e+00  0.0000000e+00  0.0000000e+00  1.0000000e+00]]
[-0104.89, -0072.29, -1104.10]
750, 1650, 1350
[[-9.2892100e-02  8.9652288e-01 -4.3257894e-01  4.5400000e+00]
 [ 5.0310480e-02  4.3837660e-01  8.9724096e-01  1.0277000e+02]
 [ 9.9415626e-01  6.1799760e-02 -8.5697860e-02 -1.1606400e+03]
 [ 0.0000000e+00  0.0000000e+00  0.0000000e+00  1.0000000e+00]]
[-0060.19, -0094.07, -1089.95]
2250, 750, 1650
[[-9.9819700e-02  8.9536328e-01 -4.3351924e-01  3.9400000e+00]
 [ 5.2022320e-02  4.4000742e-01  8.9636624e-01  1.0271000e+02]
 [ 9.9343244e-01  6.7107040e-02 -9.0391120e-02 -1.1604600e+03]
 [ 0.0000000e+00  0.0000000e+00  0.0000000e+00  1.0000000e+00]]
[-0081.94, +0066.73, -1140.22]
1950, 1050, 750
[[-9.4409940e-02  8.9690584e-01 -4.3157718e-01  4.4500000e+00]
 [ 5.0628720e-02  4.3747296e-01  8.9769416e-01  1.0273000e+02]
 [ 9.9405014e-01  6.3071280e-02 -8.6609940e-02 -1.1605700e+03]
 [ 0.0000000e+00  0.0000000e+00  0.0000000e+00  1.0000000e+00]]
[-0006.62, +0057.11, -1108.79]
1950, 750, 1650
[[-9.5579080e-02  8.9629742e-01 -4.3255526e-01  4.2900000e+00]
 [ 4.9796180e-02  4.3851230e-01  8.9722706e-01  1.0267000e+02]
 [ 9.9396854e-01  6.4397140e-02 -8.6437620e-02 -1.1605700e+03]
 [ 0.0000000e+00  0.0000000e+00  0.0000000e+00  1.0000000e+00]]
[-0097.02, +0060.01, -1126.75]
750, 1050, 750
[[-9.2472020e-02  8.9734110e-01 -4.3109922e-01  4.6500000e+00]
 [ 4.8957900e-02  4.3671950e-01  8.9815510e-01  1.0270000e+02]
 [ 9.9431922e-01  6.2116100e-02 -8.4216520e-02 -1.1606300e+03]
 [ 0.0000000e+00  0.0000000e+00  0.0000000e+00  1.0000000e+00]]
[-0039.11, -0045.58, -1041.93]
750, 750, 750
[[-9.2677860e-02  8.9742016e-01 -4.3086480e-01  4.6800000e+00]
 [ 4.9939200e-02  4.3657464e-01  8.9816516e-01  1.0266000e+02]
 [ 9.9424016e-01  6.1900200e-02 -8.5171860e-02 -1.1605700e+03]
 [ 0.0000000e+00  0.0000000e+00  0.0000000e+00  1.0000000e+00]]
[-0066.45, -0014.89, -1034.33]
2250, 1350, 1350
[[-9.7117200e-02  8.9575044e-01 -4.3311848e-01  4.2000000e+00]
 [ 5.1425960e-02  4.3941582e-01  8.9663736e-01  1.0278000e+02]
 [ 9.9363768e-01  6.5071760e-02 -8.8582020e-02 -1.1605800e+03]
 [ 0.0000000e+00  0.0000000e+00  0.0000000e+00  1.0000000e+00]]
[-0033.50, +0053.63, -1106.98]
1950, 1950, 2250
[[-9.6305680e-02  8.9552348e-01 -4.3416152e-01  4.1300000e+00]
 [ 5.0591080e-02  4.4016312e-01  8.9641552e-01  1.0278000e+02]
 [ 9.9393112e-01  6.4482080e-02 -8.7626560e-02 -1.1605700e+03]
 [ 0.0000000e+00  0.0000000e+00  0.0000000e+00  1.0000000e+00]]
[-0087.18, -0023.91, -1092.01]
1950, 1050, 1650
[[-9.4871440e-02  8.9616516e-01 -4.3284524e-01  4.3000000e+00]
 [ 5.0034360e-02  4.3881670e-01  8.9703042e-01  1.0272000e+02]
 [ 9.9396356e-01  6.3679020e-02 -8.6331700e-02 -1.1606000e+03]
 [ 0.0000000e+00  0.0000000e+00  0.0000000e+00  1.0000000e+00]]
[-0085.35, +0046.93, -1100.96]
1050, 1950, 750
[[-9.2987220e-02  8.9664402e-01 -4.3233482e-01  4.5000000e+00]
 [ 4.9383020e-02  4.3807068e-01  8.9744862e-01  1.0281000e+02]
 [ 9.9420582e-01  6.2307380e-02 -8.4891540e-02 -1.1606600e+03]
 [ 0.0000000e+00  0.0000000e+00  0.0000000e+00  1.0000000e+00]]
[+0018.67, -0067.76, -1106.58]
750, 750, 1350
[[-9.3337320e-02  8.9694290e-01 -4.3179782e-01  4.5500000e+00]
 [ 4.8935300e-02  4.3746636e-01  8.9780710e-01  1.0268000e+02]
 [ 9.9426418e-01  6.2814700e-02 -8.4637320e-02 -1.1605900e+03]
 [ 0.0000000e+00  0.0000000e+00  0.0000000e+00  1.0000000e+00]]
[-0130.52, -0029.42, -1072.88]
1650, 1650, 1650
[[-9.4418740e-02  8.9610698e-01 -4.3324740e-01  4.3900000e+00]
 [ 5.0347100e-02  4.3912070e-01  8.9690940e-01  1.0275000e+02]
 [ 9.9407052e-01  6.3036360e-02 -8.6480400e-02 -1.1605500e+03]
 [ 0.0000000e+00  0.0000000e+00  0.0000000e+00  1.0000000e+00]]
[-0061.97, -0010.15, -1068.84]
1050, 750, 1950
[[-9.3646800e-02  8.9657524e-01 -4.3250872e-01  4.4600000e+00]
 [ 4.9240840e-02  4.3821726e-01  8.9742796e-01  1.0264000e+02]
 [ 9.9422648e-01  6.2884360e-02 -8.5102500e-02 -1.1605700e+03]
 [ 0.0000000e+00  0.0000000e+00  0.0000000e+00  1.0000000e+00]]
[-0148.97, -0010.11, -1128.05]
1650, 1050, 1950
[[-9.5229700e-02  8.9612628e-01 -4.3301646e-01  4.3300000e+00]
 [ 5.0370600e-02  4.3896764e-01  8.9697972e-01  1.0271000e+02]
 [ 9.9398610e-01  6.3777000e-02 -8.6840900e-02 -1.1605700e+03]
 [ 0.0000000e+00  0.0000000e+00  0.0000000e+00  1.0000000e+00]]
[-0117.75, +0021.62, -1104.49]
1950, 2250, 1650
[[-9.6050820e-02  8.9544924e-01 -4.3404946e-01  4.2400000e+00]
 [ 5.0516840e-02  4.4016312e-01  8.9634012e-01  1.0289000e+02]
 [ 9.9381906e-01  6.4406680e-02 -8.7371700e-02 -1.1606000e+03]
 [ 0.0000000e+00  0.0000000e+00  0.0000000e+00  1.0000000e+00]]
[-0018.14, -0027.99, -1088.18]
1350, 1650, 1650
[[-9.3806100e-02  8.9607148e-01 -4.3296384e-01  4.4100000e+00]
 [ 4.9936440e-02  4.3896984e-01  8.9688472e-01  1.0275000e+02]
 [ 9.9393568e-01  6.2862960e-02 -8.5716900e-02 -1.1606000e+03]
 [ 0.0000000e+00  0.0000000e+00  0.0000000e+00  1.0000000e+00]]
[-0073.17, -0039.50, -1069.21]
1650, 750, 1350
[[-9.4258920e-02  8.9669034e-01 -4.3205710e-01  4.4700000e+00]
 [ 5.0335340e-02  4.3792182e-01  8.9749170e-01  1.0268000e+02]
 [ 9.9407910e-01  6.3019300e-02 -8.6312100e-02 -1.1605600e+03]
 [ 0.0000000e+00  0.0000000e+00  0.0000000e+00  1.0000000e+00]]
[-0087.51, +0059.94, -1097.55]
2250, 1350, 1950
[[-9.7476340e-02  8.9547998e-01 -4.3377040e-01  4.1000000e+00]
 [ 5.1228500e-02  4.4001230e-01  8.9639920e-01  1.0276000e+02]
 [ 9.9368848e-01  6.5356640e-02 -8.8646400e-02 -1.1605200e+03]
 [ 0.0000000e+00  0.0000000e+00  0.0000000e+00  1.0000000e+00]]
[-0081.77, +0041.34, -1108.16]
750, 2250, 1650
[[-9.1339240e-02  8.9549402e-01 -4.3515718e-01  4.5900000e+00]
 [ 5.0470820e-02  4.4077916e-01  8.9608522e-01  1.0303000e+02]
 [ 9.9434602e-01  6.0054020e-02 -8.5356840e-02 -1.1607000e+03]
 [ 0.0000000e+00  0.0000000e+00  0.0000000e+00  1.0000000e+00]]
[-0046.02, -0102.92, -1133.49]
2250, 750, 1350
[[-9.6711400e-02  8.9589456e-01 -4.3305748e-01  4.2500000e+00]
 [ 5.1643080e-02  4.3926940e-01  8.9673264e-01  1.0272000e+02]
 [ 9.9372976e-01  6.4570680e-02 -8.8624360e-02 -1.1605500e+03]
 [ 0.0000000e+00  0.0000000e+00  0.0000000e+00  1.0000000e+00]]
[-0060.93, +0074.25, -1140.17]
1050, 1650, 750
[[-9.2788660e-02  8.9663606e-01 -4.3251942e-01  4.5500000e+00]
 [ 5.0048380e-02  4.3822574e-01  8.9736714e-01  1.0277000e+02]
 [ 9.9424566e-01  6.1777020e-02 -8.5443560e-02 -1.1606100e+03]
 [ 0.0000000e+00  0.0000000e+00  0.0000000e+00  1.0000000e+00]]
[+0007.90, -0052.73, -1077.28]
2250, 1350, 2250
[[-1.0514554e-01  8.9374178e-01 -4.3566752e-01  3.3800000e+00]
 [ 5.2808780e-02  4.4267846e-01  8.9502152e-01  1.0267000e+02]
 [ 9.9287048e-01  7.1259520e-02 -9.3649440e-02 -1.1603400e+03]
 [ 0.0000000e+00  0.0000000e+00  0.0000000e+00  1.0000000e+00]]
[-0097.98, +0027.81, -1111.54]
1350, 750, 750
[[-9.3839440e-02  8.9743232e-01 -4.3045108e-01  4.6100000e+00]
 [ 4.9059520e-02  4.3626336e-01  8.9833112e-01  1.0265000e+02]
 [ 9.9411572e-01  6.3410320e-02 -8.4829840e-02 -1.1606200e+03]
 [ 0.0000000e+00  0.0000000e+00  0.0000000e+00  1.0000000e+00]]
[-0039.25, +0050.82, -1065.50]
1350, 1350, 2250
[[-9.6295720e-02  8.9596482e-01 -4.3304838e-01  4.2300000e+00]
 [ 5.0213820e-02  4.3911158e-01  8.9690178e-01  1.0272000e+02]
 [ 9.9386238e-01  6.4817220e-02 -8.7159140e-02 -1.1605600e+03]
 [ 0.0000000e+00  0.0000000e+00  0.0000000e+00  1.0000000e+00]]
[-0129.70, -0028.83, -1116.52]
1650, 1350, 1350
[[-9.4815460e-02  8.9653172e-01 -4.3211970e-01  4.4200000e+00]
 [ 4.9879400e-02  4.3806620e-01  8.9741100e-01  1.0274000e+02]
 [ 9.9398622e-01  6.3759960e-02 -8.6120100e-02 -1.1606000e+03]
 [ 0.0000000e+00  0.0000000e+00  0.0000000e+00  1.0000000e+00]]
[-0049.71, +0017.22, -1066.28]
2250, 1350, 1650
[[-9.7466100e-02  8.9586890e-01 -4.3286040e-01  4.1900000e+00]
 [ 5.0649060e-02  4.3910910e-01  8.9684792e-01  1.0276000e+02]
 [ 9.9367192e-01  6.5730000e-02 -8.8029960e-02 -1.1605700e+03]
 [ 0.0000000e+00  0.0000000e+00  0.0000000e+00  1.0000000e+00]]
[-0059.62, +0049.92, -1103.94]
2250, 1650, 1050
[[-9.5946820e-02  8.9612916e-01 -4.3262280e-01  4.2900000e+00]
 [ 5.1726840e-02  4.3882318e-01  8.9691660e-01  1.0283000e+02]
 [ 9.9374760e-01  6.3934200e-02 -8.8306000e-02 -1.1605900e+03]
 [ 0.0000000e+00  0.0000000e+00  0.0000000e+00  1.0000000e+00]]
[+0001.43, +0035.48, -1112.14]
2250, 1950, 1350
[[-9.6514000e-02  8.9588804e-01 -4.3324172e-01  4.2300000e+00]
 [ 5.2308200e-02  4.3942430e-01  8.9664950e-01  1.0288000e+02]
 [ 9.9376940e-01  6.4039780e-02 -8.9176740e-02 -1.1605600e+03]
 [ 0.0000000e+00  0.0000000e+00  0.0000000e+00  1.0000000e+00]]
[-0006.61, +0015.77, -1098.12]
1650, 2250, 750
[[-9.6329680e-02  8.9430856e-01 -4.3641016e-01  4.1800000e+00]
 [ 5.1166160e-02  4.4255928e-01  8.9514232e-01  1.0319000e+02]
 [ 9.9379256e-01  6.4108880e-02 -8.8266400e-02 -1.1606400e+03]
 [ 0.0000000e+00  0.0000000e+00  0.0000000e+00  1.0000000e+00]]
[+0029.14, -0035.07, -1125.24]
750, 1650, 750
[[-9.2590500e-02  8.9627030e-01 -4.3326010e-01  4.6000000e+00]
 [ 5.0054420e-02  4.3897596e-01  8.9698550e-01  1.0285000e+02]
 [ 9.9423806e-01  6.1546580e-02 -8.5400100e-02 -1.1606300e+03]
 [ 0.0000000e+00  0.0000000e+00  0.0000000e+00  1.0000000e+00]]
[-0004.45, -0081.59, -1084.46]
1650, 1950, 2250
[[-9.6480100e-02  8.9447302e-01 -4.3613326e-01  4.0600000e+00]
 [ 5.1256820e-02  4.4226060e-01  8.9530786e-01  1.0287000e+02]
 [ 9.9381434e-01  6.4198460e-02 -8.8414660e-02 -1.1605800e+03]
 [ 0.0000000e+00  0.0000000e+00  0.0000000e+00  1.0000000e+00]]
[-0093.19, -0040.95, -1095.67]
1050, 2250, 1350
[[-9.3421540e-02  8.9515156e-01 -4.3540740e-01  4.3200000e+00]
 [ 5.0581400e-02  4.4122166e-01  8.9585844e-01  1.0294000e+02]
 [ 9.9414156e-01  6.1842600e-02 -8.6395040e-02 -1.1606300e+03]
 [ 0.0000000e+00  0.0000000e+00  0.0000000e+00  1.0000000e+00]]
[-0018.39, -0089.09, -1115.34]
1950, 1650, 2250
[[-9.6990420e-02  8.9452324e-01 -4.3589944e-01  4.0200000e+00]
 [ 5.1758360e-02  4.4211230e-01  8.9534792e-01  1.0284000e+02]
 [ 9.9373096e-01  6.4459280e-02 -8.9073280e-02 -1.1605600e+03]
 [ 0.0000000e+00  0.0000000e+00  0.0000000e+00  1.0000000e+00]]
[-0101.55, +0001.20, -1098.85]
1050, 1350, 2250
[[-9.4579560e-02  8.9516414e-01 -4.3499334e-01  4.2500000e+00]
 [ 4.9698660e-02  4.4091222e-01  8.9602598e-01  1.0277000e+02]
 [ 9.9401614e-01  6.3353580e-02 -8.6055780e-02 -1.1606000e+03]
 [ 0.0000000e+00  0.0000000e+00  0.0000000e+00  1.0000000e+00]]
[-0131.33, -0051.41, -1129.52]
1650, 1950, 750
[[-9.3977160e-02  8.9545612e-01 -4.3450864e-01  4.3500000e+00]
 [ 5.1189440e-02  4.4047484e-01  8.9615348e-01  1.0289000e+02]
 [ 9.9399148e-01  6.2207360e-02 -8.7095560e-02 -1.1606000e+03]
 [ 0.0000000e+00  0.0000000e+00  0.0000000e+00  1.0000000e+00]]
[+0030.08, -0018.19, -1110.17]
1950, 1950, 750
[[-9.5819520e-02  8.9503008e-01 -4.3532928e-01  4.2500000e+00]
 [ 5.2188480e-02  4.4137208e-01  8.9574032e-01  1.0298000e+02]
 [ 9.9391488e-01  6.3210080e-02 -8.8943440e-02 -1.1606500e+03]
 [ 0.0000000e+00  0.0000000e+00  0.0000000e+00  1.0000000e+00]]
[+0027.80, +0000.77, -1119.77]
1350, 750, 2250
[[-9.5749300e-02  8.9488946e-01 -4.3508442e-01  4.1600000e+00]
 [ 4.9802420e-02  4.4120654e-01  8.9582154e-01  1.0270000e+02]
 [ 9.9380346e-01  6.4415580e-02 -8.6629800e-02 -1.1605500e+03]
 [ 0.0000000e+00  0.0000000e+00  0.0000000e+00  1.0000000e+00]]
[-0141.91, +0004.22, -1149.87]
1350, 1050, 1950
[[-9.4532980e-02  8.9550010e-01 -4.3462274e-01  4.2700000e+00]
 [ 5.0784700e-02  4.4047100e-01  8.9625910e-01  1.0275000e+02]
 [ 9.9410174e-01  6.2761700e-02 -8.7052980e-02 -1.1605900e+03]
 [ 0.0000000e+00  0.0000000e+00  0.0000000e+00  1.0000000e+00]]
[-0127.63, -0005.77, -1099.72]
750, 1050, 1950
[[-9.3711860e-02  8.9561586e-01 -4.3409346e-01  4.3900000e+00]
 [ 4.9925940e-02  4.4001902e-01  8.9641298e-01  1.0273000e+02]
 [ 9.9401826e-01  6.2618380e-02 -8.5779880e-02 -1.1606000e+03]
 [ 0.0000000e+00  0.0000000e+00  0.0000000e+00  1.0000000e+00]]
[-0137.51, -0058.23, -1122.57]
1650, 1050, 1650
[[-9.4532980e-02  8.9555216e-01 -4.3442008e-01  4.3000000e+00]
 [ 5.0987360e-02  4.4032238e-01  8.9629696e-01  1.0277000e+02]
 [ 9.9404968e-01  6.2723840e-02 -8.7201600e-02 -1.1606000e+03]
 [ 0.0000000e+00  0.0000000e+00  0.0000000e+00  1.0000000e+00]]
[-0094.64, +0030.92, -1084.87]
1050, 1350, 1050
[[-9.3457360e-02  8.9587140e-01 -4.3395776e-01  4.4300000e+00]
 [ 5.0030760e-02  4.3972174e-01  8.9663640e-01  1.0277000e+02]
 [ 9.9418400e-01  6.2244240e-02 -8.5822660e-02 -1.1606300e+03]
 [ 0.0000000e+00  0.0000000e+00  0.0000000e+00  1.0000000e+00]]
[-0041.31, -0040.43, -1052.22]
1050, 1650, 1050
[[-9.4070280e-02  8.9583150e-01 -4.3411422e-01  4.4100000e+00]
 [ 5.0516700e-02  4.3987244e-01  8.9658650e-01  1.0280000e+02]
 [ 9.9419178e-01  6.2491700e-02 -8.6586280e-02 -1.1606200e+03]
 [ 0.0000000e+00  0.0000000e+00  0.0000000e+00  1.0000000e+00]]
[-0022.40, -0060.51, -1067.89]
1050, 1650, 2250
[[-9.5251060e-02  8.9475612e-01 -4.3587432e-01  4.1200000e+00]
 [ 5.0338920e-02  4.4181134e-01  8.9559432e-01  1.0278000e+02]
 [ 9.9400248e-01  6.3519120e-02 -8.7032960e-02 -1.1605700e+03]
 [ 0.0000000e+00  0.0000000e+00  0.0000000e+00  1.0000000e+00]]
[-0116.73, -0067.96, -1126.18]
1950, 1350, 2250
[[-9.7847720e-02  8.9445978e-01 -4.3588842e-01  3.9700000e+00]
 [ 5.0949180e-02  4.4210318e-01  8.9541138e-01  1.0280000e+02]
 [ 9.9371082e-01  6.5567220e-02 -8.8735540e-02 -1.1605600e+03]
 [ 0.0000000e+00  0.0000000e+00  0.0000000e+00  1.0000000e+00]]
[-0111.26, +0013.56, -1110.67]
750, 1950, 1350
[[-9.2496500e-02  8.9581440e-01 -4.3438980e-01  4.4700000e+00]
 [ 5.0044800e-02  4.4002502e-01  8.9651376e-01  1.0282000e+02]
 [ 9.9432060e-01  6.1302240e-02 -8.5462480e-02 -1.1606300e+03]
 [ 0.0000000e+00  0.0000000e+00  0.0000000e+00  1.0000000e+00]]
[-0041.03, -0104.04, -1112.47]
1050, 750, 2250
[[-9.5135700e-02  8.9526004e-01 -4.3490518e-01  4.2200000e+00]
 [ 4.9496440e-02  4.4075916e-01  8.9616964e-01  1.0269000e+02]
 [ 9.9407402e-01  6.3870040e-02 -8.6162100e-02 -1.1605800e+03]
 [ 0.0000000e+00  0.0000000e+00  0.0000000e+00  1.0000000e+00]]
[-0146.98, -0015.98, -1155.35]
1350, 1950, 1350
[[-9.4278280e-02  8.9544906e-01 -4.3484054e-01  4.3100000e+00]
 [ 5.0432460e-02  4.4061958e-01  8.9622018e-01  1.0283000e+02]
 [ 9.9416894e-01  6.2650020e-02 -8.6649700e-02 -1.1606600e+03]
 [ 0.0000000e+00  0.0000000e+00  0.0000000e+00  1.0000000e+00]]
[-0022.04, -0054.44, -1078.07]
1050, 1050, 1650
[[-9.3665040e-02  8.9577224e-01 -4.3400104e-01  4.3800000e+00]
 [ 5.0681840e-02  4.3987440e-01  8.9649608e-01  1.0275000e+02]
 [ 9.9408056e-01  6.2176880e-02 -8.6480400e-02 -1.1605900e+03]
 [ 0.0000000e+00  0.0000000e+00  0.0000000e+00  1.0000000e+00]]
[-0121.99, -0027.95, -1080.84]
750, 1650, 1950
[[-9.4428900e-02  8.9530660e-01 -4.3491690e-01  4.3000000e+00]
 [ 5.0065560e-02  4.4076600e-01  8.9612308e-01  1.0278000e+02]
 [ 9.9409258e-01  6.3001800e-02 -8.6352660e-02 -1.1605900e+03]
 [ 0.0000000e+00  0.0000000e+00  0.0000000e+00  1.0000000e+00]]
[-0104.81, -0091.20, -1128.11]
1950, 1950, 1650
[[-9.5505960e-02  8.9498688e-01 -4.3537836e-01  4.1700000e+00]
 [ 5.1021240e-02  4.4136620e-01  8.9578352e-01  1.0286000e+02]
 [ 9.9395808e-01  6.3480440e-02 -8.7733000e-02 -1.1606300e+03]
 [ 0.0000000e+00  0.0000000e+00  0.0000000e+00  1.0000000e+00]]
[-0031.06, -0005.62, -1078.39]
750, 1950, 750
[[-9.2138400e-02  8.9600884e-01 -4.3361052e-01  4.5800000e+00]
 [ 5.0315880e-02  4.3942806e-01  8.9667844e-01  1.0282000e+02]
 [ 9.9414196e-01  6.1090680e-02 -8.5400100e-02 -1.1606300e+03]
 [ 0.0000000e+00  0.0000000e+00  0.0000000e+00  1.0000000e+00]]
[+0007.93, -0090.04, -1116.33]
1350, 1650, 1950
[[-9.4996200e-02  8.9509328e-01 -4.3500356e-01  4.2100000e+00]
 [ 5.1127640e-02  4.4106924e-01  8.9585728e-01  1.0278000e+02]
 [ 9.9388432e-01  6.3105640e-02 -8.7520200e-02 -1.1605800e+03]
 [ 0.0000000e+00  0.0000000e+00  0.0000000e+00  1.0000000e+00]]
[-0099.53, -0043.34, -1086.53]
1350, 1050, 1050
[[-9.3353640e-02  8.9590930e-01 -4.3377118e-01  4.4200000e+00]
 [ 4.9844180e-02  4.3957100e-01  8.9668826e-01  1.0275000e+02]
 [ 9.9414610e-01  6.2296100e-02 -8.5568200e-02 -1.1606200e+03]
 [ 0.0000000e+00  0.0000000e+00  0.0000000e+00  1.0000000e+00]]
[-0050.96, +0019.14, -1055.43]
1350, 2250, 1950
[[-9.4950100e-02  8.9437506e-01 -4.3663062e-01  4.0700000e+00]
 [ 4.9955340e-02  4.4255708e-01  8.9522514e-01  1.0289000e+02]
 [ 9.9401082e-01  6.3378540e-02 -8.6588180e-02 -1.1606100e+03]
 [ 0.0000000e+00  0.0000000e+00  0.0000000e+00  1.0000000e+00]]
[-0058.34, -0077.66, -1104.18]
750, 1950, 1950
[[-9.3618420e-02  8.9515952e-01 -4.3522284e-01  4.3400000e+00]
 [ 4.9915680e-02  4.4106720e-01  8.9594056e-01  1.0279000e+02]
 [ 9.9410156e-01  6.2373840e-02 -8.5843380e-02 -1.1606300e+03]
 [ 0.0000000e+00  0.0000000e+00  0.0000000e+00  1.0000000e+00]]
[-0085.09, -0097.15, -1132.25]
1050, 1950, 1350
[[-9.3467880e-02  8.9571256e-01 -4.3438836e-01  4.3700000e+00]
 [ 5.1144840e-02  4.4017740e-01  8.9637608e-01  1.0282000e+02]
 [ 9.9417224e-01  6.1683720e-02 -8.6883720e-02 -1.1606100e+03]
 [ 0.0000000e+00  0.0000000e+00  0.0000000e+00  1.0000000e+00]]
[-0035.18, -0078.42, -1087.39]
1650, 1050, 750
[[-9.3966400e-02  8.9597320e-01 -4.3352240e-01  4.4400000e+00]
 [ 5.0735440e-02  4.3942430e-01  8.9671408e-01  1.0277000e+02]
 [ 9.9405008e-01  6.2468000e-02 -8.6629140e-02 -1.1606000e+03]
 [ 0.0000000e+00  0.0000000e+00  0.0000000e+00  1.0000000e+00]]
[-0008.30, +0049.25, -1085.16]
1950, 2250, 2250
[[-9.7350480e-02  8.9394408e-01 -4.3690416e-01  3.9300000e+00]
 [ 5.1102480e-02  4.4315192e-01  8.9484656e-01  1.0291000e+02]
 [ 9.9368496e-01  6.5006240e-02 -8.8694560e-02 -1.1605900e+03]
 [ 0.0000000e+00  0.0000000e+00  0.0000000e+00  1.0000000e+00]]
[-0067.86, -0036.70, -1092.03]
1650, 1950, 1650
[[-9.4382400e-02  8.9526056e-01 -4.3477232e-01  4.2600000e+00]
 [ 5.0769520e-02  4.4077016e-01  8.9601956e-01  1.0284000e+02]
 [ 9.9395216e-01  6.2746520e-02 -8.6904400e-02 -1.1606000e+03]
 [ 0.0000000e+00  0.0000000e+00  0.0000000e+00  1.0000000e+00]]
[-0044.46, -0034.25, -1073.64]
1650, 750, 1050
[[-9.4013380e-02  8.9619854e-01 -4.3338874e-01  4.4000000e+00]
 [ 5.0361340e-02  4.3912278e-01  8.9696762e-01  1.0273000e+02]
 [ 9.9421394e-01  6.2572780e-02 -8.6374600e-02 -1.1605900e+03]
 [ 0.0000000e+00  0.0000000e+00  0.0000000e+00  1.0000000e+00]]
[-0061.81, +0063.20, -1088.47]
1650, 1050, 2250
[[-9.5702800e-02  8.9481464e-01 -4.3547228e-01  4.1000000e+00]
 [ 5.0025520e-02  4.4150790e-01  8.9571616e-01  1.0275000e+02]
 [ 9.9389476e-01  6.4161920e-02 -8.6884660e-02 -1.1605600e+03]
 [ 0.0000000e+00  0.0000000e+00  0.0000000e+00  1.0000000e+00]]
[-0130.64, +0008.15, -1127.40]
2250, 1650, 1950
[[-9.6827080e-02  8.9456914e-01 -4.3554482e-01  4.0400000e+00]
 [ 5.0757340e-02  4.4180678e-01  8.9548246e-01  1.0285000e+02]
 [ 9.9366842e-01  6.4893740e-02 -8.8011300e-02 -1.1605900e+03]
 [ 0.0000000e+00  0.0000000e+00  0.0000000e+00  1.0000000e+00]]
[-0065.51, +0027.85, -1093.93]
1350, 750, 1950
[[-9.4371720e-02  8.9554670e-01 -4.3426706e-01  4.2900000e+00]
 [ 4.9783100e-02  4.4016540e-01  8.9639230e-01  1.0272000e+02]
 [ 9.9403894e-01  6.3195100e-02 -8.5991880e-02 -1.1606000e+03]
 [ 0.0000000e+00  0.0000000e+00  0.0000000e+00  1.0000000e+00]]
[-0138.22, +0014.19, -1122.97]
1650, 1650, 1950
[[-9.5401600e-02  8.9510008e-01 -4.3531944e-01  4.1700000e+00]
 [ 5.0759600e-02  4.4121566e-01  8.9590992e-01  1.0281000e+02]
 [ 9.9404760e-01  6.3458400e-02 -8.7478100e-02 -1.1605800e+03]
 [ 0.0000000e+00  0.0000000e+00  0.0000000e+00  1.0000000e+00]]
[-0086.87, -0017.00, -1079.15]
750, 1650, 2250
[[-9.1593620e-02  8.9497872e-01 -4.3630464e-01  4.3300000e+00]
 [ 4.9354080e-02  4.4181950e-01  8.9567056e-01  1.0278000e+02]
 [ 9.9444096e-01  6.0619040e-02 -8.4570880e-02 -1.1606700e+03]
 [ 0.0000000e+00  0.0000000e+00  0.0000000e+00  1.0000000e+00]]
[-0113.38, -0080.85, -1142.34]
1050, 1950, 1050
[[-9.1536160e-02  8.9596452e-01 -4.3401204e-01  4.5600000e+00]
 [ 5.0868840e-02  4.3973254e-01  8.9654328e-01  1.0283000e+02]
 [ 9.9424908e-01  6.0208560e-02 -8.5697860e-02 -1.1606400e+03]
 [ 0.0000000e+00  0.0000000e+00  0.0000000e+00  1.0000000e+00]]
[-0005.56, -0075.81, -1093.21]
1650, 2250, 1350
[[-9.3525780e-02  8.9521784e-01 -4.3518888e-01  4.3400000e+00]
 [ 5.1173040e-02  4.4107488e-01  8.9588224e-01  1.0293000e+02]
 [ 9.9407528e-01  6.1714560e-02 -8.6946900e-02 -1.1606200e+03]
 [ 0.0000000e+00  0.0000000e+00  0.0000000e+00  1.0000000e+00]]
[-0002.16, -0045.34, -1095.88]
2250, 2250, 2250
[[-9.7095220e-02  8.9443294e-01 -4.3628846e-01  4.0800000e+00]
 [ 5.1741740e-02  4.4241102e-01  8.9525762e-01  1.0292000e+02]
 [ 9.9382126e-01  6.4444780e-02 -8.9180200e-02 -1.1606200e+03]
 [ 0.0000000e+00  0.0000000e+00  0.0000000e+00  1.0000000e+00]]
[-0061.16, -0015.87, -1092.06]
1650, 1650, 1050
[[-9.2694100e-02  8.9605346e-01 -4.3372468e-01  4.5400000e+00]
 [ 4.9911380e-02  4.3942430e-01  8.9678356e-01  1.0281000e+02]
 [ 9.9425236e-01  6.1644920e-02 -8.5356840e-02 -1.1606600e+03]
 [ 0.0000000e+00  0.0000000e+00  0.0000000e+00  1.0000000e+00]]
[-0006.95, -0004.05, -1073.39]
1350, 1950, 750
[[-9.2138400e-02  8.9608416e-01 -4.3373768e-01  4.6000000e+00]
 [ 5.0240560e-02  4.3942806e-01  8.9675286e-01  1.0286000e+02]
 [ 9.9426912e-01  6.1016260e-02 -8.5400100e-02 -1.1606200e+03]
 [ 0.0000000e+00  0.0000000e+00  0.0000000e+00  1.0000000e+00]]
[+0025.80, -0041.89, -1104.18]
2250, 1050, 1350
[[-9.6004160e-02  8.9560632e-01 -4.3395648e-01  4.3200000e+00]
 [ 5.1272880e-02  4.4001902e-01  8.9642252e-01  1.0281000e+02]
 [ 9.9388128e-01  6.3965320e-02 -8.8072180e-02 -1.1605900e+03]
 [ 0.0000000e+00  0.0000000e+00  0.0000000e+00  1.0000000e+00]]
[-0048.69, +0066.51, -1120.45]
2250, 1650, 750
[[-9.4845700e-02  8.9557212e-01 -4.3404146e-01  4.4300000e+00]
 [ 5.2432680e-02  4.4017912e-01  8.9621724e-01  1.0301000e+02]
 [ 9.9382706e-01  6.2490840e-02 -8.8560820e-02 -1.1606700e+03]
 [ 0.0000000e+00  0.0000000e+00  0.0000000e+00  1.0000000e+00]]
[+0015.03, +0034.54, -1127.99]
1650, 750, 750
[[-9.2534400e-02  8.9668872e-01 -4.3233176e-01  4.6600000e+00]
 [ 5.0101040e-02  4.3807680e-01  8.9740392e-01  1.0274000e+02]
 [ 9.9420888e-01  6.1589360e-02 -8.5338240e-02 -1.1606000e+03]
 [ 0.0000000e+00  0.0000000e+00  0.0000000e+00  1.0000000e+00]]
[-0032.43, +0067.28, -1091.16]
2250, 1650, 2250
[[-9.8672800e-02  8.9419316e-01 -4.3615988e-01  3.9300000e+00]
 [ 5.1956600e-02  4.4255480e-01  8.9510840e-01  1.0281000e+02]
 [ 9.9353780e-01  6.5856880e-02 -9.0012240e-02 -1.1605100e+03]
 [ 0.0000000e+00  0.0000000e+00  0.0000000e+00  1.0000000e+00]]
[-0088.08, +0016.45, -1101.20]
1950, 1950, 1950
[[-9.3873040e-02  8.9538988e-01 -4.3472732e-01  4.3500000e+00]
 [ 5.0597720e-02  4.4062158e-01  8.9612978e-01  1.0284000e+02]
 [ 9.9405772e-01  6.2335180e-02 -8.6543620e-02 -1.1606000e+03]
 [ 0.0000000e+00  0.0000000e+00  0.0000000e+00  1.0000000e+00]]
[-0058.96, -0019.39, -1079.68]
1650, 1650, 750
[[-9.3202900e-02  8.9615522e-01 -4.3328964e-01  4.5600000e+00]
 [ 5.0616020e-02  4.3912670e-01  8.9686116e-01  1.0282000e+02]
 [ 9.9411876e-01  6.1868760e-02 -8.6163240e-02 -1.1606000e+03]
 [ 0.0000000e+00  0.0000000e+00  0.0000000e+00  1.0000000e+00]]
[+0018.85, +0000.02, -1091.60]
750, 1350, 750
[[-9.1621000e-02  8.9670638e-01 -4.3237534e-01  4.7500000e+00]
 [ 4.9890620e-02  4.3807868e-01  8.9738626e-01  1.0278000e+02]
 [ 9.9425434e-01  6.0900260e-02 -8.4724680e-02 -1.1606400e+03]
 [ 0.0000000e+00  0.0000000e+00  0.0000000e+00  1.0000000e+00]]
[-0019.17, -0067.33, -1060.04]
1950, 1650, 750
[[-9.376900e-02  8.959137e-01 -4.339097e-01  4.450000e+00]
 [ 5.119830e-02  4.397275e-01  8.965941e-01  1.028600e+02]
 [ 9.941417e-01  6.197490e-02 -8.703250e-02 -1.160630e+03]
 [ 0.000000e+00  0.000000e+00  0.000000e+00  1.000000e+00]]
[+0022.67, +0021.94, -1113.15]
1650, 2250, 2250
[[-9.4858500e-02  8.9432918e-01 -4.3700126e-01  4.0800000e+00]
 [ 5.0807540e-02  4.4286204e-01  8.9509018e-01  1.0290000e+02]
 [ 9.9408922e-01  6.2794540e-02 -8.7394500e-02 -1.1606000e+03]
 [ 0.0000000e+00  0.0000000e+00  0.0000000e+00  1.0000000e+00]]
[-0073.26, -0058.39, -1099.06]
1650, 1950, 1950
[[-9.2854800e-02  8.9557300e-01 -4.3450960e-01  4.4800000e+00]
 [ 5.0329160e-02  4.4032430e-01  8.9627612e-01  1.0283000e+02]
 [ 9.9414112e-01  6.1586600e-02 -8.5822660e-02 -1.1606000e+03]
 [ 0.0000000e+00  0.0000000e+00  0.0000000e+00  1.0000000e+00]]
[-0070.38, -0039.58, -1080.26]
1650, 1350, 1650
[[-9.2600340e-02  8.9575310e-01 -4.3424676e-01  4.4900000e+00]
 [ 5.0509260e-02  4.4002686e-01  8.9642540e-01  1.0277000e+02]
 [ 9.9417940e-01  6.1286760e-02 -8.5865640e-02 -1.1606000e+03]
 [ 0.0000000e+00  0.0000000e+00  0.0000000e+00  1.0000000e+00]]
[-0080.20, +0007.99, -1072.00]
1050, 1650, 1350
[[-9.2289060e-02  8.9606930e-01 -4.3373860e-01  4.6100000e+00]
 [ 5.0001100e-02  4.3942622e-01  8.9676772e-01  1.0278000e+02]
 [ 9.9426820e-01  6.1255720e-02 -8.5251280e-02 -1.1606100e+03]
 [ 0.0000000e+00  0.0000000e+00  0.0000000e+00  1.0000000e+00]]
[-0051.39, -0066.92, -1070.06]
2250, 2250, 1650
[[-9.6644200e-02  8.9422438e-01 -4.3643574e-01  4.1800000e+00]
 [ 5.2205540e-02  4.4271374e-01  8.9498682e-01  1.0306000e+02]
 [ 9.9367398e-01  6.3949860e-02 -8.9328500e-02 -1.1606300e+03]
 [ 0.0000000e+00  0.0000000e+00  0.0000000e+00  1.0000000e+00]]
[-0018.17, -0008.16, -1091.86]
1950, 1350, 1350
[[-9.4070280e-02  8.9593542e-01 -4.3370894e-01  4.5200000e+00]
 [ 5.0921980e-02  4.3957500e-01  8.9666214e-01  1.0278000e+02]
 [ 9.9408786e-01  6.2416060e-02 -8.6883720e-02 -1.1605800e+03]
 [ 0.0000000e+00  0.0000000e+00  0.0000000e+00  1.0000000e+00]]
[-0042.22, +0035.53, -1081.54]
750, 1950, 1650
[[-9.2392740e-02  8.9572518e-01 -4.3427844e-01  4.5500000e+00]
 [ 4.9730940e-02  4.4002310e-01  8.9645332e-01  1.0280000e+02]
 [ 9.9420732e-01  6.1466440e-02 -8.5059400e-02 -1.1606300e+03]
 [ 0.0000000e+00  0.0000000e+00  0.0000000e+00  1.0000000e+00]]
[-0065.27, -0104.66, -1121.80]
1950, 1050, 1950
[[-9.4950100e-02  8.9530258e-01 -4.3470846e-01  4.3100000e+00]
 [ 5.2086380e-02  4.4077580e-01  8.9597754e-01  1.0276000e+02]
 [ 9.9389394e-01  6.2626140e-02 -8.8369460e-02 -1.1605300e+03]
 [ 0.0000000e+00  0.0000000e+00  0.0000000e+00  1.0000000e+00]]
[-0105.33, +0041.02, -1115.66]
1650, 1650, 1350
[[-9.3306660e-02  8.9588640e-01 -4.3395676e-01  4.4600000e+00]
 [ 5.0270240e-02  4.3972374e-01  8.9662140e-01  1.0283000e+02]
 [ 9.9418500e-01  6.2004760e-02 -8.5971360e-02 -1.1606400e+03]
 [ 0.0000000e+00  0.0000000e+00  0.0000000e+00  1.0000000e+00]]
[-0032.53, -0011.23, -1066.59]
1650, 1350, 1050
[[-9.2901540e-02  8.9608146e-01 -4.3369292e-01  4.5200000e+00]
 [ 5.0689780e-02  4.3942806e-01  8.9675556e-01  1.0279000e+02]
 [ 9.9422436e-01  6.1465480e-02 -8.6163240e-02 -1.1606200e+03]
 [ 0.0000000e+00  0.0000000e+00  0.0000000e+00  1.0000000e+00]]
[-0022.37, +0018.37, -1068.21]
2250, 1950, 1950
[[-9.5819520e-02  8.9477504e-01 -4.3547968e-01  4.1700000e+00]
 [ 5.1933440e-02  4.4166912e-01  8.9551616e-01  1.0289000e+02]
 [ 9.9376448e-01  6.3434240e-02 -8.8646400e-02 -1.1605600e+03]
 [ 0.0000000e+00  0.0000000e+00  0.0000000e+00  1.0000000e+00]]
[-0053.71, +0008.60, -1087.37]
2250, 1050, 1650
[[-9.6166420e-02  8.9543328e-01 -4.3438702e-01  4.2500000e+00]
 [ 5.2146720e-02  4.4047296e-01  8.9617632e-01  1.0281000e+02]
 [ 9.9386798e-01  6.3643680e-02 -8.8985620e-02 -1.1605700e+03]
 [ 0.0000000e+00  0.0000000e+00  0.0000000e+00  1.0000000e+00]]
[-0069.50, +0061.63, -1121.29]
2250, 2250, 1950
[[-9.6480100e-02  8.9439780e-01 -4.3600570e-01  4.1100000e+00]
 [ 5.1332040e-02  4.4226060e-01  8.9523372e-01  1.0295000e+02]
 [ 9.9368678e-01  6.4272600e-02 -8.8414660e-02 -1.1606100e+03]
 [ 0.0000000e+00  0.0000000e+00  0.0000000e+00  1.0000000e+00]]
[-0038.45, -0011.42, -1089.13]
750, 750, 2250
[[-9.3052200e-02  8.9588738e-01 -4.3397174e-01  4.4700000e+00]
 [ 5.0120540e-02  4.3972374e-01  8.9662042e-01  1.0268000e+02]
 [ 9.9419998e-01  6.1855060e-02 -8.5716900e-02 -1.1605900e+03]
 [ 0.0000000e+00  0.0000000e+00  0.0000000e+00  1.0000000e+00]]
[-0146.93, -0034.68, -1165.48]
750, 1350, 1950
[[-9.223272e-02  8.962574e-01 -4.332908e-01  4.610000e+00]
 [ 4.951540e-02  4.389740e-01  8.969984e-01  1.027600e+02]
 [ 9.942668e-01  6.148640e-02 -8.474272e-02 -1.160650e+03]
 [ 0.000000e+00  0.000000e+00  0.000000e+00  1.000000e+00]]
[-0120.03, -0074.66, -1118.86]
1350, 1050, 750
[[-9.2081940e-02  8.9655456e-01 -4.3260694e-01  4.6500000e+00]
 [ 5.0489440e-02  4.3838028e-01  8.9720928e-01  1.0276000e+02]
 [ 9.9418794e-01  6.1021280e-02 -8.5487220e-02 -1.1606100e+03]
 [ 0.0000000e+00  0.0000000e+00  0.0000000e+00  1.0000000e+00]]
[-0016.29, +0025.51, -1060.53]
750, 1050, 2250
[[-9.3457360e-02  8.9556504e-01 -4.3431108e-01  4.4300000e+00]
 [ 4.9573680e-02  4.4016760e-01  8.9637396e-01  1.0271000e+02]
 [ 9.9408516e-01  6.2506680e-02 -8.5376800e-02 -1.1606200e+03]
 [ 0.0000000e+00  0.0000000e+00  0.0000000e+00  1.0000000e+00]]
[-0140.13, -0052.80, -1153.47]
750, 1950, 1050
[[-9.2138400e-02  8.9626316e-01 -4.3345988e-01  4.6100000e+00]
 [ 5.0570200e-02  4.3913030e-01  8.9690300e-01  1.0283000e+02]
 [ 9.9429260e-01  6.0866120e-02 -8.5697860e-02 -1.1606000e+03]
 [ 0.0000000e+00  0.0000000e+00  0.0000000e+00  1.0000000e+00]]
[-0016.07, -0099.46, -1110.48]
1050, 1350, 750
[[-9.1470180e-02  8.9643912e-01 -4.3305722e-01  4.6500000e+00]
 [ 4.9395520e-02  4.3867632e-01  8.9714568e-01  1.0277000e+02]
 [ 9.9433482e-01  6.0886720e-02 -8.4277860e-02 -1.1606600e+03]
 [ 0.0000000e+00  0.0000000e+00  0.0000000e+00  1.0000000e+00]]
[-0007.01, -0032.04, -1056.83]
1950, 750, 1950
[[-9.7279060e-02  8.9511404e-01 -4.3451086e-01  4.1600000e+00]
 [ 5.1232760e-02  4.4076152e-01  8.9601652e-01  1.0272000e+02]
 [ 9.9368206e-01  6.5124920e-02 -8.8604580e-02 -1.1605200e+03]
 [ 0.0000000e+00  0.0000000e+00  0.0000000e+00  1.0000000e+00]]
[-0111.75, +0048.68, -1137.78]
750, 1350, 1650
[[-9.2034760e-02  8.9630098e-01 -4.3327314e-01  4.6200000e+00]
 [ 5.0383460e-02  4.3897964e-01  8.9695482e-01  1.0277000e+02]
 [ 9.9425478e-01  6.0917940e-02 -8.5443560e-02 -1.1606200e+03]
 [ 0.0000000e+00  0.0000000e+00  0.0000000e+00  1.0000000e+00]]
[-0104.81, -0078.11, -1093.77]
1350, 1050, 1350
[[-9.2741280e-02  8.9620364e-01 -4.3346364e-01  4.5300000e+00]
 [ 4.9612440e-02  4.3912278e-01  8.9696252e-01  1.0275000e+02]
 [ 9.9428884e-01  6.1823880e-02 -8.5102500e-02 -1.1606400e+03]
 [ 0.0000000e+00  0.0000000e+00  0.0000000e+00  1.0000000e+00]]
[-0082.14, +0012.72, -1061.83]
1350, 1650, 2250
[[-9.4278280e-02  8.9519438e-01 -4.3499114e-01  4.2800000e+00]
 [ 5.0177780e-02  4.4091662e-01  8.9599574e-01  1.0277000e+02]
 [ 9.9401834e-01  6.2874460e-02 -8.6352660e-02 -1.1605800e+03]
 [ 0.0000000e+00  0.0000000e+00  0.0000000e+00  1.0000000e+00]]
[-0115.66, -0046.77, -1109.07]
750, 1350, 1050
[[-9.1065300e-02  8.9645476e-01 -4.3307098e-01  4.6700000e+00]
 [ 4.9485080e-02  4.3867820e-01  8.9713004e-01  1.0276000e+02]
 [ 9.9435046e-01  6.0497480e-02 -8.4172660e-02 -1.1606200e+03]
 [ 0.0000000e+00  0.0000000e+00  0.0000000e+00  1.0000000e+00]]
[-0052.15, -0073.70, -1061.50]
1950, 1050, 1050
[[-9.3966400e-02  8.9610048e-01 -4.3344704e-01  4.4600000e+00]
 [ 5.0862720e-02  4.3927552e-01  8.9682624e-01  1.0279000e+02]
 [ 9.9412544e-01  6.2355840e-02 -8.6777920e-02 -1.1606200e+03]
 [ 0.0000000e+00  0.0000000e+00  0.0000000e+00  1.0000000e+00]]
[-0030.65, +0063.38, -1101.86]
1050, 1950, 1950
[[-9.3467880e-02  8.9530184e-01 -4.3514656e-01  4.3600000e+00]
 [ 5.0282560e-02  4.4092070e-01  8.9603782e-01  1.0281000e+02]
 [ 9.9417784e-01  6.2021980e-02 -8.6140420e-02 -1.1606200e+03]
 [ 0.0000000e+00  0.0000000e+00  0.0000000e+00  1.0000000e+00]]
[-0083.67, -0086.31, -1111.57]
2250, 1050, 750
[[-9.6050820e-02  8.9611498e-01 -4.3313940e-01  4.4400000e+00]
 [ 5.1634980e-02  4.3912278e-01  8.9690140e-01  1.0281000e+02]
 [ 9.9396460e-01  6.3845400e-02 -8.8412040e-02 -1.1606200e+03]
 [ 0.0000000e+00  0.0000000e+00  0.0000000e+00  1.0000000e+00]]
[-0006.36, +0064.79, -1138.55]
2250, 2250, 1350
[[-9.6959440e-02  8.9444876e-01 -4.3610828e-01  4.2100000e+00]
 [ 5.3702920e-02  4.4242230e-01  8.9509246e-01  1.0327000e+02]
 [ 9.9365236e-01  6.3528980e-02 -9.0836500e-02 -1.1606600e+03]
 [ 0.0000000e+00  0.0000000e+00  0.0000000e+00  1.0000000e+00]]
[-0001.01, -0003.03, -1099.63]
1650, 1050, 1350
[[-9.3996980e-02  8.9731044e-01 -4.3067982e-01  4.5600000e+00]
 [ 5.0136840e-02  4.3657048e-01  8.9812476e-01  1.0256000e+02]
 [ 9.9405102e-01  6.3053640e-02 -8.5890500e-02 -1.1605800e+03]
 [ 0.0000000e+00  0.0000000e+00  0.0000000e+00  1.0000000e+00]]
[-0072.65, +0035.29, -1074.21]
1950, 1650, 1650
[[-9.5173440e-02  8.9677544e-01 -4.3160704e-01  4.4100000e+00]
 [ 5.0951440e-02  4.3762190e-01  8.9758528e-01  1.0262000e+02]
 [ 9.9392896e-01  6.3633280e-02 -8.7224500e-02 -1.1605500e+03]
 [ 0.0000000e+00  0.0000000e+00  0.0000000e+00  1.0000000e+00]]
[-0052.63, +0014.69, -1077.17]
1050, 750, 750
[[-9.2110240e-02  8.9817628e-01 -4.2925604e-01  4.8100000e+00]
 [ 4.8900760e-02  4.3491686e-01  8.9898808e-01  1.0250000e+02]
 [ 9.9427868e-01  6.2050160e-02 -8.3841540e-02 -1.1606000e+03]
 [ 0.0000000e+00  0.0000000e+00  0.0000000e+00  1.0000000e+00]]
[-0052.17, +0022.21, -1043.96]
1650, 750, 2250
[[-9.8382100e-02  8.9584946e-01 -4.3281488e-01  4.0100000e+00]
 [ 5.0859020e-02  4.3910654e-01  8.9686736e-01  1.0249000e+02]
 [ 9.9362384e-01  6.6418720e-02 -8.8646400e-02 -1.1604000e+03]
 [ 0.0000000e+00  0.0000000e+00  0.0000000e+00  1.0000000e+00]]
[-0133.24, +0021.03, -1147.04]
1050, 1950, 1650
[[-9.2677860e-02  8.9706304e-01 -4.3142116e-01  4.5900000e+00]
 [ 4.9279840e-02  4.3717080e-01  8.9786548e-01  1.0264000e+02]
 [ 9.9419204e-01  6.2199880e-02 -8.4575700e-02 -1.1606000e+03]
 [ 0.0000000e+00  0.0000000e+00  0.0000000e+00  1.0000000e+00]]
[-0056.91, -0086.51, -1096.29]
1350, 1650, 750
[[-9.3433960e-02  8.9744846e-01 -4.3046486e-01  4.6600000e+00]
 [ 4.9148540e-02  4.3626572e-01  8.9831498e-01  1.0262000e+02]
 [ 9.9413186e-01  6.3020980e-02 -8.4724680e-02 -1.1606100e+03]
 [ 0.0000000e+00  0.0000000e+00  0.0000000e+00  1.0000000e+00]]
[+0015.51, -0021.56, -1080.54]
1650, 1950, 1050
[[-9.4004500e-02  8.9679480e-01 -4.3166680e-01  4.5100000e+00]
 [ 5.0590800e-02  4.3762398e-01  8.9756592e-01  1.0268000e+02]
 [ 9.9399080e-01  6.2794080e-02 -8.6355520e-02 -1.1605600e+03]
 [ 0.0000000e+00  0.0000000e+00  0.0000000e+00  1.0000000e+00]]
[+0010.39, -0022.89, -1089.41]
1050, 750, 1350
[[-9.3179860e-02  8.9762804e-01 -4.3020142e-01  4.7000000e+00]
 [ 4.9328120e-02  4.3596764e-01  8.9846356e-01  1.0252000e+02]
 [ 9.9417106e-01  6.2721080e-02 -8.4768660e-02 -1.1605400e+03]
 [ 0.0000000e+00  0.0000000e+00  0.0000000e+00  1.0000000e+00]]
[-0118.30, +0005.61, -1070.01]
750, 750, 1050
[[-9.1451220e-02  8.9809080e-01 -4.2968956e-01  4.8500000e+00]
 [ 4.8434000e-02  4.3521750e-01  8.9889600e-01  1.0250000e+02]
 [ 9.9441156e-01  6.1585600e-02 -8.3184720e-02 -1.1605900e+03]
 [ 0.0000000e+00  0.0000000e+00  0.0000000e+00  1.0000000e+00]]
[-0101.69, -0022.53, -1048.51]
1650, 1650, 2250
[[-9.5173440e-02  8.9636560e-01 -4.3236648e-01  4.3400000e+00]
 [ 5.0088480e-02  4.3836600e-01  8.9724836e-01  1.0263000e+02]
 [ 9.9393320e-01  6.3970200e-02 -8.6480400e-02 -1.1605400e+03]
 [ 0.0000000e+00  0.0000000e+00  0.0000000e+00  1.0000000e+00]]
[-0110.41, -0021.97, -1100.00]
