895, 1013, 1182
[[-3.1180648e-01  3.3197652e-01 -8.8986832e-01  8.7700000e+01]
 [ 1.3397880e-02  9.3838704e-01  3.4527852e-01  3.5550000e+01]
 [ 9.4968128e-01  9.5855880e-02 -2.9702248e-01 -1.1089700e+03]
 [ 0.0000000e+00  0.0000000e+00  0.0000000e+00  1.0000000e+00]]
[+0090.36, -0121.15, -0991.46]
1004, 1015, 1092
[[-3.1223634e-01  3.3159020e-01 -8.9005102e-01  8.7670000e+01]
 [ 1.2550520e-02  9.3844920e-01  3.4516436e-01  3.5540000e+01]
 [ 9.4972910e-01  9.6663800e-02 -2.9716890e-01 -1.1089900e+03]
 [ 0.0000000e+00  0.0000000e+00  0.0000000e+00  1.0000000e+00]]
[+0089.56, -0099.85, -0987.91]
1765, 1735, 1100
[[-3.1393138e-01  3.2997474e-01 -8.9006358e-01  8.7460000e+01]
 [ 1.2188340e-02  9.3897118e-01  3.4375614e-01  3.5480000e+01]
 [ 9.4918278e-01  9.7126260e-02 -2.9878420e-01 -1.1090500e+03]
 [ 0.0000000e+00  0.0000000e+00  0.0000000e+00  1.0000000e+00]]
[+0135.97, -0036.47, -1016.10]
1565, 2090, 906
[[-3.1323732e-01  3.3021890e-01 -8.9027866e-01  8.7480000e+01]
 [ 1.2497300e-02  9.3894060e-01  3.4383590e-01  3.5560000e+01]
 [ 9.4946534e-01  9.6616700e-02 -2.9823108e-01 -1.1090000e+03]
 [ 0.0000000e+00  0.0000000e+00  0.0000000e+00  1.0000000e+00]]
[+0182.91, -0050.24, -1031.67]
2192, 1992, 2020
[[-3.1632308e-01  3.2779392e-01 -8.8991280e-01  8.7240000e+01]
 [ 1.1194080e-02  9.3960542e-01  3.4203990e-01  3.5290000e+01]
 [ 9.4829760e-01  9.8324700e-02 -3.0087250e-01 -1.1089900e+03]
 [ 0.0000000e+00  0.0000000e+00  0.0000000e+00  1.0000000e+00]]
[+0092.07, -0079.68, -1029.45]
1290, 1989, 1305
[[-3.1238970e-01  3.3139800e-01 -8.9004370e-01  8.7580000e+01]
 [ 1.3105120e-02  9.3857196e-01  3.4480680e-01  3.5590000e+01]
 [ 9.4964766e-01  9.6118880e-02 -2.9753130e-01 -1.1090300e+03]
 [ 0.0000000e+00  0.0000000e+00  0.0000000e+00  1.0000000e+00]]
[+0162.49, -0097.48, -1008.38]
1889, 762, 541
[[-3.1379092e-01  3.3234990e-01 -8.8907110e-01  8.7660000e+01]
 [ 1.2602100e-02  9.3808558e-01  3.4613130e-01  3.5510000e+01]
 [ 9.4907590e-01  9.7515300e-02 -2.9853250e-01 -1.1089400e+03]
 [ 0.0000000e+00  0.0000000e+00  0.0000000e+00  1.0000000e+00]]
[+0079.63, +0003.14, -1070.82]
2040, 1595, 1524
[[-3.1569506e-01  3.2975412e-01 -8.8953912e-01  8.7380000e+01]
 [ 1.1664120e-02  9.3893374e-01  3.4387872e-01  3.5390000e+01]
 [ 9.4862088e-01  9.8238720e-02 -3.0025376e-01 -1.1089600e+03]
 [ 0.0000000e+00  0.0000000e+00  0.0000000e+00  1.0000000e+00]]
[+0089.10, -0046.91, -1027.25]
815, 1969, 941
[[-3.1084906e-01  3.3252842e-01 -8.9023732e-01  8.7690000e+01]
 [ 1.3673380e-02  9.3825702e-01  3.4564988e-01  3.5650000e+01]
 [ 9.5021612e-01  9.5318680e-02 -2.9619508e-01 -1.1090300e+03]
 [ 0.0000000e+00  0.0000000e+00  0.0000000e+00  1.0000000e+00]]
[+0201.83, -0109.54, -1027.48]
612, 1369, 1741
[[-3.1116816e-01  3.3156512e-01 -8.9035896e-01  8.7640000e+01]
 [ 1.2765360e-02  9.3851670e-01  3.4496378e-01  3.5510000e+01]
 [ 9.5000608e-01  9.6060060e-02 -2.9625450e-01 -1.1090100e+03]
 [ 0.0000000e+00  0.0000000e+00  0.0000000e+00  1.0000000e+00]]
[+0118.26, -0179.24, -1043.65]
