950, 950, 950
[[-4.3029800e-02  9.5690778e-01  2.8676154e-01  2.3900000e+00]
 [ 3.3080700e-02 -2.8538594e-01  9.5768478e-01  1.2881000e+02]
 [ 9.9840390e-01  5.0813100e-02 -1.9222100e-02 -1.1680300e+03]
 [ 0.0000000e+00  0.0000000e+00  0.0000000e+00  1.0000000e+00]]
[-0135.01, +0081.63, -1057.67]
750, 750, 750
[[-4.1339220e-02  9.5660244e-01  2.8770036e-01  2.4400000e+00]
 [ 3.2869560e-02 -2.8627690e-01  9.5730472e-01  1.2870000e+02]
 [ 9.9838836e-01  4.9239280e-02 -1.9337680e-02 -1.1680200e+03]
 [ 0.0000000e+00  0.0000000e+00  0.0000000e+00  1.0000000e+00]]
[-0136.93, +0081.92, -1049.93]
937, 937, 937
[[-4.3330000e-02  9.5693520e-01  2.8658340e-01  2.3600000e+00]
 [ 3.3727200e-02 -2.8515712e-01  9.5771520e-01  1.2884000e+02]
 [ 9.9835740e-01  5.1292800e-02 -1.9751120e-02 -1.1680400e+03]
 [ 0.0000000e+00  0.0000000e+00  0.0000000e+00  1.0000000e+00]]
[-0135.61, +0081.44, -1057.27]
750, 750, 750
[[-4.2201700e-02  9.5669310e-01  2.8761360e-01  2.4400000e+00]
 [ 3.2475660e-02 -2.8628890e-01  9.5744088e-01  1.2870000e+02]
 [ 9.9846312e-01  4.9860000e-02 -1.8839240e-02 -1.1680400e+03]
 [ 0.0000000e+00  0.0000000e+00  0.0000000e+00  1.0000000e+00]]
[-0136.97, +0081.78, -1049.93]
1124, 1124, 1124
[[-4.2310800e-02  9.5705464e-01  2.8600268e-01  2.3400000e+00]
 [ 3.4586480e-02 -2.8445914e-01  9.5776904e-01  1.2889000e+02]
 [ 9.9827596e-01  5.0637680e-02 -2.0778100e-02 -1.1679800e+03]
 [ 0.0000000e+00  0.0000000e+00  0.0000000e+00  1.0000000e+00]]
[-0133.46, +0081.40, -1064.26]
750, 750, 750
[[-4.2606660e-02  9.5656928e-01  2.8770684e-01  2.4400000e+00]
 [ 3.2648160e-02 -2.8629306e-01  9.5733788e-01  1.2870000e+02]
 [ 9.9836572e-01  5.0367960e-02 -1.8790560e-02 -1.1680300e+03]
 [ 0.0000000e+00  0.0000000e+00  0.0000000e+00  1.0000000e+00]]
[-0136.94, +0081.79, -1049.94]
1311, 1311, 1311
[[-4.2944500e-02  9.5708974e-01  2.8560118e-01  2.3100000e+00]
 [ 3.4070060e-02 -2.8401762e-01  9.5784926e-01  1.2895000e+02]
 [ 9.9821242e-01  5.1139060e-02 -2.0055880e-02 -1.1680200e+03]
 [ 0.0000000e+00  0.0000000e+00  0.0000000e+00  1.0000000e+00]]
[-0131.17, +0083.11, -1071.31]
750, 750, 750
[[-4.2659540e-02  9.5656410e-01  2.8769742e-01  2.4500000e+00]
 [ 3.2252580e-02 -2.8629730e-01  9.5734306e-01  1.2870000e+02]
 [ 9.9837090e-01  5.0309900e-02 -1.8389800e-02 -1.1680400e+03]
 [ 0.0000000e+00  0.0000000e+00  0.0000000e+00  1.0000000e+00]]
[-0136.76, +0081.78, -1049.92]
1498, 1498, 1498
[[-4.2892420e-02  9.5726162e-01  2.8511728e-01  2.2900000e+00]
 [ 3.3946220e-02 -2.8356442e-01  9.5801912e-01  1.2900000e+02]
 [ 9.9824312e-01  5.1021280e-02 -2.0007840e-02 -1.1680400e+03]
 [ 0.0000000e+00  0.0000000e+00  0.0000000e+00  1.0000000e+00]]
[-0129.62, +0083.78, -1078.37]
750, 750, 750
[[-4.1972840e-02  9.5649792e-01  2.8758924e-01  2.4500000e+00]
 [ 3.2670840e-02 -2.8606004e-01  9.5724048e-01  1.2869000e+02]
 [ 9.9826272e-01  4.9884360e-02 -1.8839240e-02 -1.1680200e+03]
 [ 0.0000000e+00  0.0000000e+00  0.0000000e+00  1.0000000e+00]]
[-0136.77, +0081.93, -1049.96]
1685, 1685, 1685
[[-4.3547140e-02  9.5742530e-01  2.8466358e-01  2.2600000e+00]
 [ 3.4728580e-02 -2.8311130e-01  9.5819694e-01  1.2907000e+02]
 [ 9.9824370e-01  5.1809700e-02 -2.0666600e-02 -1.1680500e+03]
 [ 0.0000000e+00  0.0000000e+00  0.0000000e+00  1.0000000e+00]]
[-0129.51, +0083.73, -1085.52]
750, 750, 750
[[-4.1849700e-02  9.5658278e-01  2.8768714e-01  2.4500000e+00]
 [ 3.2136460e-02 -2.8628890e-01  9.5732438e-01  1.2868000e+02]
 [ 9.9838958e-01  4.9518740e-02 -1.8487240e-02 -1.1680400e+03]
 [ 0.0000000e+00  0.0000000e+00  0.0000000e+00  1.0000000e+00]]
[-0137.07, +0081.75, -1050.04]
1872, 1872, 1872
[[-4.3392100e-02  9.5751986e-01  2.8408458e-01  2.2200000e+00]
 [ 3.5307580e-02 -2.8242580e-01  9.5827446e-01  1.2912000e+02]
 [ 9.9814914e-01  5.1887220e-02 -2.1197060e-02 -1.1680300e+03]
 [ 0.0000000e+00  0.0000000e+00  0.0000000e+00  1.0000000e+00]]
[-0128.54, +0083.87, -1092.55]
750, 750, 750
[[-4.2430600e-02  9.5657138e-01  2.8769954e-01  2.4500000e+00]
 [ 3.2421340e-02 -2.8629306e-01  9.5733578e-01  1.2869000e+02]
 [ 9.9837302e-01  5.0141140e-02 -1.8614500e-02 -1.1680400e+03]
 [ 0.0000000e+00  0.0000000e+00  0.0000000e+00  1.0000000e+00]]
[-0136.92, +0081.75, -1050.04]
2059, 2059, 2059
[[-4.3540660e-02  9.5773074e-01  2.8344236e-01  2.1800000e+00]
 [ 3.6620940e-02 -2.8173690e-01  9.5846172e-01  1.2922000e+02]
 [ 9.9812156e-01  5.2362120e-02 -2.2483600e-02 -1.1680400e+03]
 [ 0.0000000e+00  0.0000000e+00  0.0000000e+00  1.0000000e+00]]
[-0129.26, +0083.40, -1100.00]
750, 750, 750
[[-4.2078600e-02  9.5669004e-01  2.8759708e-01  2.4600000e+00]
 [ 3.1853240e-02 -2.8629306e-01  9.5744394e-01  1.2869000e+02]
 [ 9.9847548e-01  4.9575140e-02 -1.8262500e-02 -1.1680400e+03]
 [ 0.0000000e+00  0.0000000e+00  0.0000000e+00  1.0000000e+00]]
[-0136.85, +0081.84, -1050.06]
2246, 2246, 2246
[[-4.2880500e-02  9.5812636e-01  2.8229398e-01  2.1300000e+00]
 [ 3.7300840e-02 -2.8059252e-01  9.5880404e-01  1.2935000e+02]
 [ 9.9815062e-01  5.1869240e-02 -2.3416980e-02 -1.1680300e+03]
 [ 0.0000000e+00  0.0000000e+00  0.0000000e+00  1.0000000e+00]]
[-0129.95, +0082.26, -1107.24]
750, 750, 750
[[-4.2430600e-02  9.5657138e-01  2.8769954e-01  2.4600000e+00]
 [ 3.2421340e-02 -2.8629306e-01  9.5733578e-01  1.2867000e+02]
 [ 9.9837302e-01  5.0141140e-02 -1.8614500e-02 -1.1680600e+03]
 [ 0.0000000e+00  0.0000000e+00  0.0000000e+00  1.0000000e+00]]
[-0136.97, +0081.72, -1050.06]
2433, 2433, 2433
[[-4.3818000e-02  9.5839016e-01  2.8174112e-01  2.1000000e+00]
 [ 3.7403120e-02 -2.8014696e-01  9.5910656e-01  1.2942000e+02]
 [ 9.9824384e-01  5.2656320e-02 -2.3452800e-02 -1.1680400e+03]
 [ 0.0000000e+00  0.0000000e+00  0.0000000e+00  1.0000000e+00]]
[-0130.45, +0081.93, -1109.37]
937, 937, 937
[[-4.2448500e-02  9.5669050e-01  2.8692510e-01  2.4100000e+00]
 [ 3.3024900e-02 -2.8538178e-01  9.5744858e-01  1.2878000e+02]
 [ 9.9824450e-01  5.0415420e-02 -1.9094280e-02 -1.1680400e+03]
 [ 0.0000000e+00  0.0000000e+00  0.0000000e+00  1.0000000e+00]]
[-0135.67, +0081.82, -1057.30]
750, 750, 750
[[-4.2307540e-02  9.5656838e-01  2.8768294e-01  2.4500000e+00]
 [ 3.1798940e-02 -2.8629730e-01  9.5733878e-01  1.2868000e+02]
 [ 9.9838538e-01  4.9856260e-02 -1.8037800e-02 -1.1680700e+03]
 [ 0.0000000e+00  0.0000000e+00  0.0000000e+00  1.0000000e+00]]
[-0137.02, +0081.65, -1050.01]
937, 937, 937
[[-4.2572200e-02  9.5686068e-01  2.8644876e-01  2.3700000e+00]
 [ 3.3127800e-02 -2.8492834e-01  9.5762082e-01  1.2883000e+02]
 [ 9.9826740e-01  5.0524500e-02 -1.9222100e-02 -1.1680200e+03]
 [ 0.0000000e+00  0.0000000e+00  0.0000000e+00  1.0000000e+00]]
[-0135.34, +0081.20, -1057.35]
1124, 1124, 1124
[[-4.3911700e-02  9.5700200e-01  2.8598840e-01  2.3400000e+00]
 [ 3.3403760e-02 -2.8448770e-01  9.5782168e-01  1.2889000e+02]
 [ 9.9826168e-01  5.1820400e-02 -1.9205760e-02 -1.1680700e+03]
 [ 0.0000000e+00  0.0000000e+00  0.0000000e+00  1.0000000e+00]]
[-0133.72, +0081.17, -1064.56]
937, 937, 937
[[-4.2800980e-02  9.5682704e-01  2.8664922e-01  2.3900000e+00]
 [ 3.3161440e-02 -2.8515712e-01  9.5759664e-01  1.2879000e+02]
 [ 9.9829158e-01  5.0724960e-02 -1.9222100e-02 -1.1680300e+03]
 [ 0.0000000e+00  0.0000000e+00  0.0000000e+00  1.0000000e+00]]
[-0135.52, +0081.70, -1057.15]
1311, 1311, 1311
[[-4.3349700e-02  9.5730884e-01  2.8543012e-01  2.3200000e+00]
 [ 3.3899000e-02 -2.8402170e-01  9.5808340e-01  1.2894000e+02]
 [ 9.9837940e-01  5.1310120e-02 -2.0007840e-02 -1.1680200e+03]
 [ 0.0000000e+00  0.0000000e+00  0.0000000e+00  1.0000000e+00]]
[-0131.16, +0082.73, -1071.37]
937, 937, 937
[[-4.2977280e-02  9.5679872e-01  2.8685920e-01  2.3800000e+00]
 [ 3.3590720e-02 -2.8538178e-01  9.5756710e-01  1.2879000e+02]
 [ 9.9831040e-01  5.0983300e-02 -1.9623060e-02 -1.1680100e+03]
 [ 0.0000000e+00  0.0000000e+00  0.0000000e+00  1.0000000e+00]]
[-0135.31, +0081.71, -1057.11]
1498, 1498, 1498
[[-4.3245620e-02  9.5737188e-01  2.8504404e-01  2.3000000e+00]
 [ 3.4285080e-02 -2.8356442e-01  9.5813544e-01  1.2900000e+02]
 [ 9.9831636e-01  5.1362160e-02 -2.0361040e-02 -1.1680300e+03]
 [ 0.0000000e+00  0.0000000e+00  0.0000000e+00  1.0000000e+00]]
[-0129.88, +0082.75, -1078.53]
937, 937, 937
[[-4.2395940e-02  9.5681022e-01  2.8684640e-01  2.4000000e+00]
 [ 3.3306100e-02 -2.8537770e-01  9.5755560e-01  1.2878000e+02]
 [ 9.9832728e-01  5.0360960e-02 -1.9495200e-02 -1.1680300e+03]
 [ 0.0000000e+00  0.0000000e+00  0.0000000e+00  1.0000000e+00]]
[-0135.14, +0081.55, -1057.17]
1685, 1685, 1685
[[-4.2861640e-02  9.5756244e-01  2.8458108e-01  2.2600000e+00]
 [ 3.5121720e-02 -2.8309954e-01  9.5828634e-01  1.2906000e+02]
 [ 9.9833796e-01  5.1190020e-02 -2.1340340e-02 -1.1680100e+03]
 [ 0.0000000e+00  0.0000000e+00  0.0000000e+00  1.0000000e+00]]
[-0129.36, +0084.77, -1085.50]
937, 937, 937
[[-4.2800980e-02  9.5680078e-01  2.8685176e-01  2.4100000e+00]
 [ 3.3363980e-02 -2.8538178e-01  9.5756504e-01  1.2878000e+02]
 [ 9.9831784e-01  5.0756560e-02 -1.9446760e-02 -1.1680300e+03]
 [ 0.0000000e+00  0.0000000e+00  0.0000000e+00  1.0000000e+00]]
[-0135.14, +0081.44, -1057.16]
1872, 1872, 1872
[[-4.3163680e-02  9.5761600e-01  2.8420072e-01  2.2400000e+00]
 [ 3.5565200e-02 -2.8264650e-01  9.5834750e-01  1.2912000e+02]
 [ 9.9826528e-01  5.1637300e-02 -2.1646180e-02 -1.1680400e+03]
 [ 0.0000000e+00  0.0000000e+00  0.0000000e+00  1.0000000e+00]]
[-0128.50, +0084.02, -1092.61]
937, 937, 937
[[-4.1638660e-02  9.5682354e-01  2.8682644e-01  2.4100000e+00]
 [ 3.2794740e-02 -2.8537370e-01  9.5754228e-01  1.2877000e+02]
 [ 9.9835124e-01  4.9511880e-02 -1.9191400e-02 -1.1680100e+03]
 [ 0.0000000e+00  0.0000000e+00  0.0000000e+00  1.0000000e+00]]
[-0135.09, +0081.50, -1057.17]
2059, 2059, 2059
[[-4.3517520e-02  9.5782928e-01  2.8331700e-01  2.1800000e+00]
 [ 3.5093280e-02 -2.8174842e-01  9.5858960e-01  1.2922000e+02]
 [ 9.9823540e-01  5.1852000e-02 -2.1101940e-02 -1.1680600e+03]
 [ 0.0000000e+00  0.0000000e+00  0.0000000e+00  1.0000000e+00]]
[-0128.63, +0083.20, -1100.02]
937, 937, 937
[[-4.2043540e-02  9.5681426e-01  2.8683172e-01  2.4200000e+00]
 [ 3.2852620e-02 -2.8537770e-01  9.5755156e-01  1.2877000e+02]
 [ 9.9834196e-01  4.9907480e-02 -1.9142800e-02 -1.1680100e+03]
 [ 0.0000000e+00  0.0000000e+00  0.0000000e+00  1.0000000e+00]]
[-0135.03, +0081.36, -1057.18]
2246, 2246, 2246
[[-4.3463200e-02  9.5814032e-01  2.8210536e-01  2.1300000e+00]
 [ 3.7381360e-02 -2.8037146e-01  9.5884698e-01  1.2936000e+02]
 [ 9.9810768e-01  5.2459740e-02 -2.3322500e-02 -1.1680200e+03]
 [ 0.0000000e+00  0.0000000e+00  0.0000000e+00  1.0000000e+00]]
[-0130.01, +0082.02, -1107.33]
937, 937, 937
[[-4.1814800e-02  9.5670720e-01  2.8692180e-01  2.4200000e+00]
 [ 3.3135840e-02 -2.8537370e-01  9.5743188e-01  1.2877000e+02]
 [ 9.9825588e-01  4.9851000e-02 -1.9367540e-02 -1.1680200e+03]
 [ 0.0000000e+00  0.0000000e+00  0.0000000e+00  1.0000000e+00]]
[-0135.55, +0081.28, -1057.35]
2433, 2433, 2433
[[-4.3133940e-02  9.5832532e-01  2.8163236e-01  2.1100000e+00]
 [ 3.7822840e-02 -2.7991194e-01  9.5900192e-01  1.2942000e+02]
 [ 9.9813508e-01  5.2228640e-02 -2.3901840e-02 -1.1680300e+03]
 [ 0.0000000e+00  0.0000000e+00  0.0000000e+00  1.0000000e+00]]
[-0130.27, +0082.19, -1109.47]
1124, 1124, 1124
[[-4.2872480e-02  9.5700252e-01  2.8618236e-01  2.3600000e+00]
 [ 3.3659880e-02 -2.8469960e-01  9.5776344e-01  1.2886000e+02]
 [ 9.9830916e-01  5.0891760e-02 -1.9751120e-02 -1.1680300e+03]
 [ 0.0000000e+00  0.0000000e+00  0.0000000e+00  1.0000000e+00]]
[-0134.42, +0081.19, -1064.57]
750, 750, 750
[[-4.1620840e-02  9.5661642e-01  2.8748678e-01  2.4500000e+00]
 [ 3.2102820e-02 -2.8606004e-01  9.5734878e-01  1.2867000e+02]
 [ 9.9836518e-01  4.9318380e-02 -1.8487240e-02 -1.1680300e+03]
 [ 0.0000000e+00  0.0000000e+00  0.0000000e+00  1.0000000e+00]]
[-0136.94, +0081.64, -1050.04]
1124, 1124, 1124
[[-4.2643780e-02  9.5703612e-01  2.8598184e-01  2.3500000e+00]
 [ 3.3626280e-02 -2.8447090e-01  9.5778756e-01  1.2888000e+02]
 [ 9.9828504e-01  5.0691240e-02 -1.9751120e-02 -1.1680400e+03]
 [ 0.0000000e+00  0.0000000e+00  0.0000000e+00  1.0000000e+00]]
[-0133.67, +0081.42, -1064.52]
937, 937, 937
[[-4.2167200e-02  9.5681760e-01  2.8684840e-01  2.4100000e+00]
 [ 3.3474960e-02 -2.8537370e-01  9.5754822e-01  1.2879000e+02]
 [ 9.9832928e-01  5.0192100e-02 -1.9719940e-02 -1.1680300e+03]
 [ 0.0000000e+00  0.0000000e+00  0.0000000e+00  1.0000000e+00]]
[-0135.22, +0081.58, -1057.17]
1124, 1124, 1124
[[-4.2996660e-02  9.5714642e-01  2.8590856e-01  2.3600000e+00]
 [ 3.3965260e-02 -2.8447090e-01  9.5790392e-01  1.2889000e+02]
 [ 9.9835832e-01  5.1032240e-02 -2.0104000e-02 -1.1680300e+03]
 [ 0.0000000e+00  0.0000000e+00  0.0000000e+00  1.0000000e+00]]
[-0134.06, +0081.78, -1064.51]
1311, 1311, 1311
[[-4.3173160e-02  9.5719656e-01  2.8551088e-01  2.3200000e+00]
 [ 3.3786720e-02 -2.8402170e-01  9.5796906e-01  1.2894000e+02]
 [ 9.9829864e-01  5.1195780e-02 -1.9831300e-02 -1.1680400e+03]
 [ 0.0000000e+00  0.0000000e+00  0.0000000e+00  1.0000000e+00]]
[-0131.55, +0082.86, -1071.49]
1124, 1124, 1124
[[-4.2748500e-02  9.5688484e-01  2.8625362e-01  2.3600000e+00]
 [ 3.3151960e-02 -2.8470372e-01  9.5765444e-01  1.2886000e+02]
 [ 9.9823378e-01  5.0719640e-02 -1.9173780e-02 -1.1680300e+03]
 [ 0.0000000e+00  0.0000000e+00  0.0000000e+00  1.0000000e+00]]
[-0134.39, +0081.68, -1064.49]
1498, 1498, 1498
[[-4.2611880e-02  9.5736298e-01  2.8524302e-01  2.3100000e+00]
 [ 3.4599220e-02 -2.8378116e-01  9.5808682e-01  1.2898000e+02]
 [ 9.9835382e-01  5.0828980e-02 -2.0858280e-02 -1.1680200e+03]
 [ 0.0000000e+00  0.0000000e+00  0.0000000e+00  1.0000000e+00]]
[-0129.79, +0083.64, -1078.52]
1124, 1124, 1124
[[-4.2696100e-02  9.5700456e-01  2.8617492e-01  2.3700000e+00]
 [ 3.3433200e-02 -2.8469960e-01  9.5776140e-01  1.2885000e+02]
 [ 9.9831660e-01  5.0665080e-02 -1.9574740e-02 -1.1680500e+03]
 [ 0.0000000e+00  0.0000000e+00  0.0000000e+00  1.0000000e+00]]
[-0133.95, +0081.62, -1064.46]
1685, 1685, 1685
[[-4.3193700e-02  9.5740340e-01  2.8485100e-01  2.2800000e+00]
 [ 3.4478120e-02 -2.8333584e-01  9.5816140e-01  1.2904000e+02]
 [ 9.9828484e-01  5.1388120e-02 -2.0537700e-02 -1.1680400e+03]
 [ 0.0000000e+00  0.0000000e+00  0.0000000e+00  1.0000000e+00]]
[-0129.05, +0085.48, -1085.52]
1124, 1124, 1124
[[-4.2696100e-02  9.5697838e-01  2.8637746e-01  2.3700000e+00]
 [ 3.3635740e-02 -2.8492426e-01  9.5772982e-01  1.2886000e+02]
 [ 9.9834278e-01  5.0696660e-02 -1.9799400e-02 -1.1680300e+03]
 [ 0.0000000e+00  0.0000000e+00  0.0000000e+00  1.0000000e+00]]
[-0134.02, +0081.45, -1064.52]
1872, 1872, 1872
[[-4.3038420e-02  9.5775222e-01  2.8389246e-01  2.2400000e+00]
 [ 3.4626180e-02 -2.8242580e-01  9.5849506e-01  1.2912000e+02]
 [ 9.9834126e-01  5.1209740e-02 -2.0843380e-02 -1.1680400e+03]
 [ 0.0000000e+00  0.0000000e+00  0.0000000e+00  1.0000000e+00]]
[-0128.28, +0084.23, -1092.63]
1124, 1124, 1124
[[-4.2748500e-02  9.5688484e-01  2.8625362e-01  2.3700000e+00]
 [ 3.3151960e-02 -2.8470372e-01  9.5765444e-01  1.2886000e+02]
 [ 9.9823378e-01  5.0719640e-02 -1.9173780e-02 -1.1680700e+03]
 [ 0.0000000e+00  0.0000000e+00  0.0000000e+00  1.0000000e+00]]
[-0133.69, +0081.41, -1064.51]
2059, 2059, 2059
[[-4.3135300e-02  9.5788012e-01  2.8314516e-01  2.1900000e+00]
 [ 3.6247000e-02 -2.8150864e-01  9.5859588e-01  1.2922000e+02]
 [ 9.9819420e-01  5.1822600e-02 -2.2306500e-02 -1.1680400e+03]
 [ 0.0000000e+00  0.0000000e+00  0.0000000e+00  1.0000000e+00]]
[-0128.66, +0083.54, -1100.05]
1124, 1124, 1124
[[-4.2748500e-02  9.5699922e-01  2.8616546e-01  2.3800000e+00]
 [ 3.3037580e-02 -2.8470372e-01  9.5776674e-01  1.2885000e+02]
 [ 9.9832194e-01  5.0607340e-02 -1.9173780e-02 -1.1680500e+03]
 [ 0.0000000e+00  0.0000000e+00  0.0000000e+00  1.0000000e+00]]
[-0133.80, +0081.39, -1064.47]
2246, 2246, 2246
[[-4.3513960e-02  9.5810880e-01  2.8229836e-01  2.1400000e+00]
 [ 3.7188360e-02 -2.8059956e-01  9.5882160e-01  1.2936000e+02]
 [ 9.9813920e-01  5.2434360e-02 -2.3145160e-02 -1.1680500e+03]
 [ 0.0000000e+00  0.0000000e+00  0.0000000e+00  1.0000000e+00]]
[-0129.97, +0082.03, -1107.30]
1124, 1124, 1124
[[-4.2519760e-02  9.5700660e-01  2.8616752e-01  2.3800000e+00]
 [ 3.3206520e-02 -2.8469960e-01  9.5775936e-01  1.2886000e+02]
 [ 9.9832400e-01  5.0438400e-02 -1.9398400e-02 -1.1680300e+03]
 [ 0.0000000e+00  0.0000000e+00  0.0000000e+00  1.0000000e+00]]
[-0134.05, +0081.27, -1064.55]
2433, 2433, 2433
[[-4.3007120e-02  9.5829552e-01  2.8181748e-01  2.1200000e+00]
 [ 3.7403520e-02 -2.8013992e-01  9.5897492e-01  1.2942000e+02]
 [ 9.9817452e-01  5.1977080e-02 -2.3547040e-02 -1.1680300e+03]
 [ 0.0000000e+00  0.0000000e+00  0.0000000e+00  1.0000000e+00]]
[-0130.20, +0082.22, -1109.48]
1311, 1311, 1311
[[-4.3754980e-02  9.5704444e-01  2.8581484e-01  2.3400000e+00]
 [ 3.4387960e-02 -2.8425040e-01  9.5783692e-01  1.2892000e+02]
 [ 9.9821924e-01  5.1961880e-02 -2.0184420e-02 -1.1680500e+03]
 [ 0.0000000e+00  0.0000000e+00  0.0000000e+00  1.0000000e+00]]
[-0133.11, +0082.65, -1071.54]
750, 750, 750
[[-4.1849700e-02  9.5658278e-01  2.8768714e-01  2.4800000e+00]
 [ 3.2136460e-02 -2.8628890e-01  9.5732438e-01  1.2867000e+02]
 [ 9.9838958e-01  4.9518740e-02 -1.8487240e-02 -1.1680600e+03]
 [ 0.0000000e+00  0.0000000e+00  0.0000000e+00  1.0000000e+00]]
[-0137.01, +0081.06, -1050.12]
1311, 1311, 1311
[[-4.3173160e-02  9.5708222e-01  2.8559914e-01  2.3300000e+00]
 [ 3.3901060e-02 -2.8402170e-01  9.5785678e-01  1.2893000e+02]
 [ 9.9821038e-01  5.1308060e-02 -1.9831300e-02 -1.1680400e+03]
 [ 0.0000000e+00  0.0000000e+00  0.0000000e+00  1.0000000e+00]]
[-0131.57, +0082.79, -1071.47]
937, 937, 937
[[-4.1638660e-02  9.5682354e-01  2.8682644e-01  2.4300000e+00]
 [ 3.2794740e-02 -2.8537370e-01  9.5754228e-01  1.2877000e+02]
 [ 9.9835124e-01  4.9511880e-02 -1.9191400e-02 -1.1680200e+03]
 [ 0.0000000e+00  0.0000000e+00  0.0000000e+00  1.0000000e+00]]
[-0134.98, +0081.59, -1057.17]
1311, 1311, 1311
[[-4.3069000e-02  9.5720760e-01  2.8553000e-01  2.3300000e+00]
 [ 3.4578000e-02 -2.8401362e-01  9.5795802e-01  1.2894000e+02]
 [ 9.9828760e-01  5.1310980e-02 -2.0633620e-02 -1.1680200e+03]
 [ 0.0000000e+00  0.0000000e+00  0.0000000e+00  1.0000000e+00]]
[-0131.45, +0082.75, -1071.49]
1124, 1124, 1124
[[-4.2977280e-02  9.5687744e-01  2.8625152e-01  2.3700000e+00]
 [ 3.2983040e-02 -2.8470792e-01  9.5766184e-01  1.2885000e+02]
 [ 9.9823168e-01  5.0888560e-02 -1.8949200e-02 -1.1680600e+03]
 [ 0.0000000e+00  0.0000000e+00  0.0000000e+00  1.0000000e+00]]
[-0134.27, +0081.61, -1064.50]
1311, 1311, 1311
[[-4.2663840e-02  9.5733140e-01  2.8543612e-01  2.3400000e+00]
 [ 3.4406120e-02 -2.8400970e-01  9.5806084e-01  1.2893000e+02]
 [ 9.9838540e-01  5.0803000e-02 -2.0681700e-02 -1.1680100e+03]
 [ 0.0000000e+00  0.0000000e+00  0.0000000e+00  1.0000000e+00]]
[-0131.39, +0082.87, -1071.47]
1498, 1498, 1498
[[-4.2663840e-02  9.5738340e-01  2.8503100e-01  2.3200000e+00]
 [ 3.4001000e-02 -2.8356042e-01  9.5812392e-01  1.2899000e+02]
 [ 9.9833340e-01  5.0739920e-02 -2.0232420e-02 -1.1680400e+03]
 [ 0.0000000e+00  0.0000000e+00  0.0000000e+00  1.0000000e+00]]
[-0130.04, +0082.44, -1078.67]
1311, 1311, 1311
[[-4.3048900e-02  9.5705276e-01  2.8578468e-01  2.3500000e+00]
 [ 3.3481400e-02 -2.8425040e-01  9.5782860e-01  1.2891000e+02]
 [ 9.9824940e-01  5.1055320e-02 -1.9478340e-02 -1.1680600e+03]
 [ 0.0000000e+00  0.0000000e+00  0.0000000e+00  1.0000000e+00]]
[-0133.31, +0083.28, -1071.42]
1685, 1685, 1685
[[-4.2913360e-02  9.5744252e-01  2.8465992e-01  2.2900000e+00]
 [ 3.4840280e-02 -2.8310338e-01  9.5817972e-01  1.2905000e+02]
 [ 9.9825528e-01  5.1244920e-02 -2.0938980e-02 -1.1680600e+03]
 [ 0.0000000e+00  0.0000000e+00  0.0000000e+00  1.0000000e+00]]
[-0129.31, +0084.63, -1085.50]
1311, 1311, 1311
[[-4.2820200e-02  9.5717456e-01  2.8569852e-01  2.3600000e+00]
 [ 3.3536040e-02 -2.8424628e-01  9.5793344e-01  1.2891000e+02]
 [ 9.9833968e-01  5.0774040e-02 -1.9702920e-02 -1.1680400e+03]
 [ 0.0000000e+00  0.0000000e+00  0.0000000e+00  1.0000000e+00]]
[-0132.95, +0083.96, -1071.41]
1872, 1872, 1872
[[-4.281000e-02  9.577340e-01  2.840970e-01  2.240000e+00]
 [ 3.499800e-02 -2.826465e-01  9.584560e-01  1.291200e+02]
 [ 9.983690e-01  5.107200e-02 -2.129250e-02 -1.168040e+03]
 [ 0.000000e+00  0.000000e+00  0.000000e+00  1.000000e+00]]
[-0128.08, +0084.33, -1092.61]
1311, 1311, 1311
[[-4.2820200e-02  9.5706022e-01  2.8578674e-01  2.3500000e+00]
 [ 3.3650380e-02 -2.8424628e-01  9.5782114e-01  1.2891000e+02]
 [ 9.9825146e-01  5.0886340e-02 -1.9702920e-02 -1.1680400e+03]
 [ 0.0000000e+00  0.0000000e+00  0.0000000e+00  1.0000000e+00]]
[-0132.94, +0083.39, -1071.43]
2059, 2059, 2059
[[-4.3186500e-02  9.5784860e-01  2.8333820e-01  2.2000000e+00]
 [ 3.6053960e-02 -2.8173690e-01  9.5857028e-01  1.2921000e+02]
 [ 9.9822572e-01  5.1797000e-02 -2.2129440e-02 -1.1680500e+03]
 [ 0.0000000e+00  0.0000000e+00  0.0000000e+00  1.0000000e+00]]
[-0128.42, +0083.67, -1100.05]
1311, 1311, 1311
[[-4.2238740e-02  9.5718600e-01  2.8568574e-01  2.3500000e+00]
 [ 3.3251760e-02 -2.8424224e-01  9.5792200e-01  1.2891000e+02]
 [ 9.9835650e-01  5.0151760e-02 -1.9574740e-02 -1.1680500e+03]
 [ 0.0000000e+00  0.0000000e+00  0.0000000e+00  1.0000000e+00]]
[-0132.98, +0082.89, -1071.56]
2246, 2246, 2246
[[-4.2601800e-02  9.5816580e-01  2.8210260e-01  2.1500000e+00]
 [ 3.7663320e-02 -2.8036114e-01  9.5882150e-01  1.2935000e+02]
 [ 9.9812076e-01  5.1725180e-02 -2.3818900e-02 -1.1680200e+03]
 [ 0.0000000e+00  0.0000000e+00  0.0000000e+00  1.0000000e+00]]
[-0129.98, +0082.01, -1107.30]
1311, 1311, 1311
[[-4.3121040e-02  9.5706168e-01  2.8581132e-01  2.3400000e+00]
 [ 3.4499280e-02 -2.8424224e-01  9.5781968e-01  1.2892000e+02]
 [ 9.9823092e-01  5.1397280e-02 -2.0457040e-02 -1.1680300e+03]
 [ 0.0000000e+00  0.0000000e+00  0.0000000e+00  1.0000000e+00]]
[-0133.05, +0082.42, -1071.57]
2433, 2433, 2433
[[-4.2779140e-02  9.5830342e-01  2.8181918e-01  2.1400000e+00]
 [ 3.7572980e-02 -2.8013652e-01  9.5896702e-01  1.2941000e+02]
 [ 9.9817622e-01  5.1807620e-02 -2.3771620e-02 -1.1680500e+03]
 [ 0.0000000e+00  0.0000000e+00  0.0000000e+00  1.0000000e+00]]
[-0130.09, +0082.32, -1109.50]
1498, 1498, 1498
[[-4.2892420e-02  9.5723560e-01  2.8531986e-01  2.3200000e+00]
 [ 3.4148800e-02 -2.8378900e-01  9.5798760e-01  1.2896000e+02]
 [ 9.9826914e-01  5.1052800e-02 -2.0232420e-02 -1.1680400e+03]
 [ 0.0000000e+00  0.0000000e+00  0.0000000e+00  1.0000000e+00]]
[-0132.06, +0081.91, -1078.32]
750, 750, 750
[[-4.1902660e-02  9.5666564e-01  2.8779234e-01  2.4800000e+00]
 [ 3.1828840e-02 -2.8651780e-01  9.5741028e-01  1.2867000e+02]
 [ 9.9850914e-01  4.9379880e-02 -1.8311300e-02 -1.1680500e+03]
 [ 0.0000000e+00  0.0000000e+00  0.0000000e+00  1.0000000e+00]]
[-0136.82, +0081.70, -1050.06]
1498, 1498, 1498
[[-4.3017040e-02  9.5726516e-01  2.8513436e-01  2.3100000e+00]
 [ 3.4568440e-02 -2.8356042e-01  9.5801558e-01  1.2898000e+02]
 [ 9.9823004e-01  5.1305380e-02 -2.0585620e-02 -1.1680300e+03]
 [ 0.0000000e+00  0.0000000e+00  0.0000000e+00  1.0000000e+00]]
[-0130.27, +0084.03, -1078.58]
937, 937, 937
[[-4.2043540e-02  9.5681426e-01  2.8683172e-01  2.4200000e+00]
 [ 3.2852620e-02 -2.8537770e-01  9.5755156e-01  1.2877000e+02]
 [ 9.9834196e-01  4.9907480e-02 -1.9142800e-02 -1.1680300e+03]
 [ 0.0000000e+00  0.0000000e+00  0.0000000e+00  1.0000000e+00]]
[-0135.20, +0081.46, -1057.26]
1498, 1498, 1498
[[-4.2892420e-02  9.5726162e-01  2.8511728e-01  2.3200000e+00]
 [ 3.3946220e-02 -2.8356442e-01  9.5801912e-01  1.2899000e+02]
 [ 9.9824312e-01  5.1021280e-02 -2.0007840e-02 -1.1680600e+03]
 [ 0.0000000e+00  0.0000000e+00  0.0000000e+00  1.0000000e+00]]
[-0129.74, +0083.33, -1078.46]
1124, 1124, 1124
[[-4.2519760e-02  9.5700660e-01  2.8616752e-01  2.3900000e+00]
 [ 3.3206520e-02 -2.8469960e-01  9.5775936e-01  1.2885000e+02]
 [ 9.9832400e-01  5.0438400e-02 -1.9398400e-02 -1.1680500e+03]
 [ 0.0000000e+00  0.0000000e+00  0.0000000e+00  1.0000000e+00]]
[-0133.96, +0081.59, -1064.52]
1498, 1498, 1498
[[-4.2892420e-02  9.5737592e-01  2.8502900e-01  2.3200000e+00]
 [ 3.3831920e-02 -2.8356442e-01  9.5813140e-01  1.2898000e+02]
 [ 9.9833140e-01  5.0909000e-02 -2.0007840e-02 -1.1680500e+03]
 [ 0.0000000e+00  0.0000000e+00  0.0000000e+00  1.0000000e+00]]
[-0130.10, +0083.29, -1078.62]
1311, 1311, 1311
[[-4.3153620e-02  9.5713034e-01  2.8588000e-01  2.3700000e+00]
 [ 3.2778340e-02 -2.8448338e-01  9.5792000e-01  1.2891000e+02]
 [ 9.9837440e-01  5.0859200e-02 -1.8901000e-02 -1.1680900e+03]
 [ 0.0000000e+00  0.0000000e+00  0.0000000e+00  1.0000000e+00]]
[-0133.49, +0083.17, -1071.44]
1498, 1498, 1498
[[-4.2840420e-02  9.5738142e-01  2.8503850e-01  2.3200000e+00]
 [ 3.4227580e-02 -2.8356042e-01  9.5812590e-01  1.2898000e+02]
 [ 9.9832590e-01  5.0966500e-02 -2.0409000e-02 -1.1680400e+03]
 [ 0.0000000e+00  0.0000000e+00  0.0000000e+00  1.0000000e+00]]
[-0130.12, +0083.66, -1078.60]
1685, 1685, 1685
[[-4.3090100e-02  9.5744058e-01  2.8466754e-01  2.2900000e+00]
 [ 3.5066820e-02 -2.8310338e-01  9.5818166e-01  1.2905000e+02]
 [ 9.9824766e-01  5.1471460e-02 -2.1115720e-02 -1.1680300e+03]
 [ 0.0000000e+00  0.0000000e+00  0.0000000e+00  1.0000000e+00]]
[-0129.51, +0083.78, -1085.63]
1498, 1498, 1498
[[-4.2663840e-02  9.5735740e-01  2.8523356e-01  2.3400000e+00]
 [ 3.4203560e-02 -2.8378504e-01  9.5809240e-01  1.2895000e+02]
 [ 9.9835940e-01  5.0771440e-02 -2.0457040e-02 -1.1680400e+03]
 [ 0.0000000e+00  0.0000000e+00  0.0000000e+00  1.0000000e+00]]
[-0131.16, +0082.20, -1078.39]
1872, 1872, 1872
[[-4.3340580e-02  9.5763984e-01  2.8400578e-01  2.2500000e+00]
 [ 3.5589040e-02 -2.8242192e-01  9.5838096e-01  1.2912000e+02]
 [ 9.9823182e-01  5.1832240e-02 -2.1598500e-02 -1.1680400e+03]
 [ 0.0000000e+00  0.0000000e+00  0.0000000e+00  1.0000000e+00]]
[-0128.21, +0084.02, -1092.68]
1498, 1498, 1498
[[-4.2310800e-02  9.5713276e-01  2.8539512e-01  2.3400000e+00]
 [ 3.3978920e-02 -2.8378504e-01  9.5786384e-01  1.2896000e+02]
 [ 9.9819784e-01  5.0542880e-02 -2.0104000e-02 -1.1680500e+03]
 [ 0.0000000e+00  0.0000000e+00  0.0000000e+00  1.0000000e+00]]
[-0131.66, +0081.41, -1078.39]
2059, 2059, 2059
[[-4.3237780e-02  9.5772858e-01  2.8341708e-01  2.2000000e+00]
 [ 3.5772420e-02 -2.8174066e-01  9.5846388e-01  1.2921000e+02]
 [ 9.9814308e-01  5.1852120e-02 -2.1727880e-02 -1.1680600e+03]
 [ 0.0000000e+00  0.0000000e+00  0.0000000e+00  1.0000000e+00]]
[-0128.68, +0083.23, -1100.05]
1498, 1498, 1498
[[-4.2715880e-02  9.5723760e-01  2.8531236e-01  2.3300000e+00]
 [ 3.3922200e-02 -2.8378900e-01  9.5798560e-01  1.2896000e+02]
 [ 9.9827664e-01  5.0826200e-02 -2.0055880e-02 -1.1680600e+03]
 [ 0.0000000e+00  0.0000000e+00  0.0000000e+00  1.0000000e+00]]
[-0131.27, +0081.82, -1078.41]
2246, 2246, 2246
[[-4.2298000e-02  9.5813760e-01  2.8228000e-01  2.1600000e+00]
 [ 3.7017600e-02 -2.8058912e-01  9.5879280e-01  1.2935000e+02]
 [ 9.9816800e-01  5.1247200e-02 -2.3287120e-02 -1.1680300e+03]
 [ 0.0000000e+00  0.0000000e+00  0.0000000e+00  1.0000000e+00]]
[-0129.95, +0081.98, -1107.34]
1498, 1498, 1498
[[-4.2663840e-02  9.5712884e-01  2.8541012e-01  2.3300000e+00]
 [ 3.4432120e-02 -2.8378504e-01  9.5786776e-01  1.2897000e+02]
 [ 9.9818284e-01  5.0996080e-02 -2.0457040e-02 -1.1680500e+03]
 [ 0.0000000e+00  0.0000000e+00  0.0000000e+00  1.0000000e+00]]
[-0131.33, +0082.06, -1078.36]
2433, 2433, 2433
[[-4.3057800e-02  9.5828938e-01  2.8180786e-01  2.1400000e+00]
 [ 3.7007780e-02 -2.8014340e-01  9.5898106e-01  1.2941000e+02]
 [ 9.9818066e-01  5.1920260e-02 -2.3145160e-02 -1.1680600e+03]
 [ 0.0000000e+00  0.0000000e+00  0.0000000e+00  1.0000000e+00]]
[-0130.16, +0082.35, -1109.46]
1685, 1685, 1685
[[-4.3193700e-02  9.5728912e-01  2.8493934e-01  2.3100000e+00]
 [ 3.4592400e-02 -2.8333584e-01  9.5804912e-01  1.2900000e+02]
 [ 9.9819650e-01  5.1500400e-02 -2.0537700e-02 -1.1680500e+03]
 [ 0.0000000e+00  0.0000000e+00  0.0000000e+00  1.0000000e+00]]
[-0133.04, +0083.25, -1085.56]
750, 750, 750
[[-4.2413700e-02  9.5655842e-01  2.8766426e-01  2.5000000e+00]
 [ 3.1007780e-02 -2.8630602e-01  9.5734874e-01  1.2865000e+02]
 [ 9.9839534e-01  4.9740140e-02 -1.7236680e-02 -1.1681200e+03]
 [ 0.0000000e+00  0.0000000e+00  0.0000000e+00  1.0000000e+00]]
[-0136.59, +0081.77, -1050.04]
1685, 1685, 1685
[[-4.3090100e-02  9.5732634e-01  2.8475592e-01  2.2900000e+00]
 [ 3.5181060e-02 -2.8310338e-01  9.5806936e-01  1.2905000e+02]
 [ 9.9815928e-01  5.1583760e-02 -2.1115720e-02 -1.1680400e+03]
 [ 0.0000000e+00  0.0000000e+00  0.0000000e+00  1.0000000e+00]]
[-0129.00, +0084.65, -1085.54]
937, 937, 937
[[-4.2272320e-02  9.5669256e-01  2.8691776e-01  2.4400000e+00]
 [ 3.2798160e-02 -2.8538178e-01  9.5744652e-01  1.2876000e+02]
 [ 9.9825184e-01  5.0188680e-02 -1.8918100e-02 -1.1680500e+03]
 [ 0.0000000e+00  0.0000000e+00  0.0000000e+00  1.0000000e+00]]
[-0135.17, +0081.45, -1057.28]
1685, 1685, 1685
[[-4.3017040e-02  9.5754564e-01  2.8455252e-01  2.3000000e+00]
 [ 3.3934680e-02 -2.8311130e-01  9.5830314e-01  1.2905000e+02]
 [ 9.9835476e-01  5.1017820e-02 -2.0136500e-02 -1.1680600e+03]
 [ 0.0000000e+00  0.0000000e+00  0.0000000e+00  1.0000000e+00]]
[-0129.07, +0084.60, -1085.54]
1124, 1124, 1124
[[-4.2291060e-02  9.5712832e-01  2.8608138e-01  2.4000000e+00]
 [ 3.3261120e-02 -2.8469556e-01  9.5786432e-01  1.2884000e+02]
 [ 9.9841418e-01  5.0157120e-02 -1.9623060e-02 -1.1680600e+03]
 [ 0.0000000e+00  0.0000000e+00  0.0000000e+00  1.0000000e+00]]
[-0133.64, +0081.47, -1064.54]
1685, 1685, 1685
[[-4.3038420e-02  9.5744632e-01  2.8467712e-01  2.2900000e+00]
 [ 3.5462480e-02 -2.8309954e-01  9.5817592e-01  1.2905000e+02]
 [ 9.9824192e-01  5.1528880e-02 -2.1517120e-02 -1.1680300e+03]
 [ 0.0000000e+00  0.0000000e+00  0.0000000e+00  1.0000000e+00]]
[-0129.43, +0084.89, -1085.57]
1311, 1311, 1311
[[-4.2591540e-02  9.5718200e-01  2.8570054e-01  2.3700000e+00]
 [ 3.3705040e-02 -2.8424224e-01  9.5792600e-01  1.2890000e+02]
 [ 9.9834170e-01  5.0605040e-02 -1.9927540e-02 -1.1680500e+03]
 [ 0.0000000e+00  0.0000000e+00  0.0000000e+00  1.0000000e+00]]
[-0133.24, +0082.97, -1071.50]
1685, 1685, 1685
[[-4.2279780e-02  9.5745958e-01  2.8465614e-01  2.3000000e+00]
 [ 3.4951980e-02 -2.8309578e-01  9.5816266e-01  1.2905000e+02]
 [ 9.9826666e-01  5.0680140e-02 -2.1211560e-02 -1.1680300e+03]
 [ 0.0000000e+00  0.0000000e+00  0.0000000e+00  1.0000000e+00]]
[-0129.08, +0084.63, -1085.55]
1498, 1498, 1498
[[-4.2892420e-02  9.5723560e-01  2.8531986e-01  2.3300000e+00]
 [ 3.4148800e-02 -2.8378900e-01  9.5798760e-01  1.2896000e+02]
 [ 9.9826914e-01  5.1052800e-02 -2.0232420e-02 -1.1680600e+03]
 [ 0.0000000e+00  0.0000000e+00  0.0000000e+00  1.0000000e+00]]
[-0131.59, +0081.85, -1078.45]
1685, 1685, 1685
[[-4.2508200e-02  9.5745202e-01  2.8465426e-01  2.3000000e+00]
 [ 3.4782860e-02 -2.8309954e-01  9.5817022e-01  1.2905000e+02]
 [ 9.9826478e-01  5.0849260e-02 -2.0986900e-02 -1.1680400e+03]
 [ 0.0000000e+00  0.0000000e+00  0.0000000e+00  1.0000000e+00]]
[-0129.24, +0084.25, -1085.61]
1872, 1872, 1872
[[-4.2986820e-02  9.5764368e-01  2.8399042e-01  2.2600000e+00]
 [ 3.5136080e-02 -2.8242192e-01  9.5837712e-01  1.2912000e+02]
 [ 9.9824718e-01  5.1379280e-02 -2.1244740e-02 -1.1680400e+03]
 [ 0.0000000e+00  0.0000000e+00  0.0000000e+00  1.0000000e+00]]
[-0128.28, +0084.17, -1092.69]
1685, 1685, 1685
[[-4.2715880e-02  9.5726364e-01  2.8510980e-01  2.3200000e+00]
 [ 3.3719640e-02 -2.8356442e-01  9.5801710e-01  1.2899000e+02]
 [ 9.9825060e-01  5.0794700e-02 -1.9831300e-02 -1.1680500e+03]
 [ 0.0000000e+00  0.0000000e+00  0.0000000e+00  1.0000000e+00]]
[-0131.42, +0083.66, -1085.51]
2059, 2059, 2059
[[-4.3186500e-02  9.5784860e-01  2.8333820e-01  2.2100000e+00]
 [ 3.6053960e-02 -2.8173690e-01  9.5857028e-01  1.2920000e+02]
 [ 9.9822572e-01  5.1797000e-02 -2.2129440e-02 -1.1680400e+03]
 [ 0.0000000e+00  0.0000000e+00  0.0000000e+00  1.0000000e+00]]
[-0128.55, +0083.43, -1100.10]
1685, 1685, 1685
[[-4.2435300e-02  9.5727662e-01  2.8512124e-01  2.3200000e+00]
 [ 3.4284340e-02 -2.8355650e-01  9.5800412e-01  1.2900000e+02]
 [ 9.9824708e-01  5.0683160e-02 -2.0457040e-02 -1.1680500e+03]
 [ 0.0000000e+00  0.0000000e+00  0.0000000e+00  1.0000000e+00]]
[-0133.03, +0082.86, -1085.66]
2246, 2246, 2246
[[-4.2754080e-02  9.5812200e-01  2.8227656e-01  2.1600000e+00]
 [ 3.6678800e-02 -2.8059600e-01  9.5880840e-01  1.2935000e+02]
 [ 9.9816456e-01  5.1586000e-02 -2.2837920e-02 -1.1680600e+03]
 [ 0.0000000e+00  0.0000000e+00  0.0000000e+00  1.0000000e+00]]
[-0129.94, +0082.05, -1107.32]
1685, 1685, 1685
[[-4.2611880e-02  9.5738894e-01  2.8504046e-01  2.3200000e+00]
 [ 3.4396660e-02 -2.8355650e-01  9.5811838e-01  1.2900000e+02]
 [ 9.9832786e-01  5.0797420e-02 -2.0633620e-02 -1.1680300e+03]
 [ 0.0000000e+00  0.0000000e+00  0.0000000e+00  1.0000000e+00]]
[-0132.57, +0082.87, -1085.66]
2433, 2433, 2433
[[-4.2779140e-02  9.5830342e-01  2.8181918e-01  2.1400000e+00]
 [ 3.7572980e-02 -2.8013652e-01  9.5896702e-01  1.2941000e+02]
 [ 9.9817622e-01  5.1807620e-02 -2.3771620e-02 -1.1680300e+03]
 [ 0.0000000e+00  0.0000000e+00  0.0000000e+00  1.0000000e+00]]
[-0130.06, +0082.34, -1109.49]
1872, 1872, 1872
[[-4.2279780e-02  9.5754792e-01  2.8477034e-01  2.3000000e+00]
 [ 3.5040320e-02 -2.8332048e-01  9.5824344e-01  1.2904000e+02]
 [ 9.9838086e-01  5.0599360e-02 -2.1436260e-02 -1.1680300e+03]
 [ 0.0000000e+00  0.0000000e+00  0.0000000e+00  1.0000000e+00]]
[-0133.60, +0082.68, -1093.12]
750, 750, 750
[[-4.1902660e-02  9.5657768e-01  2.8767788e-01  2.5000000e+00]
 [ 3.1740880e-02 -2.8629306e-01  9.5732948e-01  1.2866000e+02]
 [ 9.9839468e-01  4.9460680e-02 -1.8086560e-02 -1.1680600e+03]
 [ 0.0000000e+00  0.0000000e+00  0.0000000e+00  1.0000000e+00]]
[-0136.78, +0081.44, -1050.07]
1872, 1872, 1872
[[-4.2986820e-02  9.5761790e-01  2.8419304e-01  2.2800000e+00]
 [ 3.5338700e-02 -2.8264650e-01  9.5834560e-01  1.2909000e+02]
 [ 9.9827296e-01  5.1410800e-02 -2.1469320e-02 -1.1680300e+03]
 [ 0.0000000e+00  0.0000000e+00  0.0000000e+00  1.0000000e+00]]
[-0128.36, +0083.64, -1092.74]
937, 937, 937
[[-4.2272320e-02  9.5689504e-01  2.8694408e-01  2.4500000e+00]
 [ 3.2771840e-02 -2.8560648e-01  9.5763964e-01  1.2876000e+02]
 [ 9.9845432e-01  4.9995560e-02 -1.9142800e-02 -1.1680400e+03]
 [ 0.0000000e+00  0.0000000e+00  0.0000000e+00  1.0000000e+00]]
[-0135.04, +0081.41, -1057.29]
1872, 1872, 1872
[[-4.3038420e-02  9.5749796e-01  2.8427188e-01  2.2700000e+00]
 [ 3.5057240e-02 -2.8265034e-01  9.5823904e-01  1.2911000e+02]
 [ 9.9819028e-01  5.1465760e-02 -2.1067920e-02 -1.1680600e+03]
 [ 0.0000000e+00  0.0000000e+00  0.0000000e+00  1.0000000e+00]]
[-0128.43, +0083.78, -1092.68]
1124, 1124, 1124
[[-4.2643780e-02  9.5700998e-01  2.8618438e-01  2.4000000e+00]
 [ 3.3828820e-02 -2.8469556e-01  9.5775598e-01  1.2884000e+02]
 [ 9.9831118e-01  5.0722820e-02 -1.9975780e-02 -1.1680300e+03]
 [ 0.0000000e+00  0.0000000e+00  0.0000000e+00  1.0000000e+00]]
[-0133.90, +0081.21, -1064.58]
1872, 1872, 1872
[[-4.2581620e-02  9.5753902e-01  2.8407310e-01  2.2600000e+00]
 [ 3.5192980e-02 -2.8241812e-01  9.5825530e-01  1.2912000e+02]
 [ 9.9816830e-01  5.1095900e-02 -2.1292500e-02 -1.1680500e+03]
 [ 0.0000000e+00  0.0000000e+00  0.0000000e+00  1.0000000e+00]]
[-0128.51, +0084.11, -1092.74]
1311, 1311, 1311
[[-4.2415120e-02  9.5706968e-01  2.8578132e-01  2.3700000e+00]
 [ 3.3592720e-02 -2.8424224e-01  9.5781168e-01  1.2890000e+02]
 [ 9.9826092e-01  5.0490720e-02 -1.9751120e-02 -1.1680700e+03]
 [ 0.0000000e+00  0.0000000e+00  0.0000000e+00  1.0000000e+00]]
[-0132.97, +0082.67, -1071.58]
1872, 1872, 1872
[[-4.263322e-02  9.576217e-01  2.841778e-01  2.280000e+00]
 [ 3.488570e-02 -2.826465e-01  9.583418e-01  1.291000e+02]
 [ 9.982882e-01  5.095780e-02 -2.111572e-02 -1.168060e+03]
 [ 0.000000e+00  0.000000e+00  0.000000e+00  1.000000e+00]]
[-0128.35, +0084.40, -1092.67]
1498, 1498, 1498
[[-4.2435300e-02  9.5725064e-01  2.8532378e-01  2.3600000e+00]
 [ 3.4486880e-02 -2.8378116e-01  9.5797256e-01  1.2895000e+02]
 [ 9.9827306e-01  5.0714720e-02 -2.0681700e-02 -1.1680300e+03]
 [ 0.0000000e+00  0.0000000e+00  0.0000000e+00  1.0000000e+00]]
[-0131.43, +0082.12, -1078.51]
1872, 1872, 1872
[[-4.2758440e-02  9.5753714e-01  2.8408074e-01  2.2600000e+00]
 [ 3.5419460e-02 -2.8241812e-01  9.5825718e-01  1.2912000e+02]
 [ 9.9816066e-01  5.1322380e-02 -2.1469320e-02 -1.1680400e+03]
 [ 0.0000000e+00  0.0000000e+00  0.0000000e+00  1.0000000e+00]]
[-0128.37, +0084.19, -1092.70]
1685, 1685, 1685
[[-4.2383380e-02  9.5739646e-01  2.8504238e-01  2.3300000e+00]
 [ 3.4565740e-02 -2.8355266e-01  9.5811086e-01  1.2900000e+02]
 [ 9.9832978e-01  5.0628340e-02 -2.0858280e-02 -1.1680300e+03]
 [ 0.0000000e+00  0.0000000e+00  0.0000000e+00  1.0000000e+00]]
[-0131.33, +0083.38, -1085.52]
1872, 1872, 1872
[[-4.2684900e-02  9.5773028e-01  2.8407996e-01  2.2600000e+00]
 [ 3.4375800e-02 -2.8265034e-01  9.5845972e-01  1.2911000e+02]
 [ 9.9838220e-01  5.0788200e-02 -2.0714400e-02 -1.1680600e+03]
 [ 0.0000000e+00  0.0000000e+00  0.0000000e+00  1.0000000e+00]]
[-0128.63, +0084.17, -1092.71]
2059, 2059, 2059
[[-4.3112200e-02  9.5783890e-01  2.8331130e-01  2.2200000e+00]
 [ 3.5036140e-02 -2.8174450e-01  9.5857998e-01  1.2920000e+02]
 [ 9.9824502e-01  5.1456300e-02 -2.1149460e-02 -1.1680900e+03]
 [ 0.0000000e+00  0.0000000e+00  0.0000000e+00  1.0000000e+00]]
[-0128.69, +0083.52, -1100.15]
1872, 1872, 1872
[[-4.2788500e-02  9.5743888e-01  2.8464284e-01  2.3000000e+00]
 [ 3.4218080e-02 -2.8310730e-01  9.5818336e-01  1.2903000e+02]
 [ 9.9826844e-01  5.0960960e-02 -2.0361040e-02 -1.1680700e+03]
 [ 0.0000000e+00  0.0000000e+00  0.0000000e+00  1.0000000e+00]]
[-0130.84, +0084.15, -1092.64]
2246, 2246, 2246
[[-4.2399760e-02  9.5821408e-01  2.8237508e-01  2.1800000e+00]
 [ 3.6314720e-02 -2.8082058e-01  9.5888572e-01  1.2933000e+02]
 [ 9.9829412e-01  5.1052520e-02 -2.2708180e-02 -1.1680400e+03]
 [ 0.0000000e+00  0.0000000e+00  0.0000000e+00  1.0000000e+00]]
[-0130.05, +0082.09, -1107.41]
1872, 1872, 1872
[[-4.2788500e-02  9.5743888e-01  2.8464284e-01  2.3000000e+00]
 [ 3.4218080e-02 -2.8310730e-01  9.5818336e-01  1.2902000e+02]
 [ 9.9826844e-01  5.0960960e-02 -2.0361040e-02 -1.1680500e+03]
 [ 0.0000000e+00  0.0000000e+00  0.0000000e+00  1.0000000e+00]]
[-0132.79, +0083.30, -1092.96]
2433, 2433, 2433
[[-4.2601800e-02  9.5830510e-01  2.8181130e-01  2.1600000e+00]
 [ 3.7346700e-02 -2.8013652e-01  9.5896534e-01  1.2940000e+02]
 [ 9.9818410e-01  5.1581340e-02 -2.3594280e-02 -1.1680700e+03]
 [ 0.0000000e+00  0.0000000e+00  0.0000000e+00  1.0000000e+00]]
[-0129.99, +0082.31, -1109.55]
2059, 2059, 2059
[[-4.3775720e-02  9.5755788e-01  2.8437048e-01  2.2800000e+00]
 [ 3.4242480e-02 -2.8289092e-01  9.5834828e-01  1.2907000e+02]
 [ 9.9830412e-01  5.1835120e-02 -2.0217640e-02 -1.1680800e+03]
 [ 0.0000000e+00  0.0000000e+00  0.0000000e+00  1.0000000e+00]]
[-0132.64, +0082.94, -1100.33]
750, 750, 750
[[-4.2307540e-02  9.5668286e-01  2.8759496e-01  2.5200000e+00]
 [ 3.1684460e-02 -2.8629730e-01  9.5745112e-01  1.2866000e+02]
 [ 9.9847336e-01  4.9743920e-02 -1.8037800e-02 -1.1680600e+03]
 [ 0.0000000e+00  0.0000000e+00  0.0000000e+00  1.0000000e+00]]
[-0136.60, +0081.44, -1050.09]
2059, 2059, 2059
[[-4.3186500e-02  9.5787422e-01  2.8313554e-01  2.2200000e+00]
 [ 3.5851300e-02 -2.8151236e-01  9.5860178e-01  1.2920000e+02]
 [ 9.9820010e-01  5.1765500e-02 -2.1904900e-02 -1.1680700e+03]
 [ 0.0000000e+00  0.0000000e+00  0.0000000e+00  1.0000000e+00]]
[-0128.63, +0083.33, -1100.09]
937, 937, 937
[[-4.2043540e-02  9.5681426e-01  2.8683172e-01  2.4500000e+00]
 [ 3.2852620e-02 -2.8537770e-01  9.5755156e-01  1.2876000e+02]
 [ 9.9834196e-01  4.9907480e-02 -1.9142800e-02 -1.1680500e+03]
 [ 0.0000000e+00  0.0000000e+00  0.0000000e+00  1.0000000e+00]]
[-0135.10, +0081.75, -1057.36]
2059, 2059, 2059
[[-4.3009480e-02  9.5787610e-01  2.8312782e-01  2.2300000e+00]
 [ 3.5624900e-02 -2.8151236e-01  9.5859990e-01  1.2921000e+02]
 [ 9.9820782e-01  5.1539100e-02 -2.1727880e-02 -1.1680800e+03]
 [ 0.0000000e+00  0.0000000e+00  0.0000000e+00  1.0000000e+00]]
[-0129.06, +0083.21, -1100.07]
1124, 1124, 1124
[[-4.2291060e-02  9.5712832e-01  2.8608138e-01  2.4100000e+00]
 [ 3.3261120e-02 -2.8469556e-01  9.5786432e-01  1.2884000e+02]
 [ 9.9841418e-01  5.0157120e-02 -1.9623060e-02 -1.1680700e+03]
 [ 0.0000000e+00  0.0000000e+00  0.0000000e+00  1.0000000e+00]]
[-0133.17, +0081.44, -1064.58]
2059, 2059, 2059
[[-4.2883860e-02  9.5784654e-01  2.8331322e-01  2.2200000e+00]
 [ 3.5205420e-02 -2.8174066e-01  9.5857234e-01  1.2920000e+02]
 [ 9.9824694e-01  5.1287020e-02 -2.1373960e-02 -1.1680700e+03]
 [ 0.0000000e+00  0.0000000e+00  0.0000000e+00  1.0000000e+00]]
[-0128.83, +0083.41, -1100.13]
1311, 1311, 1311
[[-4.3048900e-02  9.5716712e-01  2.8569646e-01  2.3700000e+00]
 [ 3.3367040e-02 -2.8425040e-01  9.5794088e-01  1.2890000e+02]
 [ 9.9833762e-01  5.0943040e-02 -1.9478340e-02 -1.1680600e+03]
 [ 0.0000000e+00  0.0000000e+00  0.0000000e+00  1.0000000e+00]]
[-0132.40, +0082.81, -1071.66]
2059, 2059, 2059
[[-4.3186500e-02  9.5784860e-01  2.8333820e-01  2.2200000e+00]
 [ 3.6053960e-02 -2.8173690e-01  9.5857028e-01  1.2920000e+02]
 [ 9.9822572e-01  5.1797000e-02 -2.2129440e-02 -1.1680600e+03]
 [ 0.0000000e+00  0.0000000e+00  0.0000000e+00  1.0000000e+00]]
[-0128.65, +0083.60, -1100.22]
1498, 1498, 1498
[[-4.1905800e-02  9.5728244e-01  2.8509892e-01  2.3600000e+00]
 [ 3.3604600e-02 -2.8355650e-01  9.5799830e-01  1.2895000e+02]
 [ 9.9826940e-01  5.0003420e-02 -1.9927540e-02 -1.1680400e+03]
 [ 0.0000000e+00  0.0000000e+00  0.0000000e+00  1.0000000e+00]]
[-0131.23, +0082.00, -1078.46]
2059, 2059, 2059
[[-4.3237780e-02  9.5772858e-01  2.8341708e-01  2.2300000e+00]
 [ 3.5772420e-02 -2.8174066e-01  9.5846388e-01  1.2920000e+02]
 [ 9.9814308e-01  5.1852120e-02 -2.1727880e-02 -1.1680600e+03]
 [ 0.0000000e+00  0.0000000e+00  0.0000000e+00  1.0000000e+00]]
[-0126.73, +0082.49, -1099.66]
1685, 1685, 1685
[[-4.2030260e-02  9.5751450e-01  2.8493916e-01  2.3300000e+00]
 [ 3.3998340e-02 -2.8355266e-01  9.5821940e-01  1.2900000e+02]
 [ 9.9843300e-01  5.0062840e-02 -2.0505160e-02 -1.1680500e+03]
 [ 0.0000000e+00  0.0000000e+00  0.0000000e+00  1.0000000e+00]]
[-0132.42, +0083.06, -1085.66]
2059, 2059, 2059
[[-4.2604240e-02  9.5797412e-01  2.8323612e-01  2.2300000e+00]
 [ 3.5656280e-02 -2.8173322e-01  9.5867118e-01  1.2919000e+02]
 [ 9.9833148e-01  5.1062580e-02 -2.2000020e-02 -1.1680300e+03]
 [ 0.0000000e+00  0.0000000e+00  0.0000000e+00  1.0000000e+00]]
[-0128.51, +0083.70, -1100.15]
1872, 1872, 1872
[[-4.2560000e-02  9.5744640e-01  2.8464480e-01  2.3100000e+00]
 [ 3.4387200e-02 -2.8310338e-01  9.5817584e-01  1.2903000e+02]
 [ 9.9827040e-01  5.0791840e-02 -2.0585620e-02 -1.1680500e+03]
 [ 0.0000000e+00  0.0000000e+00  0.0000000e+00  1.0000000e+00]]
[-0130.51, +0084.11, -1092.65]
2059, 2059, 2059
[[-4.2655560e-02  9.5785418e-01  2.8331510e-01  2.2200000e+00]
 [ 3.5374700e-02 -2.8173690e-01  9.5856470e-01  1.2920000e+02]
 [ 9.9824882e-01  5.1117740e-02 -2.1598500e-02 -1.1680600e+03]
 [ 0.0000000e+00  0.0000000e+00  0.0000000e+00  1.0000000e+00]]
[-0128.81, +0083.85, -1100.16]
2246, 2246, 2246
[[-4.3513960e-02  9.5819746e-01  2.8241242e-01  2.1800000e+00]
 [ 3.7277020e-02 -2.8082410e-01  9.5890234e-01  1.2934000e+02]
 [ 9.9825326e-01  5.2353620e-02 -2.3369700e-02 -1.1680600e+03]
 [ 0.0000000e+00  0.0000000e+00  0.0000000e+00  1.0000000e+00]]
[-0130.07, +0082.08, -1107.42]
2059, 2059, 2059
[[-4.3090100e-02  9.5760654e-01  2.8417392e-01  2.2800000e+00]
 [ 3.4547340e-02 -2.8265426e-01  9.5835696e-01  1.2908000e+02]
 [ 9.9828432e-01  5.1296160e-02 -2.0666600e-02 -1.1680600e+03]
 [ 0.0000000e+00  0.0000000e+00  0.0000000e+00  1.0000000e+00]]
[-0130.25, +0083.59, -1100.09]
2433, 2433, 2433
[[-4.2652480e-02  9.5838760e-01  2.8191576e-01  2.1600000e+00]
 [ 3.7039600e-02 -2.8036450e-01  9.5905230e-01  1.2939000e+02]
 [ 9.9830424e-01  5.1443700e-02 -2.3416980e-02 -1.1680700e+03]
 [ 0.0000000e+00  0.0000000e+00  0.0000000e+00  1.0000000e+00]]
[-0130.04, +0082.42, -1109.59]
2246, 2246, 2246
[[-4.3289140e-02  9.5781126e-01  2.8352162e-01  2.2400000e+00]
 [ 3.5465220e-02 -2.8196900e-01  9.5855046e-01  1.2917000e+02]
 [ 9.9826306e-01  5.1714180e-02 -2.1550900e-02 -1.1680600e+03]
 [ 0.0000000e+00  0.0000000e+00  0.0000000e+00  1.0000000e+00]]
[-0129.64, +0083.54, -1106.82]
750, 750, 750
[[-4.1955700e-02  9.5657266e-01  2.8766862e-01  2.5200000e+00]
 [ 3.1345300e-02 -2.8629730e-01  9.5733450e-01  1.2866000e+02]
 [ 9.9839970e-01  4.9402620e-02 -1.7685960e-02 -1.1681000e+03]
 [ 0.0000000e+00  0.0000000e+00  0.0000000e+00  1.0000000e+00]]
[-0136.72, +0081.61, -1050.16]
2246, 2246, 2246
[[-4.2703240e-02  9.5815348e-01  2.8208348e-01  2.1700000e+00]
 [ 3.6871880e-02 -2.8036794e-01  9.5883382e-01  1.2935000e+02]
 [ 9.9813308e-01  5.1611420e-02 -2.3015140e-02 -1.1680400e+03]
 [ 0.0000000e+00  0.0000000e+00  0.0000000e+00  1.0000000e+00]]
[-0130.16, +0082.05, -1107.41]
937, 937, 937
[[-4.2448500e-02  9.5677860e-01  2.8703950e-01  2.4600000e+00]
 [ 3.3113000e-02 -2.8560648e-01  9.5752932e-01  1.2875000e+02]
 [ 9.9835890e-01  5.0334680e-02 -1.9318980e-02 -1.1680600e+03]
 [ 0.0000000e+00  0.0000000e+00  0.0000000e+00  1.0000000e+00]]
[-0134.83, +0081.77, -1057.34]
2246, 2246, 2246
[[-4.2703240e-02  9.5812808e-01  2.8228612e-01  2.1700000e+00]
 [ 3.7074520e-02 -2.8059252e-01  9.5880232e-01  1.2935000e+02]
 [ 9.9815848e-01  5.1642920e-02 -2.3239720e-02 -1.1680500e+03]
 [ 0.0000000e+00  0.0000000e+00  0.0000000e+00  1.0000000e+00]]
[-0130.15, +0082.12, -1107.42]
1124, 1124, 1124
[[-4.2343460e-02  9.5709678e-01  2.8627452e-01  2.4100000e+00]
 [ 3.3067980e-02 -2.8492426e-01  9.5783812e-01  1.2885000e+02]
 [ 9.9844572e-01  5.0130920e-02 -1.9446760e-02 -1.1680600e+03]
 [ 0.0000000e+00  0.0000000e+00  0.0000000e+00  1.0000000e+00]]
[-0133.62, +0081.39, -1064.65]
2246, 2246, 2246
[[-4.2754080e-02  9.5823604e-01  2.8218796e-01  2.1800000e+00]
 [ 3.6564760e-02 -2.8059600e-01  9.5892068e-01  1.2934000e+02]
 [ 9.9825316e-01  5.1473720e-02 -2.2837920e-02 -1.1680600e+03]
 [ 0.0000000e+00  0.0000000e+00  0.0000000e+00  1.0000000e+00]]
[-0130.31, +0082.09, -1107.46]
1311, 1311, 1311
[[-4.2715880e-02  9.5707122e-01  2.8580574e-01  2.3700000e+00]
 [ 3.4441620e-02 -2.8423828e-01  9.5781014e-01  1.2892000e+02]
 [ 9.9824046e-01  5.1001660e-02 -2.0505160e-02 -1.1680500e+03]
 [ 0.0000000e+00  0.0000000e+00  0.0000000e+00  1.0000000e+00]]
[-0132.41, +0082.49, -1071.73]
2246, 2246, 2246
[[-4.2880500e-02  9.5824038e-01  2.8220534e-01  2.1800000e+00]
 [ 3.7186820e-02 -2.8059252e-01  9.5891634e-01  1.2936000e+02]
 [ 9.9823926e-01  5.1756940e-02 -2.3416980e-02 -1.1680700e+03]
 [ 0.0000000e+00  0.0000000e+00  0.0000000e+00  1.0000000e+00]]
[-0130.13, +0082.04, -1107.41]
1498, 1498, 1498
[[-4.2944500e-02  9.5723012e-01  2.8531034e-01  2.3600000e+00]
 [ 3.3753160e-02 -2.8379304e-01  9.5799308e-01  1.2896000e+02]
 [ 9.9827462e-01  5.0995240e-02 -1.9831300e-02 -1.1680900e+03]
 [ 0.0000000e+00  0.0000000e+00  0.0000000e+00  1.0000000e+00]]
[-0131.56, +0081.65, -1078.49]
2246, 2246, 2246
[[-4.2982180e-02  9.5811420e-01  2.8227478e-01  2.1800000e+00]
 [ 3.6509400e-02 -2.8059956e-01  9.5881620e-01  1.2934000e+02]
 [ 9.9816278e-01  5.1755400e-02 -2.2613380e-02 -1.1680700e+03]
 [ 0.0000000e+00  0.0000000e+00  0.0000000e+00  1.0000000e+00]]
[-0130.14, +0081.95, -1107.43]
1685, 1685, 1685
[[-4.3017040e-02  9.5729112e-01  2.8493176e-01  2.3300000e+00]
 [ 3.4365840e-02 -2.8333584e-01  9.5804712e-01  1.2901000e+02]
 [ 9.9820408e-01  5.1273840e-02 -2.0361040e-02 -1.1680700e+03]
 [ 0.0000000e+00  0.0000000e+00  0.0000000e+00  1.0000000e+00]]
[-0133.00, +0082.74, -1085.70]
2246, 2246, 2246
[[-4.2754080e-02  9.5823604e-01  2.8218796e-01  2.1800000e+00]
 [ 3.6564760e-02 -2.8059600e-01  9.5892068e-01  1.2934000e+02]
 [ 9.9825316e-01  5.1473720e-02 -2.2837920e-02 -1.1680700e+03]
 [ 0.0000000e+00  0.0000000e+00  0.0000000e+00  1.0000000e+00]]
[-0130.10, +0082.13, -1107.42]
1872, 1872, 1872
[[-4.2103120e-02  9.5746144e-01  2.8464860e-01  2.3100000e+00]
 [ 3.4725440e-02 -2.8309578e-01  9.5816080e-01  1.2904000e+02]
 [ 9.9827420e-01  5.0453600e-02 -2.1034900e-02 -1.1680400e+03]
 [ 0.0000000e+00  0.0000000e+00  0.0000000e+00  1.0000000e+00]]
[-0133.56, +0083.24, -1093.19]
2246, 2246, 2246
[[-4.2703240e-02  9.5824210e-01  2.8219750e-01  2.1800000e+00]
 [ 3.6960500e-02 -2.8059252e-01  9.5891462e-01  1.2933000e+02]
 [ 9.9824710e-01  5.1530620e-02 -2.3239720e-02 -1.1680500e+03]
 [ 0.0000000e+00  0.0000000e+00  0.0000000e+00  1.0000000e+00]]
[-0130.21, +0082.20, -1107.44]
2059, 2059, 2059
[[-4.3266880e-02  9.5749032e-01  2.8426992e-01  2.2800000e+00]
 [ 3.4888080e-02 -2.8265426e-01  9.5824668e-01  1.2908000e+02]
 [ 9.9818832e-01  5.1634920e-02 -2.0843380e-02 -1.1680700e+03]
 [ 0.0000000e+00  0.0000000e+00  0.0000000e+00  1.0000000e+00]]
[-0130.62, +0083.72, -1100.16]
2246, 2246, 2246
[[-4.2399760e-02  9.5812552e-01  2.8226104e-01  2.1800000e+00]
 [ 3.6226160e-02 -2.8059600e-01  9.5880488e-01  1.2933000e+02]
 [ 9.9818008e-01  5.1133360e-02 -2.2483600e-02 -1.1680700e+03]
 [ 0.0000000e+00  0.0000000e+00  0.0000000e+00  1.0000000e+00]]
[-0130.23, +0082.18, -1107.43]
2433, 2433, 2433
[[-4.2475220e-02  9.5830068e-01  2.8179396e-01  2.1700000e+00]
 [ 3.6724680e-02 -2.8013992e-01  9.5896976e-01  1.2939000e+02]
 [ 9.9819804e-01  5.1298240e-02 -2.3015140e-02 -1.1680700e+03]
 [ 0.0000000e+00  0.0000000e+00  0.0000000e+00  1.0000000e+00]]
[-0130.05, +0082.26, -1109.59]
2433, 2433, 2433
[[-4.3007120e-02  9.5829552e-01  2.8181748e-01  2.1800000e+00]
 [ 3.7403520e-02 -2.8013992e-01  9.5897492e-01  1.2939000e+02]
 [ 9.9817452e-01  5.1977080e-02 -2.3547040e-02 -1.1680600e+03]
 [ 0.0000000e+00  0.0000000e+00  0.0000000e+00  1.0000000e+00]]
[-0130.05, +0082.21, -1109.59]
750, 750, 750
[[-4.1726760e-02  9.5666772e-01  2.8778520e-01  2.5300000e+00]
 [ 3.1602000e-02 -2.8651780e-01  9.5740820e-01  1.2865000e+02]
 [ 9.9851628e-01  4.9153040e-02 -1.8135400e-02 -1.1680700e+03]
 [ 0.0000000e+00  0.0000000e+00  0.0000000e+00  1.0000000e+00]]
[-0136.53, +0081.65, -1050.18]
2433, 2433, 2433
[[-4.2424500e-02  9.5833212e-01  2.8160084e-01  2.1600000e+00]
 [ 3.6917800e-02 -2.7991194e-01  9.5899512e-01  1.2941000e+02]
 [ 9.9816660e-01  5.1323600e-02 -2.3192400e-02 -1.1680600e+03]
 [ 0.0000000e+00  0.0000000e+00  0.0000000e+00  1.0000000e+00]]
[-0130.14, +0082.18, -1109.47]
937, 937, 937
[[-4.1814800e-02  9.5690964e-01  2.8694808e-01  2.4700000e+00]
 [ 3.3109560e-02 -2.8559848e-01  9.5762504e-01  1.2875000e+02]
 [ 9.9845832e-01  4.9657840e-02 -1.9592320e-02 -1.1680400e+03]
 [ 0.0000000e+00  0.0000000e+00  0.0000000e+00  1.0000000e+00]]
[-0134.64, +0081.59, -1057.32]
2433, 2433, 2433
[[-4.2019300e-02  9.5831624e-01  2.8179732e-01  2.1600000e+00]
 [ 3.7063600e-02 -2.8013320e-01  9.5895420e-01  1.2940000e+02]
 [ 9.9820140e-01  5.0959320e-02 -2.3464340e-02 -1.1680500e+03]
 [ 0.0000000e+00  0.0000000e+00  0.0000000e+00  1.0000000e+00]]
[-0130.24, +0082.14, -1109.54]
1124, 1124, 1124
[[-4.2062400e-02  9.5702136e-01  2.8617152e-01  2.4200000e+00]
 [ 3.3544400e-02 -2.8469160e-01  9.5774460e-01  1.2885000e+02]
 [ 9.9832800e-01  5.0100520e-02 -1.9847760e-02 -1.1680600e+03]
 [ 0.0000000e+00  0.0000000e+00  0.0000000e+00  1.0000000e+00]]
[-0133.28, +0081.11, -1064.67]
2433, 2433, 2433
[[-4.3235140e-02  9.5831296e-01  2.8161304e-01  2.1600000e+00]
 [ 3.7031360e-02 -2.7991890e-01  9.5901428e-01  1.2941000e+02]
 [ 9.9814744e-01  5.2115080e-02 -2.3098000e-02 -1.1680900e+03]
 [ 0.0000000e+00  0.0000000e+00  0.0000000e+00  1.0000000e+00]]
[-0130.10, +0082.29, -1109.58]
1311, 1311, 1311
[[-4.2362920e-02  9.5710122e-01  2.8558822e-01  2.3800000e+00]
 [ 3.3785820e-02 -2.8401362e-01  9.5783778e-01  1.2891000e+02]
 [ 9.9822938e-01  5.0516820e-02 -1.9927540e-02 -1.1680600e+03]
 [ 0.0000000e+00  0.0000000e+00  0.0000000e+00  1.0000000e+00]]
[-0132.49, +0082.27, -1071.73]
2433, 2433, 2433
[[-4.2601800e-02  9.5841908e-01  2.8172264e-01  2.1700000e+00]
 [ 3.7232720e-02 -2.8013652e-01  9.5907764e-01  1.2941000e+02]
 [ 9.9827276e-01  5.1469040e-02 -2.3594280e-02 -1.1680800e+03]
 [ 0.0000000e+00  0.0000000e+00  0.0000000e+00  1.0000000e+00]]
[-0130.17, +0082.46, -1109.58]
1498, 1498, 1498
[[-4.2258760e-02  9.5727856e-01  2.8511376e-01  2.3600000e+00]
 [ 3.4057760e-02 -2.8355650e-01  9.5800218e-01  1.2896000e+02]
 [ 9.9825456e-01  5.0456580e-02 -2.0280500e-02 -1.1680700e+03]
 [ 0.0000000e+00  0.0000000e+00  0.0000000e+00  1.0000000e+00]]
[-0131.80, +0082.31, -1078.57]
2433, 2433, 2433
[[-4.2829780e-02  9.5841124e-01  2.8172094e-01  2.1600000e+00]
 [ 3.7063240e-02 -2.8013992e-01  9.5908548e-01  1.2941000e+02]
 [ 9.9827106e-01  5.1638520e-02 -2.3369700e-02 -1.1680700e+03]
 [ 0.0000000e+00  0.0000000e+00  0.0000000e+00  1.0000000e+00]]
[-0130.16, +0082.28, -1109.59]
1685, 1685, 1685
[[-4.2611880e-02  9.5738894e-01  2.8504046e-01  2.3500000e+00]
 [ 3.4396660e-02 -2.8355650e-01  9.5811838e-01  1.2900000e+02]
 [ 9.9832786e-01  5.0797420e-02 -2.0633620e-02 -1.1680800e+03]
 [ 0.0000000e+00  0.0000000e+00  0.0000000e+00  1.0000000e+00]]
[-0132.92, +0083.41, -1085.87]
2433, 2433, 2433
[[-4.2019300e-02  9.5843020e-01  2.8170870e-01  2.1600000e+00]
 [ 3.6949640e-02 -2.8013320e-01  9.5906652e-01  1.2941000e+02]
 [ 9.9829002e-01  5.0847000e-02 -2.3464340e-02 -1.1680700e+03]
 [ 0.0000000e+00  0.0000000e+00  0.0000000e+00  1.0000000e+00]]
[-0130.18, +0082.28, -1109.61]
1872, 1872, 1872
[[-4.3017040e-02  9.5751968e-01  2.8475512e-01  2.3200000e+00]
 [ 3.4137280e-02 -2.8333584e-01  9.5827168e-01  1.2904000e+02]
 [ 9.9838072e-01  5.1049280e-02 -2.0361040e-02 -1.1680800e+03]
 [ 0.0000000e+00  0.0000000e+00  0.0000000e+00  1.0000000e+00]]
[-0133.61, +0083.09, -1093.14]
2433, 2433, 2433
[[-4.3007120e-02  9.5829552e-01  2.8181748e-01  2.1700000e+00]
 [ 3.7403520e-02 -2.8013992e-01  9.5897492e-01  1.2940000e+02]
 [ 9.9817452e-01  5.1977080e-02 -2.3547040e-02 -1.1680800e+03]
 [ 0.0000000e+00  0.0000000e+00  0.0000000e+00  1.0000000e+00]]
[-0130.19, +0082.27, -1109.63]
2059, 2059, 2059
[[-4.2051400e-02  9.5760716e-01  2.8436712e-01  2.3000000e+00]
 [ 3.4804400e-02 -2.8286740e-01  9.5829900e-01  1.2907000e+02]
 [ 9.9833100e-01  5.0367120e-02 -2.1211560e-02 -1.1680400e+03]
 [ 0.0000000e+00  0.0000000e+00  0.0000000e+00  1.0000000e+00]]
[-0132.11, +0083.32, -1100.43]
2433, 2433, 2433
[[-4.2652480e-02  9.5829896e-01  2.8180176e-01  2.1700000e+00]
 [ 3.6950960e-02 -2.8013992e-01  9.5897148e-01  1.2941000e+02]
 [ 9.9819024e-01  5.1524520e-02 -2.3192400e-02 -1.1680900e+03]
 [ 0.0000000e+00  0.0000000e+00  0.0000000e+00  1.0000000e+00]]
[-0130.12, +0082.19, -1109.59]
2246, 2246, 2246
[[-4.3340580e-02  9.5771706e-01  2.8339780e-01  2.2500000e+00]
 [ 3.4981060e-02 -2.8174842e-01  9.5847540e-01  1.2919000e+02]
 [ 9.9815460e-01  5.1737800e-02 -2.0925000e-02 -1.1680900e+03]
 [ 0.0000000e+00  0.0000000e+00  0.0000000e+00  1.0000000e+00]]
[-0129.67, +0083.78, -1106.88]
