750, 750, 750
[[-8.1138120e-02  9.6562744e-01 -2.4580068e-01 -4.0700000e+00]
 [ 4.6702440e-02  2.5030572e-01  9.6683816e-01  1.4301000e+02]
 [ 9.9532568e-01  6.7236840e-02 -6.5207400e-02 -1.1673300e+03]
 [ 0.0000000e+00  0.0000000e+00  0.0000000e+00  1.0000000e+00]]
[-0099.64, +0039.84, -1043.99]
750, 1125, 1125
[[-8.1795600e-02  9.6538584e-01 -2.4684508e-01 -4.1700000e+00]
 [ 4.7090960e-02  2.5134432e-01  9.6660576e-01  1.4310000e+02]
 [ 9.9533148e-01  6.7634560e-02 -6.5875920e-02 -1.1672900e+03]
 [ 0.0000000e+00  0.0000000e+00  0.0000000e+00  1.0000000e+00]]
[-0118.57, -0001.28, -1064.97]
750, 1500, 1500
[[-8.2330600e-02  9.6518260e-01 -2.4750800e-01 -4.2600000e+00]
 [ 4.7097760e-02  2.5203260e-01  9.6643468e-01  1.4315000e+02]
 [ 9.9529868e-01  6.8093600e-02 -6.6072360e-02 -1.1673200e+03]
 [ 0.0000000e+00  0.0000000e+00  0.0000000e+00  1.0000000e+00]]
[-0131.92, -0025.88, -1100.05]
750, 1875, 1875
[[-8.2703080e-02  9.6497842e-01 -2.4853290e-01 -4.3800000e+00]
 [ 4.8328420e-02  2.5308092e-01  9.6616290e-01  1.4325000e+02]
 [ 9.9529710e-01  6.7992900e-02 -6.7493160e-02 -1.1673000e+03]
 [ 0.0000000e+00  0.0000000e+00  0.0000000e+00  1.0000000e+00]]
[-0134.54, -0036.71, -1140.50]
1125, 750, 750
[[-8.1610920e-02  9.6556232e-01 -2.4618572e-01 -4.1100000e+00]
 [ 4.6637320e-02  2.5064828e-01  9.6680312e-01  1.4305000e+02]
 [ 9.9536072e-01  6.7621880e-02 -6.5337640e-02 -1.1673200e+03]
 [ 0.0000000e+00  0.0000000e+00  0.0000000e+00  1.0000000e+00]]
[-0073.07, +0080.95, -1056.75]
1125, 1125, 1125
[[-8.2032180e-02  9.6523484e-01 -2.4712498e-01 -4.2400000e+00]
 [ 4.6939960e-02  2.5168664e-01  9.6648316e-01  1.4314000e+02]
 [ 9.9526162e-01  6.7932040e-02 -6.5770180e-02 -1.1673200e+03]
 [ 0.0000000e+00  0.0000000e+00  0.0000000e+00  1.0000000e+00]]
[-0095.85, +0039.55, -1058.42]
1125, 1500, 1500
[[-8.1930340e-02  9.6509640e-01 -2.4776540e-01 -4.3000000e+00]
 [ 4.8236400e-02  2.5239288e-01  9.6624708e-01  1.4317000e+02]
 [ 9.9522460e-01  6.7447080e-02 -6.7059220e-02 -1.1672800e+03]
 [ 0.0000000e+00  0.0000000e+00  0.0000000e+00  1.0000000e+00]]
[-0115.36, +0006.95, -1076.76]
1500, 1875, 1875
[[-8.3351620e-02  9.6481168e-01 -2.4880082e-01 -4.4200000e+00]
 [ 4.8126320e-02  2.5341936e-01  9.6605552e-01  1.4325000e+02]
 [ 9.9521218e-01  6.8686480e-02 -6.7454020e-02 -1.1673000e+03]
 [ 0.0000000e+00  0.0000000e+00  0.0000000e+00  1.0000000e+00]]
[-0112.42, +0012.64, -1089.78]
1500, 2250, 2250
[[-8.4945360e-02  9.6357492e-01 -2.5285848e-01 -4.8200000e+00]
 [ 4.9654920e-02  2.5773854e-01  9.6480668e-01  1.4347000e+02]
 [ 9.9496152e-01  6.9576680e-02 -6.9610660e-02 -1.1672900e+03]
 [ 0.0000000e+00  0.0000000e+00  0.0000000e+00  1.0000000e+00]]
[-0118.73, -0006.66, -1115.18]
1500, 750, 750
[[-8.1847380e-02  9.6552970e-01 -2.4637824e-01 -4.1700000e+00]
 [ 4.6604700e-02  2.5081950e-01  9.6678560e-01  1.4304000e+02]
 [ 9.9537824e-01  6.7814400e-02 -6.5402880e-02 -1.1673200e+03]
 [ 0.0000000e+00  0.0000000e+00  0.0000000e+00  1.0000000e+00]]
[-0052.32, +0110.10, -1087.63]
1500, 1125, 1125
[[-8.2279700e-02  9.6501330e-01 -2.4744480e-01 -4.2900000e+00]
 [ 4.8082740e-02  2.5221470e-01  9.6620768e-01  1.4311000e+02]
 [ 9.9507168e-01  6.7960000e-02 -6.6888040e-02 -1.1673000e+03]
 [ 0.0000000e+00  0.0000000e+00  0.0000000e+00  1.0000000e+00]]
[-0073.14, +0076.14, -1070.80]
1875, 1500, 1500
[[-8.2291600e-02  9.6493748e-01 -2.4822044e-01 -4.4000000e+00]
 [ 4.8672040e-02  2.5291326e-01  9.6608158e-01  1.4321000e+02]
 [ 9.9516268e-01  6.7662740e-02 -6.7598500e-02 -1.1672500e+03]
 [ 0.0000000e+00  0.0000000e+00  0.0000000e+00  1.0000000e+00]]
[-0073.46, +0072.88, -1084.15]
1875, 1875, 1875
[[-8.317700e-02  9.647379e-01 -2.486805e-01 -4.450000e+00]
 [ 4.843710e-02  2.534230e-01  9.659565e-01  1.432500e+02]
 [ 9.950955e-01  6.854850e-02 -6.762500e-02 -1.167280e+03]
 [ 0.000000e+00  0.000000e+00  0.000000e+00  1.000000e+00]]
[-0093.68, +0041.90, -1086.93]
1875, 2250, 2250
[[-8.4027400e-02  9.6431750e-01 -2.5038190e-01 -4.6000000e+00]
 [ 4.9276220e-02  2.5515356e-01  9.6552310e-01  1.4332000e+02]
 [ 9.9507346e-01  6.8954780e-02 -6.8838600e-02 -1.1672700e+03]
 [ 0.0000000e+00  0.0000000e+00  0.0000000e+00  1.0000000e+00]]
[-0108.11, +0014.42, -1103.60]
1875, 750, 750
[[-8.2557000e-02  9.6549320e-01 -2.4654420e-01 -4.2200000e+00]
 [ 4.6918200e-02  2.5099068e-01  9.6677192e-01  1.4306000e+02]
 [ 9.9536920e-01  6.8353080e-02 -6.5941320e-02 -1.1673100e+03]
 [ 0.0000000e+00  0.0000000e+00  0.0000000e+00  1.0000000e+00]]
[-0039.89, +0124.03, -1126.06]
2250, 1125, 1125
[[-8.4412160e-02  9.6487248e-01 -2.4814608e-01 -4.4600000e+00]
 [ 4.8815520e-02  2.5289902e-01  9.6614658e-01  1.4317000e+02]
 [ 9.9507408e-01  6.9593580e-02 -6.8336180e-02 -1.1672800e+03]
 [ 0.0000000e+00  0.0000000e+00  0.0000000e+00  1.0000000e+00]]
[-0045.05, +0111.94, -1129.02]
2250, 1500, 1500
[[-8.4237460e-02  9.6470518e-01 -2.4864338e-01 -4.4700000e+00]
 [ 4.8508580e-02  2.5341564e-01  9.6598922e-01  1.4322000e+02]
 [ 9.9505102e-01  6.9513820e-02 -6.7994260e-02 -1.1672800e+03]
 [ 0.0000000e+00  0.0000000e+00  0.0000000e+00  1.0000000e+00]]
[-0058.63, +0092.53, -1106.70]
2250, 1875, 1875
[[-8.4425140e-02  9.6464686e-01 -2.4921446e-01 -4.5300000e+00]
 [ 4.9079660e-02  2.5393950e-01  9.6589538e-01  1.4329000e+02]
 [ 9.9510934e-01  6.9419980e-02 -6.8705800e-02 -1.1672700e+03]
 [ 0.0000000e+00  0.0000000e+00  0.0000000e+00  1.0000000e+00]]
[-0077.00, +0066.95, -1096.94]
2250, 2250, 2250
[[-8.4739540e-02  9.6410632e-01 -2.5030908e-01 -4.6400000e+00]
 [ 4.9762480e-02  2.5532438e-01  9.6533808e-01  1.4337000e+02]
 [ 9.9482628e-01  6.9662880e-02 -6.9379920e-02 -1.1672600e+03]
 [ 0.0000000e+00  0.0000000e+00  0.0000000e+00  1.0000000e+00]]
[-0093.62, +0039.26, -1101.59]
750, 750, 750
[[-8.0490500e-02  9.6564420e-01 -2.4582510e-01 -4.0500000e+00]
 [ 4.6579320e-02  2.5030936e-01  9.6682140e-01  1.4299000e+02]
 [ 9.9535374e-01  6.6667320e-02 -6.4906100e-02 -1.1673000e+03]
 [ 0.0000000e+00  0.0000000e+00  0.0000000e+00  1.0000000e+00]]
[-0099.38, +0039.81, -1043.93]
1125, 750, 1125
[[-8.2382020e-02  9.6538822e-01 -2.4662978e-01 -4.2100000e+00]
 [ 4.7023180e-02  2.5116566e-01  9.6665362e-01  1.4306000e+02]
 [ 9.9528362e-01  6.8234780e-02 -6.5941320e-02 -1.1672700e+03]
 [ 0.0000000e+00  0.0000000e+00  0.0000000e+00  1.0000000e+00]]
[-0117.86, +0080.77, -1066.25]
1500, 750, 1500
[[-8.2804040e-02  9.6532818e-01 -2.4718806e-01 -4.2800000e+00]
 [ 4.7767860e-02  2.5169036e-01  9.6656282e-01  1.4308000e+02]
 [ 9.9532842e-01  6.8315140e-02 -6.6888040e-02 -1.1672900e+03]
 [ 0.0000000e+00  0.0000000e+00  0.0000000e+00  1.0000000e+00]]
[-0127.74, +0107.31, -1103.28]
1875, 750, 1875
[[-8.3638740e-02  9.6489748e-01 -2.4799658e-01 -4.4800000e+00]
 [ 4.8106520e-02  2.5272428e-01  9.6617212e-01  1.4315000e+02]
 [ 9.9509558e-01  6.9106120e-02 -6.7388020e-02 -1.1672700e+03]
 [ 0.0000000e+00  0.0000000e+00  0.0000000e+00  1.0000000e+00]]
[-0130.51, +0115.51, -1142.72]
750, 1125, 750
[[-8.0911240e-02  9.6561512e-01 -2.4617852e-01 -4.1000000e+00]
 [ 4.7530280e-02  2.5066268e-01  9.6675032e-01  1.4309000e+02]
 [ 9.9536792e-01  6.6728920e-02 -6.6022920e-02 -1.1672600e+03]
 [ 0.0000000e+00  0.0000000e+00  0.0000000e+00  1.0000000e+00]]
[-0074.37, -0003.00, -1055.78]
1125, 1125, 1125
[[-8.2268800e-02  9.6538216e-01 -2.4681848e-01 -4.2300000e+00]
 [ 4.7437040e-02  2.5134432e-01  9.6660944e-01  1.4313000e+02]
 [ 9.9530488e-01  6.7980640e-02 -6.6349120e-02 -1.1672600e+03]
 [ 0.0000000e+00  0.0000000e+00  0.0000000e+00  1.0000000e+00]]
[-0096.08, +0039.51, -1058.46]
1500, 1125, 1500
[[-8.2454440e-02  9.6505626e-01 -2.4777074e-01 -4.3300000e+00]
 [ 4.7566260e-02  2.5238220e-01  9.6628722e-01  1.4312000e+02]
 [ 9.9521926e-01  6.8117220e-02 -6.6545800e-02 -1.1672700e+03]
 [ 0.0000000e+00  0.0000000e+00  0.0000000e+00  1.0000000e+00]]
[-0112.04, +0075.32, -1078.38]
1875, 1500, 1875
[[-8.2715940e-02  9.6472782e-01 -2.4907154e-01 -4.5100000e+00]
 [ 4.9092260e-02  2.5377900e-01  9.6586518e-01  1.4315000e+02]
 [ 9.9515142e-01  6.7866260e-02 -6.8204100e-02 -1.1672400e+03]
 [ 0.0000000e+00  0.0000000e+00  0.0000000e+00  1.0000000e+00]]
[-0110.26, +0073.70, -1092.58]
2250, 1500, 2250
[[-8.8131300e-02  9.6369672e-01 -2.5130044e-01 -5.1300000e+00]
 [ 5.1305840e-02  2.5652280e-01  9.6504468e-01  1.4334000e+02]
 [ 9.9460092e-01  7.2333640e-02 -7.1921940e-02 -1.1672300e+03]
 [ 0.0000000e+00  0.0000000e+00  0.0000000e+00  1.0000000e+00]]
[-0117.67, +0084.24, -1115.08]
750, 1500, 750
[[-8.0674820e-02  9.6555528e-01 -2.4660294e-01 -4.1100000e+00]
 [ 4.6945920e-02  2.5100540e-01  9.6670984e-01  1.4309000e+02]
 [ 9.9544266e-01  6.6594560e-02 -6.5443780e-02 -1.1673000e+03]
 [ 0.0000000e+00  0.0000000e+00  0.0000000e+00  1.0000000e+00]]
[-0056.71, -0030.42, -1082.50]
1125, 1500, 1125
[[-8.2742160e-02  9.6504900e-01 -2.4758400e-01 -4.3500000e+00]
 [ 4.6929000e-02  2.5219982e-01  9.6634492e-01  1.4313000e+02]
 [ 9.9519600e-01  6.8594920e-02 -6.5966980e-02 -1.1673000e+03]
 [ 0.0000000e+00  0.0000000e+00  0.0000000e+00  1.0000000e+00]]
[-0076.58, +0005.58, -1067.84]
1500, 1875, 1500
[[-8.3526280e-02  9.6482932e-01 -2.4859684e-01 -4.4700000e+00]
 [ 4.8108680e-02  2.5324470e-01  9.6608854e-01  1.4321000e+02]
 [ 9.9517916e-01  6.8890460e-02 -6.7454020e-02 -1.1672900e+03]
 [ 0.0000000e+00  0.0000000e+00  0.0000000e+00  1.0000000e+00]]
[-0075.43, +0010.81, -1081.19]
1875, 1875, 1875
[[-8.4586900e-02  9.6464668e-01 -2.4885316e-01 -4.5500000e+00]
 [ 4.7855720e-02  2.5357878e-01  9.6599704e-01  1.4325000e+02]
 [ 9.9507836e-01  6.9980240e-02 -6.7481680e-02 -1.1673200e+03]
 [ 0.0000000e+00  0.0000000e+00  0.0000000e+00  1.0000000e+00]]
[-0093.74, +0043.75, -1087.11]
2250, 1875, 2250
[[-8.5849300e-02  9.6421680e-01 -2.4980530e-01 -4.7400000e+00]
 [ 4.9347840e-02  2.5479360e-01  9.6555312e-01  1.4329000e+02]
 [ 9.9482738e-01  7.0809600e-02 -6.9275860e-02 -1.1672800e+03]
 [ 0.0000000e+00  0.0000000e+00  0.0000000e+00  1.0000000e+00]]
[-0108.01, +0066.64, -1104.83]
750, 1875, 750
[[-8.1497460e-02  9.6546380e-01 -2.4699162e-01 -4.1700000e+00]
 [ 4.6434120e-02  2.5134060e-01  9.6670084e-01  1.4313000e+02]
 [ 9.9547430e-01  6.7426200e-02 -6.5231700e-02 -1.1673100e+03]
 [ 0.0000000e+00  0.0000000e+00  0.0000000e+00  1.0000000e+00]]
[-0043.20, -0045.91, -1120.33]
1125, 2250, 1125
[[-8.2940020e-02  9.6473970e-01 -2.4869402e-01 -4.4100000e+00]
 [ 4.8264300e-02  2.5342300e-01  9.6595470e-01  1.4329000e+02]
 [ 9.9510902e-01  6.8375700e-02 -6.7388020e-02 -1.1672800e+03]
 [ 0.0000000e+00  0.0000000e+00  0.0000000e+00  1.0000000e+00]]
[-0047.48, -0034.95, -1126.77]
1500, 2250, 1500
[[-8.3763300e-02  9.6467776e-01 -2.4887648e-01 -4.4800000e+00]
 [ 4.7957120e-02  2.5358654e-01  9.6596596e-01  1.4329000e+02]
 [ 9.9510944e-01  6.9187720e-02 -6.7349200e-02 -1.1672900e+03]
 [ 0.0000000e+00  0.0000000e+00  0.0000000e+00  1.0000000e+00]]
[-0060.75, -0013.19, -1104.27]
1875, 2250, 1875
[[-8.4250600e-02  9.6451060e-01 -2.4950580e-01 -4.5900000e+00]
 [ 4.8978680e-02  2.5428494e-01  9.6575730e-01  1.4329000e+02]
 [ 9.9505524e-01  6.9320820e-02 -6.8534900e-02 -1.1672700e+03]
 [ 0.0000000e+00  0.0000000e+00  0.0000000e+00  1.0000000e+00]]
[-0077.92, +0014.90, -1095.33]
2250, 2250, 2250
[[-8.5975300e-02  9.6405910e-01 -2.5027290e-01 -4.7400000e+00]
 [ 4.9609420e-02  2.5531334e-01  9.6538530e-01  1.4336000e+02]
 [ 9.9477906e-01  7.0851420e-02 -6.9580200e-02 -1.1672800e+03]
 [ 0.0000000e+00  0.0000000e+00  0.0000000e+00  1.0000000e+00]]
[-0094.23, +0040.02, -1101.58]
750, 750, 750
[[-8.1365800e-02  9.6560936e-01 -2.4562888e-01 -4.1000000e+00]
 [ 4.5669040e-02  2.5011918e-01  9.6690626e-01  1.4299000e+02]
 [ 9.9531368e-01  6.7763860e-02 -6.4220980e-02 -1.1673600e+03]
 [ 0.0000000e+00  0.0000000e+00  0.0000000e+00  1.0000000e+00]]
[-0099.49, +0039.56, -1043.99]
1125, 1125, 750
[[-8.1908900e-02  9.6542280e-01 -2.4645060e-01 -4.2300000e+00]
 [ 4.6882800e-02  2.5099448e-01  9.6666924e-01  1.4308000e+02]
 [ 9.9527940e-01  6.7869240e-02 -6.5639380e-02 -1.1673000e+03]
 [ 0.0000000e+00  0.0000000e+00  0.0000000e+00  1.0000000e+00]]
[-0050.36, +0038.86, -1059.09]
1500, 1500, 750
[[-8.2155780e-02  9.6525780e-01 -2.4709466e-01 -4.2300000e+00]
 [ 4.7732600e-02  2.5169400e-01  9.6646020e-01  1.4316000e+02]
 [ 9.9523866e-01  6.7831400e-02 -6.6585780e-02 -1.1672700e+03]
 [ 0.0000000e+00  0.0000000e+00  0.0000000e+00  1.0000000e+00]]
[-0016.73, +0040.49, -1089.74]
1875, 1875, 750
[[-8.2516480e-02  9.6488736e-01 -2.4825440e-01 -4.3200000e+00]
 [ 4.7432640e-02  2.5289902e-01  9.6613170e-01  1.4318000e+02]
 [ 9.9518240e-01  6.8210700e-02 -6.6440500e-02 -1.1672900e+03]
 [ 0.0000000e+00  0.0000000e+00  0.0000000e+00  1.0000000e+00]]
[-0002.53, +0039.77, -1125.62]
750, 750, 1125
[[-8.1970500e-02  9.6543422e-01 -2.4643546e-01 -4.1700000e+00]
 [ 4.7279140e-02  2.5099820e-01  9.6665782e-01  1.4305000e+02]
 [ 9.9526798e-01  6.7819060e-02 -6.6047140e-02 -1.1673000e+03]
 [ 0.0000000e+00  0.0000000e+00  0.0000000e+00  1.0000000e+00]]
[-0145.07, +0040.01, -1063.74]
1125, 1125, 1125
[[-8.2680360e-02  9.6513026e-01 -2.4698190e-01 -4.3200000e+00]
 [ 4.7150100e-02  2.5168284e-01  9.6641474e-01  1.4311000e+02]
 [ 9.9511474e-01  6.8586900e-02 -6.6072360e-02 -1.1673000e+03]
 [ 0.0000000e+00  0.0000000e+00  0.0000000e+00  1.0000000e+00]]
[-0096.10, +0039.66, -1058.50]
1500, 1500, 1125
[[-8.3040820e-02  9.6505856e-01 -2.4755528e-01 -4.2900000e+00]
 [ 4.7498240e-02  2.5220366e-01  9.6633536e-01  1.4315000e+02]
 [ 9.9517112e-01  6.8717440e-02 -6.6611520e-02 -1.1672900e+03]
 [ 0.0000000e+00  0.0000000e+00  0.0000000e+00  1.0000000e+00]]
[-0054.97, +0042.37, -1072.47]
1875, 1875, 1500
[[-8.3875720e-02  9.6480224e-01 -2.4860064e-01 -4.4400000e+00]
 [ 4.7661760e-02  2.5323710e-01  9.6611562e-01  1.4322000e+02]
 [ 9.9517536e-01  6.9337380e-02 -6.7112180e-02 -1.1672900e+03]
 [ 0.0000000e+00  0.0000000e+00  0.0000000e+00  1.0000000e+00]]
[-0056.81, +0042.12, -1086.13]
2250, 2250, 1500
[[-8.5151380e-02  9.6378268e-01 -2.5161986e-01 -4.6300000e+00]
 [ 4.8357080e-02  2.5651512e-01  9.6513116e-01  1.4355000e+02]
 [ 9.9491266e-01  7.0281640e-02 -6.8252260e-02 -1.1672400e+03]
 [ 0.0000000e+00  0.0000000e+00  0.0000000e+00  1.0000000e+00]]
[-0041.36, +0038.49, -1104.74]
750, 750, 1500
[[-8.1549520e-02  9.6555104e-01 -2.4620080e-01 -4.1700000e+00]
 [ 4.6240960e-02  2.5064448e-01  9.6681440e-01  1.4302000e+02]
 [ 9.9537200e-01  6.7672000e-02 -6.4930000e-02 -1.1672900e+03]
 [ 0.0000000e+00  0.0000000e+00  0.0000000e+00  1.0000000e+00]]
[-0173.06, +0040.40, -1095.30]
1125, 1125, 1500
[[-8.2093940e-02  9.6539550e-01 -2.4681666e-01 -4.2700000e+00]
 [ 4.7660340e-02  2.5134796e-01  9.6659610e-01  1.4307000e+02]
 [ 9.9530670e-01  6.7757340e-02 -6.6520340e-02 -1.1672800e+03]
 [ 0.0000000e+00  0.0000000e+00  0.0000000e+00  1.0000000e+00]]
[-0133.53, +0039.87, -1074.06]
1500, 1500, 1875
[[-8.2928040e-02  9.6490312e-01 -2.4803708e-01 -4.4000000e+00]
 [ 4.7587880e-02  2.5272428e-01  9.6616648e-01  1.4313000e+02]
 [ 9.9513608e-01  6.8587480e-02 -6.6677320e-02 -1.1672700e+03]
 [ 0.0000000e+00  0.0000000e+00  0.0000000e+00  1.0000000e+00]]
[-0130.82, +0043.40, -1089.13]
1875, 1875, 1875
[[-8.3588640e-02  9.6475372e-01 -2.4846292e-01 -4.4600000e+00]
 [ 4.8592280e-02  2.5324838e-01  9.6599132e-01  1.4320000e+02]
 [ 9.9504892e-01  6.8925320e-02 -6.7862020e-02 -1.1672500e+03]
 [ 0.0000000e+00  0.0000000e+00  0.0000000e+00  1.0000000e+00]]
[-0093.86, +0044.32, -1086.98]
2250, 2250, 1875
[[-8.5423560e-02  9.6433318e-01 -2.4957326e-01 -4.6400000e+00]
 [ 4.8311260e-02  2.5444044e-01  9.6571118e-01  1.4336000e+02]
 [ 9.9493282e-01  7.0665260e-02 -6.8155560e-02 -1.1672800e+03]
 [ 0.0000000e+00  0.0000000e+00  0.0000000e+00  1.0000000e+00]]
[-0064.18, +0039.39, -1099.01]
750, 750, 1875
[[-8.1847380e-02  9.6549896e-01 -2.4658398e-01 -4.2500000e+00]
 [ 4.6398960e-02  2.5099068e-01  9.6676616e-01  1.4301000e+02]
 [ 9.9540898e-01  6.7833840e-02 -6.5231700e-02 -1.1673100e+03]
 [ 0.0000000e+00  0.0000000e+00  0.0000000e+00  1.0000000e+00]]
[-0186.72, +0040.62, -1139.38]
1125, 1125, 2250
[[-8.3988340e-02  9.6490142e-01 -2.4779452e-01 -4.5100000e+00]
 [ 4.7865620e-02  2.5254566e-01  9.6621868e-01  1.4314000e+02]
 [ 9.9506068e-01  6.9533480e-02 -6.7217040e-02 -1.1673000e+03]
 [ 0.0000000e+00  0.0000000e+00  0.0000000e+00  1.0000000e+00]]
[-0174.29, +0040.06, -1142.84]
1500, 1500, 2250
[[-8.4175060e-02  9.6481198e-01 -2.4857156e-01 -4.5500000e+00]
 [ 4.8230860e-02  2.5324094e-01  9.6610588e-01  1.4318000e+02]
 [ 9.9515012e-01  6.9459560e-02 -6.7757160e-02 -1.1672700e+03]
 [ 0.0000000e+00  0.0000000e+00  0.0000000e+00  1.0000000e+00]]
[-0153.97, +0042.89, -1116.62]
1875, 1875, 2250
[[-8.4237460e-02  9.6455540e-01 -2.4893662e-01 -4.5900000e+00]
 [ 4.8184120e-02  2.5375740e-01  9.6586484e-01  1.4324000e+02]
 [ 9.9499490e-01  6.9638200e-02 -6.7652500e-02 -1.1672800e+03]
 [ 0.0000000e+00  0.0000000e+00  0.0000000e+00  1.0000000e+00]]
[-0123.94, +0043.03, -1101.69]
2250, 2250, 2250
[[-8.5500260e-02  9.6421314e-01 -2.5000752e-01 -4.7300000e+00]
 [ 4.9588980e-02  2.5497190e-01  9.6550584e-01  1.4338000e+02]
 [ 9.9486264e-01  7.0381920e-02 -6.9446600e-02 -1.1672600e+03]
 [ 0.0000000e+00  0.0000000e+00  0.0000000e+00  1.0000000e+00]]
[-0093.34, +0039.52, -1101.42]
2250, 1875, 1875
[[-8.4474600e-02  9.6475940e-01 -2.4895420e-01 -4.6200000e+00]
 [ 4.8388120e-02  2.5358654e-01  9.6605710e-01  1.4321000e+02]
 [ 9.9518716e-01  6.9620620e-02 -6.8060500e-02 -1.1673100e+03]
 [ 0.0000000e+00  0.0000000e+00  0.0000000e+00  1.0000000e+00]]
[-0076.59, +0071.22, -1097.95]
2250, 1500, 1500
[[-8.4998820e-02  9.6481196e-01 -2.4834214e-01 -4.5500000e+00]
 [ 4.8335560e-02  2.5306232e-01  9.6615652e-01  1.4322000e+02]
 [ 9.9508774e-01  7.0232680e-02 -6.8060500e-02 -1.1672900e+03]
 [ 0.0000000e+00  0.0000000e+00  0.0000000e+00  1.0000000e+00]]
[-0057.95, +0094.75, -1107.98]
2250, 1125, 1125
[[-8.4163200e-02  9.6488784e-01 -2.4779648e-01 -4.5000000e+00]
 [ 4.7642240e-02  2.5254174e-01  9.6623226e-01  1.4317000e+02]
 [ 9.9505872e-01  6.9756860e-02 -6.7046100e-02 -1.1673100e+03]
 [ 0.0000000e+00  0.0000000e+00  0.0000000e+00  1.0000000e+00]]
[-0045.21, +0112.43, -1129.75]
1875, 750, 750
[[-8.2258900e-02  9.6557602e-01 -2.4595536e-01 -4.2600000e+00]
 [ 4.6966100e-02  2.5047326e-01  9.6683952e-01  1.4303000e+02]
 [ 9.9530160e-01  6.8172000e-02 -6.5810600e-02 -1.1673100e+03]
 [ 0.0000000e+00  0.0000000e+00  0.0000000e+00  1.0000000e+00]]
[-0042.28, +0120.79, -1121.12]
1875, 2250, 2250
[[-8.5137040e-02  9.6434124e-01 -2.4975960e-01 -4.6800000e+00]
 [ 4.8948600e-02  2.5462286e-01  9.6565224e-01  1.4331000e+02]
 [ 9.9495624e-01  7.0186800e-02 -6.8734340e-02 -1.1672600e+03]
 [ 0.0000000e+00  0.0000000e+00  0.0000000e+00  1.0000000e+00]]
[-0109.79, +0011.75, -1104.61]
1875, 1875, 1875
[[-8.3401800e-02  9.6486828e-01 -2.4821596e-01 -4.5000000e+00]
 [ 4.7727800e-02  2.5289526e-01  9.6615078e-01  1.4319000e+02]
 [ 9.9514020e-01  6.8952700e-02 -6.6980100e-02 -1.1673000e+03]
 [ 0.0000000e+00  0.0000000e+00  0.0000000e+00  1.0000000e+00]]
[-0095.86, +0042.36, -1086.87]
1875, 1500, 1500
[[-8.2516480e-02  9.6506784e-01 -2.4775552e-01 -4.4400000e+00]
 [ 4.7962560e-02  2.5238584e-01  9.6627564e-01  1.4316000e+02]
 [ 9.9520768e-01  6.8066760e-02 -6.6953680e-02 -1.1672800e+03]
 [ 0.0000000e+00  0.0000000e+00  0.0000000e+00  1.0000000e+00]]
[-0076.23, +0070.39, -1082.86]
1500, 1125, 1125
[[-8.2567300e-02  9.6524260e-01 -2.4708310e-01 -4.3600000e+00]
 [ 4.7682280e-02  2.5169036e-01  9.6647540e-01  1.4311000e+02]
 [ 9.9522346e-01  6.8227720e-02 -6.6651300e-02 -1.1673000e+03]
 [ 0.0000000e+00  0.0000000e+00  0.0000000e+00  1.0000000e+00]]
[-0074.95, +0074.57, -1069.89]
1500, 750, 750
[[-8.2557000e-02  9.6558560e-01 -2.4592680e-01 -4.2500000e+00]
 [ 4.7535600e-02  2.5047702e-01  9.6682994e-01  1.4305000e+02]
 [ 9.9527680e-01  6.8295060e-02 -6.6454980e-02 -1.1672700e+03]
 [ 0.0000000e+00  0.0000000e+00  0.0000000e+00  1.0000000e+00]]
[-0052.78, +0109.69, -1086.84]
1500, 2250, 2250
[[-8.4945360e-02  9.6363852e-01 -2.5244672e-01 -4.9100000e+00]
 [ 5.0066680e-02  2.5739742e-01  9.6484608e-01  1.4339000e+02]
 [ 9.9489792e-01  6.9537280e-02 -6.9951780e-02 -1.1672500e+03]
 [ 0.0000000e+00  0.0000000e+00  0.0000000e+00  1.0000000e+00]]
[-0119.08, -0007.19, -1115.30]
1500, 1875, 1875
[[-8.3215680e-02  9.6503968e-01 -2.4829312e-01 -4.4400000e+00]
 [ 4.6569920e-02  2.5271264e-01  9.6637568e-01  1.4312000e+02]
 [ 9.9538048e-01  6.8913920e-02 -6.5927680e-02 -1.1673500e+03]
 [ 0.0000000e+00  0.0000000e+00  0.0000000e+00  1.0000000e+00]]
[-0110.57, +0014.74, -1088.51]
1125, 1500, 1500
[[-8.2217700e-02  9.6523842e-01 -2.4728524e-01 -4.3400000e+00]
 [ 4.7923180e-02  2.5186878e-01  9.6642924e-01  1.4308000e+02]
 [ 9.9525804e-01  6.7800440e-02 -6.6822480e-02 -1.1672800e+03]
 [ 0.0000000e+00  0.0000000e+00  0.0000000e+00  1.0000000e+00]]
[-0114.78, +0006.59, -1076.51]
1125, 1125, 1125
[[-8.2443700e-02  9.6539968e-01 -2.4661456e-01 -4.3100000e+00]
 [ 4.7419520e-02  2.5116942e-01  9.6664216e-01  1.4303000e+02]
 [ 9.9527216e-01  6.8184560e-02 -6.6349120e-02 -1.1672800e+03]
 [ 0.0000000e+00  0.0000000e+00  0.0000000e+00  1.0000000e+00]]
[-0097.06, +0039.72, -1058.44]
1125, 750, 750
[[-8.1663300e-02  9.6558796e-01 -2.4580638e-01 -4.1800000e+00]
 [ 4.6032840e-02  2.5029432e-01  9.6687764e-01  1.4296000e+02]
 [ 9.9531998e-01  6.7906440e-02 -6.4693620e-02 -1.1673200e+03]
 [ 0.0000000e+00  0.0000000e+00  0.0000000e+00  1.0000000e+00]]
[-0073.73, +0080.44, -1056.64]
750, 1875, 1875
[[-8.2105000e-02  9.6493360e-01 -2.4806020e-01 -4.4000000e+00]
 [ 4.7688920e-02  2.5273164e-01  9.6613600e-01  1.4312000e+02]
 [ 9.9516656e-01  6.7794920e-02 -6.6545800e-02 -1.1672800e+03]
 [ 0.0000000e+00  0.0000000e+00  0.0000000e+00  1.0000000e+00]]
[-0134.93, -0037.04, -1140.52]
750, 1500, 1500
[[-8.1147700e-02  9.6540270e-01 -2.4686970e-01 -4.2500000e+00]
 [ 4.6968180e-02  2.5134796e-01  9.6658890e-01  1.4303000e+02]
 [ 9.9535974e-01  6.7065180e-02 -6.5574100e-02 -1.1672800e+03]
 [ 0.0000000e+00  0.0000000e+00  0.0000000e+00  1.0000000e+00]]
[-0131.15, -0025.75, -1099.19]
750, 1125, 1125
[[-8.1199520e-02  9.6566484e-01 -2.4631524e-01 -4.2000000e+00]
 [ 4.6599960e-02  2.5065200e-01  9.6687372e-01  1.4299000e+02]
 [ 9.9549396e-01  6.7139880e-02 -6.5272480e-02 -1.1673200e+03]
 [ 0.0000000e+00  0.0000000e+00  0.0000000e+00  1.0000000e+00]]
[-0120.30, +0000.00, -1065.11]
750, 750, 750
[[-8.1190660e-02  9.6588932e-01 -2.4524610e-01 -4.1000000e+00]
 [ 4.6334200e-02  2.4960920e-01  9.6712260e-01  1.4292000e+02]
 [ 9.9546018e-01  6.7311240e-02 -6.4906100e-02 -1.1673000e+03]
 [ 0.0000000e+00  0.0000000e+00  0.0000000e+00  1.0000000e+00]]
[-0099.38, +0039.95, -1043.91]
2250, 2250, 2250
[[-8.6436000e-02  9.6412408e-01 -2.5020744e-01 -4.7600000e+00]
 [ 4.8661200e-02  2.5512696e-01  9.6554392e-01  1.4331000e+02]
 [ 9.9487240e-01  7.1468400e-02 -6.8830800e-02 -1.1672700e+03]
 [ 0.0000000e+00  0.0000000e+00  0.0000000e+00  1.0000000e+00]]
[-0094.03, +0039.45, -1101.42]
1875, 2250, 1875
[[-8.3177000e-02  9.6470670e-01 -2.4888630e-01 -4.5000000e+00]
 [ 4.8231300e-02  2.5359398e-01  9.6593702e-01  1.4322000e+02]
 [ 9.9512670e-01  6.8567980e-02 -6.7454020e-02 -1.1672800e+03]
 [ 0.0000000e+00  0.0000000e+00  0.0000000e+00  1.0000000e+00]]
[-0077.56, +0007.69, -1096.72]
1500, 2250, 1500
[[-8.3164900e-02  9.6472068e-01 -2.4852264e-01 -4.4500000e+00]
 [ 4.7230680e-02  2.5323710e-01  9.6602436e-01  1.4321000e+02]
 [ 9.9509736e-01  6.8904360e-02 -6.6401360e-02 -1.1673300e+03]
 [ 0.0000000e+00  0.0000000e+00  0.0000000e+00  1.0000000e+00]]
[-0059.14, -0016.13, -1105.97]
1125, 2250, 1125
[[-8.2866000e-02  9.6494800e-01 -2.4837660e-01 -4.3800000e+00]
 [ 4.6898400e-02  2.5289142e-01  9.6624392e-01  1.4321000e+02]
 [ 9.9529700e-01  6.8572080e-02 -6.6098580e-02 -1.1673300e+03]
 [ 0.0000000e+00  0.0000000e+00  0.0000000e+00  1.0000000e+00]]
[-0047.54, -0035.42, -1127.22]
750, 1875, 750
[[-8.1724580e-02  9.6556854e-01 -2.4599700e-01 -4.1400000e+00]
 [ 4.6223460e-02  2.5046942e-01  9.6684700e-01  1.4303000e+02]
 [ 9.9533940e-01  6.7875800e-02 -6.4930000e-02 -1.1673000e+03]
 [ 0.0000000e+00  0.0000000e+00  0.0000000e+00  1.0000000e+00]]
[-0045.23, -0043.78, -1117.40]
2250, 1875, 2250
[[-8.5723620e-02  9.6449312e-01 -2.4925030e-01 -4.7400000e+00]
 [ 4.9204880e-02  2.5410288e-01  9.6582560e-01  1.4320000e+02]
 [ 9.9496310e-01  7.0662800e-02 -6.9142500e-02 -1.1672600e+03]
 [ 0.0000000e+00  0.0000000e+00  0.0000000e+00  1.0000000e+00]]
[-0108.46, +0067.62, -1105.14]
1875, 1875, 1875
[[-8.3988340e-02  9.6487036e-01 -2.4800042e-01 -4.4700000e+00]
 [ 4.7659720e-02  2.5271660e-01  9.6619924e-01  1.4313000e+02]
 [ 9.9509174e-01  6.9552920e-02 -6.7046100e-02 -1.1672800e+03]
 [ 0.0000000e+00  0.0000000e+00  0.0000000e+00  1.0000000e+00]]
[-0096.03, +0037.17, -1086.84]
1500, 1875, 1500
[[-8.2866000e-02  9.6504100e-01 -2.4775920e-01 -4.4000000e+00]
 [ 4.7515800e-02  2.5237848e-01  9.6630248e-01  1.4311000e+02]
 [ 9.9520400e-01  6.8513520e-02 -6.6611520e-02 -1.1672900e+03]
 [ 0.0000000e+00  0.0000000e+00  0.0000000e+00  1.0000000e+00]]
[-0077.15, +0008.45, -1081.52]
1125, 1500, 1125
[[-8.2093940e-02  9.6536460e-01 -2.4702240e-01 -4.3200000e+00]
 [ 4.7454600e-02  2.5151918e-01  9.6657672e-01  1.4306000e+02]
 [ 9.9533760e-01  6.7776720e-02 -6.6349120e-02 -1.1672900e+03]
 [ 0.0000000e+00  0.0000000e+00  0.0000000e+00  1.0000000e+00]]
[-0077.01, +0005.07, -1068.09]
750, 1500, 750
[[-8.1549520e-02  9.6566924e-01 -2.4611328e-01 -4.1500000e+00]
 [ 4.6359160e-02  2.5047326e-01  9.6691944e-01  1.4304000e+02]
 [ 9.9545952e-01  6.7566960e-02 -6.5101220e-02 -1.1673000e+03]
 [ 0.0000000e+00  0.0000000e+00  0.0000000e+00  1.0000000e+00]]
[-0056.83, -0030.62, -1082.93]
2250, 1500, 2250
[[-8.8242000e-02  9.6391620e-01 -2.5040660e-01 -5.0900000e+00]
 [ 5.1629800e-02  2.5566222e-01  9.6525354e-01  1.4324000e+02]
 [ 9.9457140e-01  7.2426460e-02 -7.2195780e-02 -1.1672100e+03]
 [ 0.0000000e+00  0.0000000e+00  0.0000000e+00  1.0000000e+00]]
[-0117.55, +0083.76, -1114.54]
1875, 1500, 1875
[[-8.3751400e-02  9.6490336e-01 -2.4780808e-01 -4.4900000e+00]
 [ 4.7692720e-02  2.5254566e-01  9.6621674e-01  1.4308000e+02]
 [ 9.9507424e-01  6.9360580e-02 -6.6980100e-02 -1.1673000e+03]
 [ 0.0000000e+00  0.0000000e+00  0.0000000e+00  1.0000000e+00]]
[-0111.42, +0065.71, -1090.16]
1500, 1125, 1500
[[-8.3153800e-02  9.6521388e-01 -2.4707344e-01 -4.4100000e+00]
 [ 4.7408640e-02  2.5168284e-01  9.6650412e-01  1.4302000e+02]
 [ 9.9520628e-01  6.8847360e-02 -6.6545800e-02 -1.1672900e+03]
 [ 0.0000000e+00  0.0000000e+00  0.0000000e+00  1.0000000e+00]]
[-0112.86, +0072.92, -1077.34]
1125, 1125, 1125
[[-8.2793620e-02  9.6537296e-01 -2.4661836e-01 -4.3100000e+00]
 [ 4.6972960e-02  2.5116182e-01  9.6666888e-01  1.4301000e+02]
 [ 9.9526836e-01  6.8631120e-02 -6.6006800e-02 -1.1672900e+03]
 [ 0.0000000e+00  0.0000000e+00  0.0000000e+00  1.0000000e+00]]
[-0097.07, +0039.58, -1058.42]
750, 1125, 750
[[-8.1663300e-02  9.6573676e-01 -2.4551308e-01 -4.1500000e+00]
 [ 4.6356760e-02  2.4995184e-01  9.6700204e-01  1.4295000e+02]
 [ 9.9537692e-01  6.7782040e-02 -6.5036100e-02 -1.1673000e+03]
 [ 0.0000000e+00  0.0000000e+00  0.0000000e+00  1.0000000e+00]]
[-0075.38, -0002.08, -1055.33]
1875, 750, 1875
[[-8.4276100e-02  9.6504316e-01 -2.4731472e-01 -4.5100000e+00]
 [ 4.7552920e-02  2.5202096e-01  9.6640116e-01  1.4301000e+02]
 [ 9.9509376e-01  6.9886920e-02 -6.6980100e-02 -1.1672900e+03]
 [ 0.0000000e+00  0.0000000e+00  0.0000000e+00  1.0000000e+00]]
[-0130.43, +0115.64, -1142.10]
1500, 750, 1500
[[-8.2207080e-02  9.6543238e-01 -2.4642214e-01 -4.3500000e+00]
 [ 4.7452220e-02  2.5099820e-01  9.6665966e-01  1.4296000e+02]
 [ 9.9525466e-01  6.7992140e-02 -6.6283720e-02 -1.1672700e+03]
 [ 0.0000000e+00  0.0000000e+00  0.0000000e+00  1.0000000e+00]]
[-0127.43, +0104.68, -1100.64]
1125, 750, 1125
[[-8.2609060e-02  9.6554942e-01 -2.4595924e-01 -4.2800000e+00]
 [ 4.6519660e-02  2.5046550e-01  9.6686612e-01  1.4294000e+02]
 [ 9.9529772e-01  6.8618440e-02 -6.5468200e-02 -1.1673100e+03]
 [ 0.0000000e+00  0.0000000e+00  0.0000000e+00  1.0000000e+00]]
[-0118.01, +0079.36, -1065.86]
750, 750, 750
[[-8.1007540e-02  9.6591688e-01 -2.4487970e-01 -4.1200000e+00]
 [ 4.5556400e-02  2.4925500e-01  9.6719480e-01  1.4288000e+02]
 [ 9.9543262e-01  6.7422160e-02 -6.4026100e-02 -1.1673000e+03]
 [ 0.0000000e+00  0.0000000e+00  0.0000000e+00  1.0000000e+00]]
[-0099.28, +0039.07, -1043.85]
2250, 2250, 2250
[[-8.5975300e-02  9.6405910e-01 -2.5027290e-01 -4.8000000e+00]
 [ 4.9609420e-02  2.5531334e-01  9.6538530e-01  1.4326000e+02]
 [ 9.9477906e-01  7.0851420e-02 -6.9580200e-02 -1.1672400e+03]
 [ 0.0000000e+00  0.0000000e+00  0.0000000e+00  1.0000000e+00]]
[-0094.03, +0039.46, -1101.44]
1875, 1875, 2250
[[-8.3825700e-02  9.6487044e-01 -2.4836198e-01 -4.5900000e+00]
 [ 4.8883640e-02  2.5307736e-01  9.6609804e-01  1.4313000e+02]
 [ 9.9512262e-01  6.8993240e-02 -6.8270100e-02 -1.1672600e+03]
 [ 0.0000000e+00  0.0000000e+00  0.0000000e+00  1.0000000e+00]]
[-0129.86, +0040.03, -1103.96]
1500, 1500, 2250
[[-8.3464000e-02  9.6476144e-01 -2.4828792e-01 -4.5600000e+00]
 [ 4.8005600e-02  2.5307000e-01  9.6603420e-01  1.4308000e+02]
 [ 9.9504120e-01  6.9007080e-02 -6.7217040e-02 -1.1672700e+03]
 [ 0.0000000e+00  0.0000000e+00  0.0000000e+00  1.0000000e+00]]
[-0156.27, +0040.49, -1118.29]
1125, 1125, 2250
[[-8.3102820e-02  9.6492070e-01 -2.4783316e-01 -4.5200000e+00]
 [ 4.7570300e-02  2.5254950e-01  9.6619940e-01  1.4303000e+02]
 [ 9.9510316e-01  6.8791400e-02 -6.6677320e-02 -1.1672900e+03]
 [ 0.0000000e+00  0.0000000e+00  0.0000000e+00  1.0000000e+00]]
[-0174.75, +0040.05, -1143.66]
750, 750, 1875
[[-8.1961000e-02  9.6556660e-01 -2.4598380e-01 -4.2500000e+00]
 [ 4.6396600e-02  2.5046942e-01  9.6684894e-01  1.4290000e+02]
 [ 9.9532620e-01  6.8048940e-02 -6.5166420e-02 -1.1672900e+03]
 [ 0.0000000e+00  0.0000000e+00  0.0000000e+00  1.0000000e+00]]
[-0186.04, +0040.25, -1137.25]
2250, 2250, 1875
[[-8.5186260e-02  9.6436648e-01 -2.4938104e-01 -4.6600000e+00]
 [ 4.8344560e-02  2.5426974e-01  9.6572872e-01  1.4327000e+02]
 [ 9.9491528e-01  7.0473040e-02 -6.8088960e-02 -1.1672500e+03]
 [ 0.0000000e+00  0.0000000e+00  0.0000000e+00  1.0000000e+00]]
[-0063.39, +0039.45, -1099.13]
1875, 1875, 1875
[[-8.3751400e-02  9.6499078e-01 -2.4792654e-01 -4.4900000e+00]
 [ 4.7605300e-02  2.5254566e-01  9.6630222e-01  1.4310000e+02]
 [ 9.9519270e-01  6.9275100e-02 -6.6980100e-02 -1.1672700e+03]
 [ 0.0000000e+00  0.0000000e+00  0.0000000e+00  1.0000000e+00]]
[-0099.99, +0039.48, -1087.57]
1500, 1500, 1875
[[-8.3102820e-02  9.6503912e-01 -2.4774576e-01 -4.4700000e+00]
 [ 4.7688720e-02  2.5237848e-01  9.6630436e-01  1.4306000e+02]
 [ 9.9519056e-01  6.8686440e-02 -6.6848340e-02 -1.1672700e+03]
 [ 0.0000000e+00  0.0000000e+00  0.0000000e+00  1.0000000e+00]]
[-0132.45, +0040.00, -1089.29]
1125, 1125, 1500
[[-8.2742160e-02  9.6537848e-01 -2.4679172e-01 -4.3700000e+00]
 [ 4.7783120e-02  2.5134432e-01  9.6661312e-01  1.4302000e+02]
 [ 9.9527812e-01  6.8326720e-02 -6.6822480e-02 -1.1672700e+03]
 [ 0.0000000e+00  0.0000000e+00  0.0000000e+00  1.0000000e+00]]
[-0135.10, +0039.99, -1074.62]
750, 750, 1500
[[-8.1663300e-02  9.6567552e-01 -2.4592456e-01 -4.2600000e+00]
 [ 4.5945280e-02  2.5029432e-01  9.6696324e-01  1.4293000e+02]
 [ 9.9543816e-01  6.7820840e-02 -6.4693620e-02 -1.1673000e+03]
 [ 0.0000000e+00  0.0000000e+00  0.0000000e+00  1.0000000e+00]]
[-0173.51, +0040.25, -1095.95]
2250, 2250, 1500
[[-8.5786420e-02  9.6404774e-01 -2.5085124e-01 -4.7200000e+00]
 [ 4.7921540e-02  2.5564262e-01  9.6546708e-01  1.4347000e+02]
 [ 9.9499644e-01  7.0958520e-02 -6.8014800e-02 -1.1672700e+03]
 [ 0.0000000e+00  0.0000000e+00  0.0000000e+00  1.0000000e+00]]
[-0041.00, +0038.53, -1104.92]
1875, 1875, 1500
[[-8.3040820e-02  9.6512052e-01 -2.4714364e-01 -4.4300000e+00]
 [ 4.7909880e-02  2.5186150e-01  9.6637416e-01  1.4310000e+02]
 [ 9.9510916e-01  6.8678640e-02 -6.6953680e-02 -1.1672700e+03]
 [ 0.0000000e+00  0.0000000e+00  0.0000000e+00  1.0000000e+00]]
[-0063.97, +0039.79, -1084.67]
1500, 1500, 1125
[[-8.2793620e-02  9.6537296e-01 -2.4661836e-01 -4.3700000e+00]
 [ 4.6972960e-02  2.5116182e-01  9.6666888e-01  1.4305000e+02]
 [ 9.9526836e-01  6.8631120e-02 -6.6006800e-02 -1.1673000e+03]
 [ 0.0000000e+00  0.0000000e+00  0.0000000e+00  1.0000000e+00]]
[-0058.37, +0039.46, -1071.40]
1125, 1125, 1125
[[-8.1961000e-02  9.6544838e-01 -2.4607134e-01 -4.2900000e+00]
 [ 4.6278380e-02  2.5064060e-01  9.6674394e-01  1.4297000e+02]
 [ 9.9523866e-01  6.8153940e-02 -6.4995240e-02 -1.1673000e+03]
 [ 0.0000000e+00  0.0000000e+00  0.0000000e+00  1.0000000e+00]]
[-0097.45, +0039.73, -1058.42]
750, 750, 1125
[[-8.1540980e-02  9.6589362e-01 -2.4504420e-01 -4.1800000e+00]
 [ 4.6093620e-02  2.4943022e-01  9.6716820e-01  1.4290000e+02]
 [ 9.9542580e-01  6.7738200e-02 -6.4734760e-02 -1.1673000e+03]
 [ 0.0000000e+00  0.0000000e+00  0.0000000e+00  1.0000000e+00]]
[-0144.55, +0040.06, -1063.62]
1875, 1875, 750
[[-8.3153800e-02  9.6536318e-01 -2.4678014e-01 -4.3500000e+00]
 [ 4.7732860e-02  2.5134060e-01  9.6662842e-01  1.4312000e+02]
 [ 9.9526282e-01  6.8723060e-02 -6.6888040e-02 -1.1672600e+03]
 [ 0.0000000e+00  0.0000000e+00  0.0000000e+00  1.0000000e+00]]
[-0002.85, +0039.43, -1125.06]
1500, 1500, 750
[[-8.2609060e-02  9.6558012e-01 -2.4575342e-01 -4.2600000e+00]
 [ 4.6725480e-02  2.5029432e-01  9.6688548e-01  1.4303000e+02]
 [ 9.9526702e-01  6.8599080e-02 -6.5639380e-02 -1.1672800e+03]
 [ 0.0000000e+00  0.0000000e+00  0.0000000e+00  1.0000000e+00]]
[-0021.07, +0039.09, -1087.24]
1125, 1125, 750
[[-8.2136100e-02  9.6561470e-01 -2.4557420e-01 -4.2600000e+00]
 [ 4.6584940e-02  2.5012310e-01  9.6690092e-01  1.4295000e+02]
 [ 9.9526292e-01  6.8233400e-02 -6.5337640e-02 -1.1672800e+03]
 [ 0.0000000e+00  0.0000000e+00  0.0000000e+00  1.0000000e+00]]
[-0053.43, +0039.56, -1058.35]
750, 750, 750
[[-8.0771400e-02  9.6591884e-01 -2.4489272e-01 -4.1200000e+00]
 [ 4.5383120e-02  2.4925500e-01  9.6719284e-01  1.4288000e+02]
 [ 9.9544564e-01  6.7248880e-02 -6.3789960e-02 -1.1673000e+03]
 [ 0.0000000e+00  0.0000000e+00  0.0000000e+00  1.0000000e+00]]
[-0101.47, +0039.53, -1044.12]
750, 937, 1125
[[-8.2197460e-02  9.6586254e-01 -2.4538392e-01 -4.2200000e+00]
 [ 4.7217780e-02  2.4978430e-01  9.6709944e-01  1.4294000e+02]
 [ 9.9542664e-01  6.7973520e-02 -6.6088000e-02 -1.1672400e+03]
 [ 0.0000000e+00  0.0000000e+00  0.0000000e+00  1.0000000e+00]]
[-0132.78, +0017.85, -1062.22]
750, 1125, 1500
[[-8.2145440e-02  9.6568828e-01 -2.4605660e-01 -4.2900000e+00]
 [ 4.7498200e-02  2.5048070e-01  9.6690040e-01  1.4296000e+02]
 [ 9.9541028e-01  6.7813040e-02 -6.6389700e-02 -1.1672400e+03]
 [ 0.0000000e+00  0.0000000e+00  0.0000000e+00  1.0000000e+00]]
[-0154.80, +0002.79, -1091.13]
750, 1312, 1875
[[-8.2443700e-02  9.6539968e-01 -2.4661456e-01 -4.3600000e+00]
 [ 4.7419520e-02  2.5116942e-01  9.6664216e-01  1.4300000e+02]
 [ 9.9527216e-01  6.8184560e-02 -6.6349120e-02 -1.1672600e+03]
 [ 0.0000000e+00  0.0000000e+00  0.0000000e+00  1.0000000e+00]]
[-0167.21, -0004.77, -1127.27]
1125, 937, 750
[[-8.1663300e-02  9.6576738e-01 -2.4530734e-01 -4.2100000e+00]
 [ 4.6562500e-02  2.4978054e-01  9.6702138e-01  1.4293000e+02]
 [ 9.9534630e-01  6.7762700e-02 -6.5207400e-02 -1.1672600e+03]
 [ 0.0000000e+00  0.0000000e+00  0.0000000e+00  1.0000000e+00]]
[-0062.39, +0060.73, -1055.39]
1125, 1125, 1125
[[-8.3092000e-02  9.6547516e-01 -2.4597212e-01 -4.3100000e+00]
 [ 4.8159880e-02  2.5065200e-01  9.6671716e-01  1.4299000e+02]
 [ 9.9515084e-01  6.8696120e-02 -6.7164960e-02 -1.1672500e+03]
 [ 0.0000000e+00  0.0000000e+00  0.0000000e+00  1.0000000e+00]]
[-0096.75, +0040.14, -1058.43]
1125, 1312, 1500
[[-8.3328740e-02  9.6541152e-01 -2.4637032e-01 -4.3700000e+00]
 [ 4.7921280e-02  2.5099448e-01  9.6668052e-01  1.4299000e+02]
 [ 9.9519912e-01  6.8907720e-02 -6.7059220e-02 -1.1672600e+03]
 [ 0.0000000e+00  0.0000000e+00  0.0000000e+00  1.0000000e+00]]
[-0126.19, +0023.60, -1074.27]
1500, 1687, 1875
[[-8.3452500e-02  9.6495574e-01 -2.4742532e-01 -4.5100000e+00]
 [ 4.7535260e-02  2.5219982e-01  9.6626524e-01  1.4308000e+02]
 [ 9.9503732e-01  6.9199240e-02 -6.6677320e-02 -1.1672900e+03]
 [ 0.0000000e+00  0.0000000e+00  0.0000000e+00  1.0000000e+00]]
[-0122.29, +0028.26, -1087.72]
1500, 1875, 2250
[[-8.4112740e-02  9.6486258e-01 -2.4817528e-01 -4.5900000e+00]
 [ 4.8246380e-02  2.5289526e-01  9.6615648e-01  1.4312000e+02]
 [ 9.9509952e-01  6.9471280e-02 -6.7691040e-02 -1.1672700e+03]
 [ 0.0000000e+00  0.0000000e+00  0.0000000e+00  1.0000000e+00]]
[-0139.84, +0014.98, -1111.79]
1500, 1125, 750
[[-8.2197460e-02  9.6550782e-01 -2.4564654e-01 -4.1900000e+00]
 [ 4.6863060e-02  2.5029820e-01  9.6678462e-01  1.4294000e+02]
 [ 9.9516402e-01  6.8288340e-02 -6.5574100e-02 -1.1672400e+03]
 [ 0.0000000e+00  0.0000000e+00  0.0000000e+00  1.0000000e+00]]
[-0032.59, +0074.24, -1080.12]
1500, 1312, 1125
[[-8.2907080e-02  9.6549732e-01 -2.4634228e-01 -4.2700000e+00]
 [ 4.6677480e-02  2.5081174e-01  9.6681798e-01  1.4296000e+02]
 [ 9.9533452e-01  6.8780220e-02 -6.5770180e-02 -1.1672600e+03]
 [ 0.0000000e+00  0.0000000e+00  0.0000000e+00  1.0000000e+00]]
[-0064.49, +0059.08, -1069.73]
1875, 1687, 1500
[[-8.3040820e-02  9.6520794e-01 -2.4726204e-01 -4.4500000e+00]
 [ 4.7822460e-02  2.5186150e-01  9.6645972e-01  1.4306000e+02]
 [ 9.9522756e-01  6.8593080e-02 -6.6953680e-02 -1.1672600e+03]
 [ 0.0000000e+00  0.0000000e+00  0.0000000e+00  1.0000000e+00]]
[-0065.45, +0058.96, -1083.54]
1875, 1875, 1875
[[-8.4287520e-02  9.6482380e-01 -2.4764684e-01 -4.5200000e+00]
 [ 4.8522200e-02  2.5254950e-01  9.6612340e-01  1.4311000e+02]
 [ 9.9491684e-01  6.9741400e-02 -6.7862020e-02 -1.1672500e+03]
 [ 0.0000000e+00  0.0000000e+00  0.0000000e+00  1.0000000e+00]]
[-0094.14, +0042.37, -1087.03]
1875, 2062, 2250
[[-8.4349800e-02  9.6471098e-01 -2.4845494e-01 -4.6000000e+00]
 [ 4.8094780e-02  2.5323710e-01  9.6603406e-01  1.4313000e+02]
 [ 9.9502966e-01  6.9768460e-02 -6.7586260e-02 -1.1672600e+03]
 [ 0.0000000e+00  0.0000000e+00  0.0000000e+00  1.0000000e+00]]
[-0116.87, +0027.80, -1101.26]
1875, 1312, 750
[[-8.2670500e-02  9.6553004e-01 -2.4614978e-01 -4.3200000e+00]
 [ 4.6710200e-02  2.5064060e-01  9.6683540e-01  1.4298000e+02]
 [ 9.9531710e-01  6.8587720e-02 -6.5704740e-02 -1.1672800e+03]
 [ 0.0000000e+00  0.0000000e+00  0.0000000e+00  1.0000000e+00]]
[-0013.90, +0082.91, -1112.55]
2250, 1687, 1125
[[-8.4338100e-02  9.6502376e-01 -2.4750508e-01 -4.4900000e+00]
 [ 4.7743280e-02  2.5219590e-01  9.6637016e-01  1.4311000e+02]
 [ 9.9511316e-01  6.9855920e-02 -6.7217040e-02 -1.1672700e+03]
 [ 0.0000000e+00  0.0000000e+00  0.0000000e+00  1.0000000e+00]]
[-0026.44, +0077.28, -1116.62]
2250, 1875, 1500
[[-8.4824040e-02  9.6480070e-01 -2.4780970e-01 -4.5500000e+00]
 [ 4.9058300e-02  2.5272428e-01  9.6609602e-01  1.4314000e+02]
 [ 9.9490870e-01  7.0056020e-02 -6.8573320e-02 -1.1672200e+03]
 [ 0.0000000e+00  0.0000000e+00  0.0000000e+00  1.0000000e+00]]
[-0045.58, +0066.11, -1102.20]
2250, 2062, 1875
[[-8.4936500e-02  9.6480024e-01 -2.4835782e-01 -4.6100000e+00]
 [ 4.7939280e-02  2.5305836e-01  9.6616824e-01  1.4315000e+02]
 [ 9.9509946e-01  7.0283280e-02 -6.7652500e-02 -1.1672500e+03]
 [ 0.0000000e+00  0.0000000e+00  0.0000000e+00  1.0000000e+00]]
[-0070.86, +0052.03, -1096.52]
2250, 2250, 2250
[[-8.5011600e-02  9.6453020e-01 -2.4908580e-01 -4.7100000e+00]
 [ 4.8892680e-02  2.5393206e-01  9.6583930e-01  1.4322000e+02]
 [ 9.9497324e-01  7.0125180e-02 -6.8601300e-02 -1.1672200e+03]
 [ 0.0000000e+00  0.0000000e+00  0.0000000e+00  1.0000000e+00]]
[-0094.23, +0039.02, -1101.63]
750, 750, 750
[[-8.0535300e-02  9.6598164e-01 -2.4449438e-01 -4.0700000e+00]
 [ 4.5621160e-02  2.4891228e-01  9.6722964e-01  1.4286000e+02]
 [ 9.9539778e-01  6.7036840e-02 -6.3896580e-02 -1.1672700e+03]
 [ 0.0000000e+00  0.0000000e+00  0.0000000e+00  1.0000000e+00]]
[-0099.43, +0039.70, -1043.95]
937, 750, 1125
[[-8.2136100e-02  9.6567602e-01 -2.4516264e-01 -4.2400000e+00]
 [ 4.6996500e-02  2.4978054e-01  9.6693952e-01  1.4290000e+02]
 [ 9.9520160e-01  6.8194800e-02 -6.5680200e-02 -1.1672500e+03]
 [ 0.0000000e+00  0.0000000e+00  0.0000000e+00  1.0000000e+00]]
[-0131.93, +0062.18, -1062.62]
1125, 750, 1500
[[-8.3380360e-02  9.6558576e-01 -2.4569788e-01 -4.3200000e+00]
 [ 4.7641320e-02  2.5029820e-01  9.6687984e-01  1.4290000e+02]
 [ 9.9521536e-01  6.9068520e-02 -6.6757000e-02 -1.1672600e+03]
 [ 0.0000000e+00  0.0000000e+00  0.0000000e+00  1.0000000e+00]]
[-0153.07, +0077.16, -1091.72]
1312, 750, 1875
[[-8.2968640e-02  9.6530288e-01 -2.4629616e-01 -4.4000000e+00]
 [ 4.7043040e-02  2.5098680e-01  9.6661608e-01  1.4294000e+02]
 [ 9.9511728e-01  6.8920560e-02 -6.6006800e-02 -1.1672800e+03]
 [ 0.0000000e+00  0.0000000e+00  0.0000000e+00  1.0000000e+00]]
[-0163.56, +0086.48, -1127.88]
937, 1125, 750
[[-8.1716200e-02  9.6573182e-01 -2.4533954e-01 -4.1700000e+00]
 [ 4.5546580e-02  2.4976878e-01  9.6705694e-01  1.4293000e+02]
 [ 9.9536674e-01  6.8085740e-02 -6.4220980e-02 -1.1672900e+03]
 [ 0.0000000e+00  0.0000000e+00  0.0000000e+00  1.0000000e+00]]
[-0062.72, +0018.08, -1054.57]
1125, 1125, 1125
[[-8.2907080e-02  9.6555884e-01 -2.4593060e-01 -4.3100000e+00]
 [ 4.7089160e-02  2.5046942e-01  9.6685670e-01  1.4296000e+02]
 [ 9.9527300e-01  6.8741500e-02 -6.6112500e-02 -1.1672600e+03]
 [ 0.0000000e+00  0.0000000e+00  0.0000000e+00  1.0000000e+00]]
[-0096.60, +0039.77, -1058.46]
1312, 1125, 1500
[[-8.3442000e-02  9.6529896e-01 -2.4626928e-01 -4.3600000e+00]
 [ 4.7389200e-02  2.5098680e-01  9.6662000e-01  1.4301000e+02]
 [ 9.9509040e-01  6.9266720e-02 -6.6480160e-02 -1.1672800e+03]
 [ 0.0000000e+00  0.0000000e+00  0.0000000e+00  1.0000000e+00]]
[-0124.30, +0058.78, -1074.88]
1687, 1500, 1875
[[-8.3452500e-02  9.6510514e-01 -2.4713202e-01 -4.4800000e+00]
 [ 4.7859540e-02  2.5185774e-01  9.6638954e-01  1.4307000e+02]
 [ 9.9509378e-01  6.9074940e-02 -6.7019400e-02 -1.1672700e+03]
 [ 0.0000000e+00  0.0000000e+00  0.0000000e+00  1.0000000e+00]]
[-0121.25, +0059.27, -1089.17]
1875, 1500, 2250
[[-8.5111360e-02  9.6476136e-01 -2.4782928e-01 -4.6200000e+00]
 [ 4.8215280e-02  2.5271264e-01  9.6613536e-01  1.4309000e+02]
 [ 9.9491664e-01  7.0553280e-02 -6.7823360e-02 -1.1672500e+03]
 [ 0.0000000e+00  0.0000000e+00  0.0000000e+00  1.0000000e+00]]
[-0138.12, +0068.76, -1113.45]
1125, 1500, 750
[[-8.2145440e-02  9.6560080e-01 -2.4593832e-01 -4.2800000e+00]
 [ 4.7585680e-02  2.5048070e-01  9.6681474e-01  1.4299000e+02]
 [ 9.9529200e-01  6.7898700e-02 -6.6389700e-02 -1.1672400e+03]
 [ 0.0000000e+00  0.0000000e+00  0.0000000e+00  1.0000000e+00]]
[-0035.31, +0005.34, -1076.80]
1312, 1500, 1125
[[-8.2443700e-02  9.6543054e-01 -2.4640878e-01 -4.3500000e+00]
 [ 4.7625300e-02  2.5099820e-01  9.6666150e-01  1.4301000e+02]
 [ 9.9524130e-01  6.8165220e-02 -6.6520340e-02 -1.1672500e+03]
 [ 0.0000000e+00  0.0000000e+00  0.0000000e+00  1.0000000e+00]]
[-0065.58, +0023.83, -1068.21]
1687, 1875, 1500
[[-8.3926260e-02  9.6518878e-01 -2.4722336e-01 -4.4700000e+00]
 [ 4.8118060e-02  2.5185774e-01  9.6647888e-01  1.4308000e+02]
 [ 9.9518512e-01  6.9335360e-02 -6.7493160e-02 -1.1672500e+03]
 [ 0.0000000e+00  0.0000000e+00  0.0000000e+00  1.0000000e+00]]
[-0066.46, +0026.18, -1081.85]
1875, 1875, 1875
[[-8.3988340e-02  9.6505096e-01 -2.4750120e-01 -4.5000000e+00]
 [ 4.8190000e-02  2.5220366e-01  9.6634296e-01  1.4311000e+02]
 [ 9.9511704e-01  6.9409200e-02 -6.7559040e-02 -1.1672500e+03]
 [ 0.0000000e+00  0.0000000e+00  0.0000000e+00  1.0000000e+00]]
[-0094.41, +0043.04, -1087.10]
2062, 1875, 2250
[[-8.5585680e-02  9.6463272e-01 -2.4862588e-01 -4.6700000e+00]
 [ 4.7736880e-02  2.5339584e-01  9.6606168e-01  1.4311000e+02]
 [ 9.9501372e-01  7.0976720e-02 -6.7614480e-02 -1.1672600e+03]
 [ 0.0000000e+00  0.0000000e+00  0.0000000e+00  1.0000000e+00]]
[-0116.28, +0056.38, -1102.21]
1312, 1875, 750
[[-8.2557000e-02  9.6540570e-01 -2.4642590e-01 -4.3100000e+00]
 [ 4.7005700e-02  2.5099068e-01  9.6668634e-01  1.4305000e+02]
 [ 9.9525090e-01  6.8438660e-02 -6.5941320e-02 -1.1672500e+03]
 [ 0.0000000e+00  0.0000000e+00  0.0000000e+00  1.0000000e+00]]
[-0016.04, -0002.82, -1107.82]
1687, 2250, 1125
[[-8.3700980e-02  9.6487806e-01 -2.4818700e-01 -4.4900000e+00]
 [ 4.8296940e-02  2.5289902e-01  9.6614100e-01  1.4320000e+02]
 [ 9.9511500e-01  6.9075000e-02 -6.7625000e-02 -1.1672400e+03]
 [ 0.0000000e+00  0.0000000e+00  0.0000000e+00  1.0000000e+00]]
[-0026.76, +0001.74, -1115.21]
1875, 2250, 1500
[[-8.4874260e-02  9.6493824e-01 -2.4808008e-01 -4.5300000e+00]
 [ 4.7867520e-02  2.5271264e-01  9.6630424e-01  1.4318000e+02]
 [ 9.9516744e-01  7.0209520e-02 -6.7586260e-02 -1.1672700e+03]
 [ 0.0000000e+00  0.0000000e+00  0.0000000e+00  1.0000000e+00]]
[-0046.02, +0014.00, -1100.94]
2062, 2250, 1875
[[-8.5123700e-02  9.6468576e-01 -2.4860412e-01 -4.6400000e+00]
 [ 4.8803520e-02  2.5341184e-01  9.6600864e-01  1.4317000e+02]
 [ 9.9500796e-01  7.0255680e-02 -6.8534900e-02 -1.1672000e+03]
 [ 0.0000000e+00  0.0000000e+00  0.0000000e+00  1.0000000e+00]]
[-0071.29, +0028.51, -1095.93]
2250, 2250, 2250
[[-8.5123700e-02  9.6450462e-01 -2.4910344e-01 -4.7300000e+00]
 [ 4.8272940e-02  2.5392430e-01  9.6586488e-01  1.4319000e+02]
 [ 9.9498312e-01  7.0399440e-02 -6.8022440e-02 -1.1672300e+03]
 [ 0.0000000e+00  0.0000000e+00  0.0000000e+00  1.0000000e+00]]
[-0094.45, +0040.15, -1101.71]
750, 750, 750
[[-8.0474500e-02  9.6605824e-01 -2.4462732e-01 -4.0800000e+00]
 [ 4.5137120e-02  2.4890840e-01  9.6732636e-01  1.4286000e+02]
 [ 9.9552684e-01  6.7000920e-02 -6.3489140e-02 -1.1672900e+03]
 [ 0.0000000e+00  0.0000000e+00  0.0000000e+00  1.0000000e+00]]
[-0099.58, +0039.87, -1044.00]
937, 1125, 750
[[-8.2311240e-02  9.6581158e-01 -2.4487118e-01 -4.2100000e+00]
 [ 4.7097380e-02  2.4943406e-01  9.6707698e-01  1.4294000e+02]
 [ 9.9525662e-01  6.8293780e-02 -6.5851540e-02 -1.1672300e+03]
 [ 0.0000000e+00  0.0000000e+00  0.0000000e+00  1.0000000e+00]]
[-0061.63, +0018.84, -1054.80]
1125, 1500, 750
[[-8.2083880e-02  9.6553258e-01 -2.4562946e-01 -4.2500000e+00]
 [ 4.7482580e-02  2.5030572e-01  9.6675986e-01  1.4298000e+02]
 [ 9.9515446e-01  6.8015140e-02 -6.6153160e-02 -1.1672200e+03]
 [ 0.0000000e+00  0.0000000e+00  0.0000000e+00  1.0000000e+00]]
[-0034.34, +0006.49, -1076.58]
1312, 1875, 750
[[-8.2680360e-02  9.6554704e-01 -2.4630792e-01 -4.2900000e+00]
 [ 4.7916720e-02  2.5082694e-01  9.6676826e-01  1.4305000e+02]
 [ 9.9531536e-01  6.8233380e-02 -6.6928260e-02 -1.1672300e+03]
 [ 0.0000000e+00  0.0000000e+00  0.0000000e+00  1.0000000e+00]]
[-0015.14, -0002.62, -1108.22]
937, 750, 1125
[[-8.2486420e-02  9.6561880e-01 -2.4537234e-01 -4.2600000e+00]
 [ 4.6344400e-02  2.4994400e-01  9.6694680e-01  1.4291000e+02]
 [ 9.9522834e-01  6.8660400e-02 -6.5166420e-02 -1.1672500e+03]
 [ 0.0000000e+00  0.0000000e+00  0.0000000e+00  1.0000000e+00]]
[-0132.61, +0060.76, -1062.42]
1125, 1125, 1125
[[-8.2557000e-02  9.6558560e-01 -2.4592680e-01 -4.3100000e+00]
 [ 4.7535600e-02  2.5047702e-01  9.6682994e-01  1.4297000e+02]
 [ 9.9527680e-01  6.8295060e-02 -6.6454980e-02 -1.1672400e+03]
 [ 0.0000000e+00  0.0000000e+00  0.0000000e+00  1.0000000e+00]]
[-0096.40, +0039.29, -1058.48]
1312, 1500, 1125
[[-8.2793620e-02  9.6552210e-01 -2.4632504e-01 -4.3400000e+00]
 [ 4.7297100e-02  2.5081950e-01  9.6679320e-01  1.4302000e+02]
 [ 9.9532504e-01  6.8506800e-02 -6.6349120e-02 -1.1672600e+03]
 [ 0.0000000e+00  0.0000000e+00  0.0000000e+00  1.0000000e+00]]
[-0065.60, +0024.88, -1067.91]
1687, 1875, 1500
[[-8.3514500e-02  9.6499836e-01 -2.4720402e-01 -4.4700000e+00]
 [ 4.8137400e-02  2.5203260e-01  9.6627300e-01  1.4308000e+02]
 [ 9.9499470e-01  6.9129480e-02 -6.7256260e-02 -1.1672300e+03]
 [ 0.0000000e+00  0.0000000e+00  0.0000000e+00  1.0000000e+00]]
[-0066.41, +0026.48, -1081.84]
1875, 2250, 1500
[[-8.4112740e-02  9.6486258e-01 -2.4817528e-01 -4.5200000e+00]
 [ 4.8246380e-02  2.5289526e-01  9.6615648e-01  1.4318000e+02]
 [ 9.9509952e-01  6.9471280e-02 -6.7691040e-02 -1.1672400e+03]
 [ 0.0000000e+00  0.0000000e+00  0.0000000e+00  1.0000000e+00]]
[-0045.83, +0013.27, -1100.98]
1125, 750, 1500
[[-8.2557000e-02  9.6561640e-01 -2.4572100e-01 -4.3300000e+00]
 [ 4.7741400e-02  2.5030572e-01  9.6684920e-01  1.4293000e+02]
 [ 9.9524600e-01  6.8275800e-02 -6.6626280e-02 -1.1672500e+03]
 [ 0.0000000e+00  0.0000000e+00  0.0000000e+00  1.0000000e+00]]
[-0153.38, +0077.08, -1092.07]
1312, 1125, 1500
[[-8.3442000e-02  9.6553568e-01 -2.4609424e-01 -4.3800000e+00]
 [ 4.7625920e-02  2.5064448e-01  9.6682976e-01  1.4299000e+02]
 [ 9.9526544e-01  6.9056960e-02 -6.6822480e-02 -1.1672600e+03]
 [ 0.0000000e+00  0.0000000e+00  0.0000000e+00  1.0000000e+00]]
[-0124.40, +0058.35, -1074.92]
1687, 1500, 1875
[[-8.4338100e-02  9.6496732e-01 -2.4718066e-01 -4.5100000e+00]
 [ 4.8036680e-02  2.5202492e-01  9.6630404e-01  1.4306000e+02]
 [ 9.9496366e-01  6.9922040e-02 -6.7388020e-02 -1.1672400e+03]
 [ 0.0000000e+00  0.0000000e+00  0.0000000e+00  1.0000000e+00]]
[-0121.21, +0058.81, -1089.08]
1875, 1875, 1875
[[-8.4163200e-02  9.6491888e-01 -2.4759056e-01 -4.5200000e+00]
 [ 4.7848160e-02  2.5237080e-01  9.6625168e-01  1.4309000e+02]
 [ 9.9502768e-01  6.9737440e-02 -6.7217040e-02 -1.1672400e+03]
 [ 0.0000000e+00  0.0000000e+00  0.0000000e+00  1.0000000e+00]]
[-0093.20, +0042.73, -1086.99]
2062, 2250, 1875
[[-8.4761680e-02  9.6454564e-01 -2.4873660e-01 -4.6300000e+00]
 [ 4.7719640e-02  2.5357478e-01  9.6592530e-01  1.4320000e+02]
 [ 9.9495780e-01  7.0289100e-02 -6.7310900e-02 -1.1672400e+03]
 [ 0.0000000e+00  0.0000000e+00  0.0000000e+00  1.0000000e+00]]
[-0069.39, +0027.60, -1096.00]
1312, 750, 1875
[[-8.3092000e-02  9.6544428e-01 -2.4617796e-01 -4.3900000e+00]
 [ 4.7954040e-02  2.5082326e-01  9.6669792e-01  1.4296000e+02]
 [ 9.9518172e-01  6.8715360e-02 -6.6993700e-02 -1.1672500e+03]
 [ 0.0000000e+00  0.0000000e+00  0.0000000e+00  1.0000000e+00]]
[-0163.80, +0085.43, -1127.63]
1687, 1125, 2250
[[-8.4874260e-02  9.6500044e-01 -2.4766812e-01 -4.6100000e+00]
 [ 4.8279480e-02  2.5237080e-01  9.6634304e-01  1.4304000e+02]
 [ 9.9510524e-01  7.0170720e-02 -6.7928100e-02 -1.1672400e+03]
 [ 0.0000000e+00  0.0000000e+00  0.0000000e+00  1.0000000e+00]]
[-0154.25, +0077.09, -1131.65]
1875, 1500, 2250
[[-8.4699400e-02  9.6489560e-01 -2.4775360e-01 -4.6200000e+00]
 [ 4.8384320e-02  2.5254566e-01  9.6622450e-01  1.4308000e+02]
 [ 9.9501976e-01  7.0052180e-02 -6.7928100e-02 -1.1672300e+03]
 [ 0.0000000e+00  0.0000000e+00  0.0000000e+00  1.0000000e+00]]
[-0137.78, +0068.71, -1113.34]
2062, 1875, 2250
[[-8.5822900e-02  9.6466182e-01 -2.4840606e-01 -4.6700000e+00]
 [ 4.8115740e-02  2.5322510e-01  9.6608322e-01  1.4313000e+02]
 [ 9.9496878e-01  7.1130060e-02 -6.8022440e-02 -1.1672600e+03]
 [ 0.0000000e+00  0.0000000e+00  0.0000000e+00  1.0000000e+00]]
[-0115.19, +0055.46, -1101.80]
2250, 2250, 2250
[[-8.5898280e-02  9.6436054e-01 -2.4933958e-01 -4.7200000e+00]
 [ 4.8862660e-02  2.5426974e-01  9.6573466e-01  1.4324000e+02]
 [ 9.9487382e-01  7.0991140e-02 -6.8800980e-02 -1.1672100e+03]
 [ 0.0000000e+00  0.0000000e+00  0.0000000e+00  1.0000000e+00]]
[-0093.33, +0039.49, -1101.43]
2250, 1875, 2062
[[-8.4524580e-02  9.6472848e-01 -2.4825096e-01 -4.6200000e+00]
 [ 4.8077280e-02  2.5306232e-01  9.6606716e-01  1.4312000e+02]
 [ 9.9499656e-01  6.9972440e-02 -6.7586260e-02 -1.1672400e+03]
 [ 0.0000000e+00  0.0000000e+00  0.0000000e+00  1.0000000e+00]]
[-0092.35, +0070.91, -1100.16]
2250, 1500, 1875
[[-8.4400180e-02  9.6488586e-01 -2.4778288e-01 -4.6000000e+00]
 [ 4.7815140e-02  2.5254174e-01  9.6623424e-01  1.4309000e+02]
 [ 9.9504512e-01  6.9929760e-02 -6.7283080e-02 -1.1672500e+03]
 [ 0.0000000e+00  0.0000000e+00  0.0000000e+00  1.0000000e+00]]
[-0089.95, +0095.00, -1108.46]
2250, 1125, 1687
[[-8.4750020e-02  9.6492066e-01 -2.4737496e-01 -4.5700000e+00]
 [ 4.7780340e-02  2.5219190e-01  9.6630032e-01  1.4307000e+02]
 [ 9.9497904e-01  7.0337680e-02 -6.7283080e-02 -1.1672400e+03]
 [ 0.0000000e+00  0.0000000e+00  0.0000000e+00  1.0000000e+00]]
[-0087.17, +0114.41, -1125.32]
1875, 750, 1312
[[-8.2433960e-02  9.6556272e-01 -2.4595728e-01 -4.3500000e+00]
 [ 4.6742880e-02  2.5046942e-01  9.6685282e-01  1.4294000e+02]
 [ 9.9529968e-01  6.8395220e-02 -6.5639380e-02 -1.1672800e+03]
 [ 0.0000000e+00  0.0000000e+00  0.0000000e+00  1.0000000e+00]]
[-0091.48, +0123.81, -1117.78]
1875, 2250, 2062
[[-8.4586900e-02  9.6467786e-01 -2.4864722e-01 -4.6100000e+00]
 [ 4.8061660e-02  2.5340796e-01  9.6601654e-01  1.4317000e+02]
 [ 9.9504718e-01  6.9960740e-02 -6.7652500e-02 -1.1672400e+03]
 [ 0.0000000e+00  0.0000000e+00  0.0000000e+00  1.0000000e+00]]
[-0096.06, +0009.93, -1099.13]
1875, 1875, 1875
[[-8.3514500e-02  9.6496734e-01 -2.4740988e-01 -4.5000000e+00]
 [ 4.7931540e-02  2.5220366e-01  9.6625364e-01  1.4307000e+02]
 [ 9.9502572e-01  6.9148840e-02 -6.7085200e-02 -1.1672600e+03]
 [ 0.0000000e+00  0.0000000e+00  0.0000000e+00  1.0000000e+00]]
[-0096.52, +0042.14, -1086.94]
1875, 1500, 1687
[[-8.3627400e-02  9.6521004e-01 -2.4704648e-01 -4.4600000e+00]
 [ 4.7754640e-02  2.5168284e-01  9.6650796e-01  1.4306000e+02]
 [ 9.9517932e-01  6.9193360e-02 -6.7019400e-02 -1.1672500e+03]
 [ 0.0000000e+00  0.0000000e+00  0.0000000e+00  1.0000000e+00]]
[-0093.77, +0071.81, -1085.62]
1500, 1125, 1312
[[-8.2793620e-02  9.6543460e-01 -2.4620672e-01 -4.3600000e+00]
 [ 4.7384600e-02  2.5081950e-01  9.6670760e-01  1.4299000e+02]
 [ 9.9520672e-01  6.8592400e-02 -6.6349120e-02 -1.1672600e+03]
 [ 0.0000000e+00  0.0000000e+00  0.0000000e+00  1.0000000e+00]]
[-0094.84, +0074.49, -1071.97]
1500, 750, 1125
[[-8.1961000e-02  9.6559728e-01 -2.4577804e-01 -4.3200000e+00]
 [ 4.6602360e-02  2.5029820e-01  9.6686832e-01  1.4291000e+02]
 [ 9.9529552e-01  6.8029560e-02 -6.5337640e-02 -1.1672400e+03]
 [ 0.0000000e+00  0.0000000e+00  0.0000000e+00  1.0000000e+00]]
[-0094.17, +0109.36, -1086.24]
1500, 2250, 1875
[[-8.4586900e-02  9.6465284e-01 -2.4811678e-01 -4.5200000e+00]
 [ 4.8560920e-02  2.5306620e-01  9.6596996e-01  1.4318000e+02]
 [ 9.9486626e-01  7.0007320e-02 -6.7994260e-02 -1.1672000e+03]
 [ 0.0000000e+00  0.0000000e+00  0.0000000e+00  1.0000000e+00]]
[-0093.79, -0014.41, -1105.82]
1500, 1875, 1687
[[-8.2978900e-02  9.6519638e-01 -2.4727736e-01 -4.3600000e+00]
 [ 4.7426140e-02  2.5185774e-01  9.6647128e-01  1.4303000e+02]
 [ 9.9523912e-01  6.8643440e-02 -6.6545800e-02 -1.1672500e+03]
 [ 0.0000000e+00  0.0000000e+00  0.0000000e+00  1.0000000e+00]]
[-0094.83, +0013.52, -1082.97]
1125, 1500, 1312
[[-8.2268800e-02  9.6556224e-01 -2.4631952e-01 -4.3300000e+00]
 [ 4.7966880e-02  2.5083054e-01  9.6675306e-01  1.4305000e+02]
 [ 9.9533056e-01  6.7837020e-02 -6.6862900e-02 -1.1672300e+03]
 [ 0.0000000e+00  0.0000000e+00  0.0000000e+00  1.0000000e+00]]
[-0097.39, +0006.24, -1070.46]
1125, 1125, 1125
[[-8.1908900e-02  9.6548436e-01 -2.4603912e-01 -4.3400000e+00]
 [ 4.7294280e-02  2.5065200e-01  9.6670796e-01  1.4297000e+02]
 [ 9.9521784e-01  6.7830520e-02 -6.5981860e-02 -1.1672500e+03]
 [ 0.0000000e+00  0.0000000e+00  0.0000000e+00  1.0000000e+00]]
[-0096.75, +0040.06, -1058.43]
1125, 750, 937
[[-8.2311240e-02  9.6575030e-01 -2.4528278e-01 -4.2700000e+00]
 [ 4.6685780e-02  2.4977670e-01  9.6703846e-01  1.4292000e+02]
 [ 9.9531790e-01  6.8332300e-02 -6.5508900e-02 -1.1672500e+03]
 [ 0.0000000e+00  0.0000000e+00  0.0000000e+00  1.0000000e+00]]
[-0096.17, +0080.74, -1059.00]
750, 1875, 1312
[[-8.2032180e-02  9.6538400e-01 -2.4683180e-01 -4.3400000e+00]
 [ 4.7264000e-02  2.5134432e-01  9.6660760e-01  1.4301000e+02]
 [ 9.9531820e-01  6.7807600e-02 -6.6112500e-02 -1.1672400e+03]
 [ 0.0000000e+00  0.0000000e+00  0.0000000e+00  1.0000000e+00]]
[-0093.67, -0049.93, -1117.71]
750, 1500, 1125
[[-8.1961000e-02  9.6556660e-01 -2.4598380e-01 -4.2600000e+00]
 [ 4.6396600e-02  2.5046942e-01  9.6684894e-01  1.4296000e+02]
 [ 9.9532620e-01  6.8048940e-02 -6.5166420e-02 -1.1672800e+03]
 [ 0.0000000e+00  0.0000000e+00  0.0000000e+00  1.0000000e+00]]
[-0098.17, -0030.21, -1083.60]
750, 1125, 937
[[-8.1724580e-02  9.6574806e-01 -2.4549798e-01 -4.2200000e+00]
 [ 4.6753140e-02  2.4995564e-01  9.6699074e-01  1.4293000e+02]
 [ 9.9536562e-01  6.7732060e-02 -6.5443780e-02 -1.1672400e+03]
 [ 0.0000000e+00  0.0000000e+00  0.0000000e+00  1.0000000e+00]]
[-0098.48, -0001.48, -1057.91]
750, 750, 750
[[-8.1358100e-02  9.6592122e-01 -2.4467796e-01 -4.1400000e+00]
 [ 4.5315900e-02  2.4907574e-01  9.6724028e-01  1.4284000e+02]
 [ 9.9539820e-01  6.7849000e-02 -6.3854800e-02 -1.1672700e+03]
 [ 0.0000000e+00  0.0000000e+00  0.0000000e+00  1.0000000e+00]]
[-0099.37, +0039.69, -1043.86]
2250, 2250, 2250
[[-8.6736500e-02  9.6434730e-01 -2.4947190e-01 -4.7900000e+00]
 [ 4.9967100e-02  2.5444828e-01  9.6569706e-01  1.4325000e+02]
 [ 9.9483930e-01  7.1426940e-02 -7.0159220e-02 -1.1671900e+03]
 [ 0.0000000e+00  0.0000000e+00  0.0000000e+00  1.0000000e+00]]
[-0094.07, +0039.37, -1101.47]
1875, 2250, 2062
[[-8.4412160e-02  9.6472272e-01 -2.4843936e-01 -4.5500000e+00]
 [ 4.8491040e-02  2.5324094e-01  9.6602232e-01  1.4316000e+02]
 [ 9.9501792e-01  6.9717840e-02 -6.7994260e-02 -1.1672400e+03]
 [ 0.0000000e+00  0.0000000e+00  0.0000000e+00  1.0000000e+00]]
[-0093.41, +0008.10, -1099.21]
1500, 2250, 1875
[[-8.3227060e-02  9.6496914e-01 -2.4833254e-01 -4.5000000e+00]
 [ 4.7863860e-02  2.5289902e-01  9.6622278e-01  1.4316000e+02]
 [ 9.9526054e-01  6.8643780e-02 -6.7151080e-02 -1.1672400e+03]
 [ 0.0000000e+00  0.0000000e+00  0.0000000e+00  1.0000000e+00]]
[-0091.13, -0015.47, -1105.89]
1125, 2250, 1687
[[-8.2866000e-02  9.6486060e-01 -2.4825820e-01 -4.4700000e+00]
 [ 4.6985800e-02  2.5289142e-01  9.6615846e-01  1.4315000e+02]
 [ 9.9517860e-01  6.8657540e-02 -6.6098580e-02 -1.1672700e+03]
 [ 0.0000000e+00  0.0000000e+00  0.0000000e+00  1.0000000e+00]]
[-0090.11, -0037.01, -1123.96]
750, 1875, 1312
[[-8.2486420e-02  9.6549632e-01 -2.4619562e-01 -4.2900000e+00]
 [ 4.5521120e-02  2.5062848e-01  9.6686912e-01  1.4301000e+02]
 [ 9.9535082e-01  6.8738080e-02 -6.4481940e-02 -1.1673000e+03]
 [ 0.0000000e+00  0.0000000e+00  0.0000000e+00  1.0000000e+00]]
[-0095.19, -0045.97, -1115.18]
2250, 1875, 2062
[[-8.5760580e-02  9.6468126e-01 -2.4821586e-01 -4.6700000e+00]
 [ 4.7925540e-02  2.5305020e-01  9.6611438e-01  1.4312000e+02]
 [ 9.9494934e-01  7.1161220e-02 -6.7785220e-02 -1.1672400e+03]
 [ 0.0000000e+00  0.0000000e+00  0.0000000e+00  1.0000000e+00]]
[-0095.03, +0069.50, -1099.94]
1875, 1875, 1875
[[-8.3040820e-02  9.6505856e-01 -2.4755528e-01 -4.4700000e+00]
 [ 4.7498240e-02  2.5220366e-01  9.6633536e-01  1.4307000e+02]
 [ 9.9517112e-01  6.8717440e-02 -6.6611520e-02 -1.1672500e+03]
 [ 0.0000000e+00  0.0000000e+00  0.0000000e+00  1.0000000e+00]]
[-0097.36, +0037.62, -1087.13]
1500, 1875, 1687
[[-8.2917060e-02  9.6518490e-01 -2.4729268e-01 -4.4300000e+00]
 [ 4.7029820e-02  2.5185390e-01  9.6648276e-01  1.4305000e+02]
 [ 9.9525060e-01  6.8693800e-02 -6.6138000e-02 -1.1672500e+03]
 [ 0.0000000e+00  0.0000000e+00  0.0000000e+00  1.0000000e+00]]
[-0095.74, +0009.47, -1083.91]
1125, 1500, 1312
[[-8.2618640e-02  9.6538632e-01 -2.4661644e-01 -4.3600000e+00]
 [ 4.7196240e-02  2.5116566e-01  9.6665552e-01  1.4301000e+02]
 [ 9.9527028e-01  6.8407840e-02 -6.6177940e-02 -1.1672500e+03]
 [ 0.0000000e+00  0.0000000e+00  0.0000000e+00  1.0000000e+00]]
[-0097.26, +0005.77, -1070.52]
750, 1500, 1125
[[-8.1374500e-02  9.6559490e-01 -2.4599320e-01 -4.2500000e+00]
 [ 4.6669900e-02  2.5047702e-01  9.6682064e-01  1.4297000e+02]
 [ 9.9534320e-01  6.7429360e-02 -6.5272480e-02 -1.1672600e+03]
 [ 0.0000000e+00  0.0000000e+00  0.0000000e+00  1.0000000e+00]]
[-0097.92, -0030.30, -1083.55]
2250, 1500, 1875
[[-8.5173640e-02  9.6486056e-01 -2.4793212e-01 -4.6400000e+00]
 [ 4.8524120e-02  2.5271660e-01  9.6620904e-01  1.4310000e+02]
 [ 9.9502344e-01  7.0417320e-02 -6.8231400e-02 -1.1672000e+03]
 [ 0.0000000e+00  0.0000000e+00  0.0000000e+00  1.0000000e+00]]
[-0092.13, +0094.43, -1108.20]
1875, 1500, 1687
[[-8.3627400e-02  9.6521004e-01 -2.4704648e-01 -4.4800000e+00]
 [ 4.7754640e-02  2.5168284e-01  9.6650796e-01  1.4305000e+02]
 [ 9.9517932e-01  6.9193360e-02 -6.7019400e-02 -1.1672300e+03]
 [ 0.0000000e+00  0.0000000e+00  0.0000000e+00  1.0000000e+00]]
[-0095.36, +0067.65, -1084.72]
1500, 1125, 1312
[[-8.2732020e-02  9.6539236e-01 -2.4642784e-01 -4.3800000e+00]
 [ 4.6782440e-02  2.5098680e-01  9.6669968e-01  1.4300000e+02]
 [ 9.9524896e-01  6.8661920e-02 -6.5770180e-02 -1.1672600e+03]
 [ 0.0000000e+00  0.0000000e+00  0.0000000e+00  1.0000000e+00]]
[-0095.08, +0073.83, -1071.69]
1125, 1125, 1125
[[-8.2320420e-02  9.6555668e-01 -2.4614594e-01 -4.3300000e+00]
 [ 4.7156680e-02  2.5064828e-01  9.6680876e-01  1.4297000e+02]
 [ 9.9532094e-01  6.8141240e-02 -6.6047140e-02 -1.1672400e+03]
 [ 0.0000000e+00  0.0000000e+00  0.0000000e+00  1.0000000e+00]]
[-0096.86, +0039.76, -1058.44]
750, 1125, 937
[[-8.1838440e-02  9.6572358e-01 -2.4551502e-01 -4.2100000e+00]
 [ 4.6133580e-02  2.4994796e-01  9.6701522e-01  1.4294000e+02]
 [ 9.9537498e-01  6.8005220e-02 -6.4864840e-02 -1.1672700e+03]
 [ 0.0000000e+00  0.0000000e+00  0.0000000e+00  1.0000000e+00]]
[-0098.52, -0001.62, -1057.95]
1875, 750, 1312
[[-8.3555460e-02  9.6542316e-01 -2.4599328e-01 -4.4000000e+00]
 [ 4.7093880e-02  2.5063664e-01  9.6676916e-01  1.4296000e+02]
 [ 9.9515664e-01  6.9415880e-02 -6.6243460e-02 -1.1672700e+03]
 [ 0.0000000e+00  0.0000000e+00  0.0000000e+00  1.0000000e+00]]
[-0089.21, +0128.78, -1122.37]
1500, 750, 1125
[[-8.2547700e-02  9.6559946e-01 -2.4556288e-01 -4.3000000e+00]
 [ 4.6534940e-02  2.5011918e-01  9.6691616e-01  1.4292000e+02]
 [ 9.9524768e-01  6.8629760e-02 -6.5402880e-02 -1.1672500e+03]
 [ 0.0000000e+00  0.0000000e+00  0.0000000e+00  1.0000000e+00]]
[-0094.24, +0109.59, -1086.49]
1125, 750, 937
[[-8.1961000e-02  9.6565864e-01 -2.4536652e-01 -4.2600000e+00]
 [ 4.7013880e-02  2.4995564e-01  9.6690696e-01  1.4290000e+02]
 [ 9.9523416e-01  6.7990920e-02 -6.5680200e-02 -1.1672100e+03]
 [ 0.0000000e+00  0.0000000e+00  0.0000000e+00  1.0000000e+00]]
[-0096.17, +0081.26, -1059.28]
750, 750, 750
[[-8.0657140e-02  9.6597346e-01 -2.4467020e-01 -4.1300000e+00]
 [ 4.6208300e-02  2.4909126e-01  9.6718804e-01  1.4287000e+02]
 [ 9.9540596e-01  6.6956600e-02 -6.4540240e-02 -1.1672800e+03]
 [ 0.0000000e+00  0.0000000e+00  0.0000000e+00  1.0000000e+00]]
[-0099.45, +0039.65, -1043.88]
2250, 2250, 2250
[[-8.5961040e-02  9.6434108e-01 -2.4952976e-01 -4.7900000e+00]
 [ 4.9052840e-02  2.5444440e-01  9.6570328e-01  1.4327000e+02]
 [ 9.9489328e-01  7.0959760e-02 -6.9038400e-02 -1.1672300e+03]
 [ 0.0000000e+00  0.0000000e+00  0.0000000e+00  1.0000000e+00]]
[-0094.08, +0039.20, -1101.48]
1875, 2062, 2250
[[-8.4000360e-02  9.6497534e-01 -2.4827646e-01 -4.6000000e+00]
 [ 4.8778740e-02  2.5290270e-01  9.6621658e-01  1.4311000e+02]
 [ 9.9520814e-01  6.9111780e-02 -6.8270100e-02 -1.1672200e+03]
 [ 0.0000000e+00  0.0000000e+00  0.0000000e+00  1.0000000e+00]]
[-0122.13, +0026.01, -1103.29]
1500, 1875, 2250
[[-8.2341780e-02  9.6490074e-01 -2.4825256e-01 -4.4400000e+00]
 [ 4.7656060e-02  2.5290270e-01  9.6611832e-01  1.4304000e+02]
 [ 9.9518424e-01  6.7987280e-02 -6.6611520e-02 -1.1671800e+03]
 [ 0.0000000e+00  0.0000000e+00  0.0000000e+00  1.0000000e+00]]
[-0141.96, +0015.33, -1112.74]
1125, 1687, 2250
[[-8.286600e-02  9.649226e-01 -2.478466e-01 -4.390000e+00]
 [ 4.739740e-02  2.525495e-01  9.661975e-01  1.430300e+02]
 [ 9.951166e-01  6.861850e-02 -6.644050e-02 -1.167190e+03]
 [ 0.000000e+00  0.000000e+00  0.000000e+00  1.000000e+00]]
[-0157.71, +0003.44, -1132.60]
750, 1312, 1875
[[-8.0788200e-02  9.6556160e-01 -2.4641400e-01 -4.1500000e+00]
 [ 4.6531920e-02  2.5082694e-01  9.6675370e-01  1.4292000e+02]
 [ 9.9542144e-01  6.6848580e-02 -6.5036100e-02 -1.1671600e+03]
 [ 0.0000000e+00  0.0000000e+00  0.0000000e+00  1.0000000e+00]]
[-0165.50, -0004.64, -1125.20]
2250, 2062, 1875
[[-8.4524580e-02  9.6469734e-01 -2.4845690e-01 -4.4600000e+00]
 [ 4.7871340e-02  2.5323318e-01  9.6604770e-01  1.4313000e+02]
 [ 9.9502770e-01  6.9991900e-02 -6.7415400e-02 -1.1671700e+03]
 [ 0.0000000e+00  0.0000000e+00  0.0000000e+00  1.0000000e+00]]
[-0068.31, +0052.73, -1096.36]
1875, 1875, 1875
[[-8.1981000e-02  9.6532758e-01 -2.4741694e-01 -4.3100000e+00]
 [ 4.7662820e-02  2.5186878e-01  9.6651306e-01  1.4304000e+02]
 [ 9.9538974e-01  6.7541860e-02 -6.6585780e-02 -1.1671400e+03]
 [ 0.0000000e+00  0.0000000e+00  0.0000000e+00  1.0000000e+00]]
[-0098.71, +0038.39, -1087.23]
1500, 1687, 1875
[[-8.2330600e-02  9.6533186e-01 -2.4721482e-01 -4.2900000e+00]
 [ 4.7421860e-02  2.5169036e-01  9.6655914e-01  1.4301000e+02]
 [ 9.9535518e-01  6.7969140e-02 -6.6414600e-02 -1.1671500e+03]
 [ 0.0000000e+00  0.0000000e+00  0.0000000e+00  1.0000000e+00]]
[-0123.51, +0025.17, -1088.14]
1125, 1312, 1500
[[-8.1672400e-02  9.6554292e-01 -2.4637636e-01 -4.1800000e+00]
 [ 4.6827960e-02  2.5082326e-01  9.6677238e-01  1.4298000e+02]
 [ 9.9538012e-01  6.7591140e-02 -6.5574100e-02 -1.1671800e+03]
 [ 0.0000000e+00  0.0000000e+00  0.0000000e+00  1.0000000e+00]]
[-0125.73, +0023.79, -1073.61]
750, 1125, 1500
[[-8.0963140e-02  9.6569738e-01 -2.4612270e-01 -4.1000000e+00]
 [ 4.6632500e-02  2.5048070e-01  9.6689130e-01  1.4291000e+02]
 [ 9.9547638e-01  6.6947340e-02 -6.5207400e-02 -1.1671700e+03]
 [ 0.0000000e+00  0.0000000e+00  0.0000000e+00  1.0000000e+00]]
[-0153.87, +0002.78, -1089.90]
2250, 1875, 1500
[[-8.3813520e-02  9.6488392e-01 -2.4799848e-01 -4.4000000e+00]
 [ 4.7883120e-02  2.5272048e-01  9.6618568e-01  1.4311000e+02]
 [ 9.9509368e-01  6.9329520e-02 -6.7217040e-02 -1.1671500e+03]
 [ 0.0000000e+00  0.0000000e+00  0.0000000e+00  1.0000000e+00]]
[-0044.19, +0066.15, -1102.37]
1875, 1687, 1500
[[-8.2330600e-02  9.6527536e-01 -2.4689072e-01 -4.3200000e+00]
 [ 4.7715040e-02  2.5151918e-01  9.6649294e-01  1.4301000e+02]
 [ 9.9520592e-01  6.8035340e-02 -6.6585780e-02 -1.1671700e+03]
 [ 0.0000000e+00  0.0000000e+00  0.0000000e+00  1.0000000e+00]]
[-0070.17, +0053.90, -1082.08]
1500, 1312, 1125
[[-8.2145440e-02  9.6545172e-01 -2.4623156e-01 -4.2700000e+00]
 [ 4.7261640e-02  2.5082326e-01  9.6669048e-01  1.4298000e+02]
 [ 9.9523532e-01  6.8022960e-02 -6.6047140e-02 -1.1671900e+03]
 [ 0.0000000e+00  0.0000000e+00  0.0000000e+00  1.0000000e+00]]
[-0066.48, +0057.81, -1068.94]
1125, 1125, 1125
[[-8.2372560e-02  9.6546384e-01 -2.4585428e-01 -4.1700000e+00]
 [ 4.6434080e-02  2.5046550e-01  9.6677856e-01  1.4296000e+02]
 [ 9.9519276e-01  6.8530880e-02 -6.5231700e-02 -1.1672100e+03]
 [ 0.0000000e+00  0.0000000e+00  0.0000000e+00  1.0000000e+00]]
[-0096.75, +0039.86, -1058.31]
750, 937, 1125
[[-8.0543080e-02  9.6575746e-01 -2.4556358e-01 -4.0500000e+00]
 [ 4.5887140e-02  2.4995564e-01  9.6698134e-01  1.4289000e+02]
 [ 9.9543122e-01  6.6866060e-02 -6.4262280e-02 -1.1671900e+03]
 [ 0.0000000e+00  0.0000000e+00  0.0000000e+00  1.0000000e+00]]
[-0132.35, +0019.19, -1061.80]
1875, 1312, 750
[[-8.2382020e-02  9.6548068e-01 -2.4601244e-01 -4.2200000e+00]
 [ 4.7640520e-02  2.5065200e-01  9.6671164e-01  1.4296000e+02]
 [ 9.9519116e-01  6.8176760e-02 -6.6454980e-02 -1.1671700e+03]
 [ 0.0000000e+00  0.0000000e+00  0.0000000e+00  1.0000000e+00]]
[-0012.84, +0082.35, -1112.57]
1500, 1125, 750
[[-8.2311240e-02  9.6568902e-01 -2.4569438e-01 -4.1600000e+00]
 [ 4.6274180e-02  2.5011918e-01  9.6699978e-01  1.4291000e+02]
 [ 9.9537918e-01  6.8370980e-02 -6.5166420e-02 -1.1672200e+03]
 [ 0.0000000e+00  0.0000000e+00  0.0000000e+00  1.0000000e+00]]
[-0033.79, +0072.45, -1078.92]
1125, 937, 750
[[-8.1899680e-02  9.6567792e-01 -2.4517592e-01 -4.1000000e+00]
 [ 4.6823280e-02  2.4978054e-01  9.6693762e-01  1.4290000e+02]
 [ 9.9521488e-01  6.8021580e-02 -6.5443780e-02 -1.1671900e+03]
 [ 0.0000000e+00  0.0000000e+00  0.0000000e+00  1.0000000e+00]]
[-0062.43, +0060.51, -1055.41]
