945, 1029, 1206
[[-9.5977160e-02  8.9562072e-01 -4.3363236e-01  3.4100000e+00]
 [ 4.6866840e-02  4.3953404e-01  8.9682712e-01  1.0289000e+02]
 [ 9.9397032e-01  6.6022040e-02 -8.3999560e-02 -1.1606700e+03]
 [ 0.0000000e+00  0.0000000e+00  0.0000000e+00  1.0000000e+00]]
[-0087.05, -0028.03, -1051.59]
1025, 1027, 1111
[[-9.4863240e-02  8.9575950e-01 -4.3378358e-01  3.3800000e+00]
 [ 4.7449580e-02  4.3954620e-01  8.9683806e-01  1.0289000e+02]
 [ 9.9413370e-01  6.4690700e-02 -8.4083400e-02 -1.1606600e+03]
 [ 0.0000000e+00  0.0000000e+00  0.0000000e+00  1.0000000e+00]]
[-0073.46, -0014.70, -1047.58]
1844, 1838, 1229
[[-9.7315080e-02  8.9472754e-01 -4.3526626e-01  3.1900000e+00]
 [ 4.8221540e-02  4.4133548e-01  8.9589338e-01  1.0301000e+02]
 [ 9.9381526e-01  6.6429620e-02 -8.5954600e-02 -1.1606500e+03]
 [ 0.0000000e+00  0.0000000e+00  0.0000000e+00  1.0000000e+00]]
[-0004.21, -0000.19, -1082.86]
1652, 2165, 998
[[-9.6097680e-02  8.9495712e-01 -4.3502944e-01  3.2500000e+00]
 [ 4.8822080e-02  4.4104800e-01  8.9599344e-01  1.0306000e+02]
 [ 9.9388896e-01  6.5112160e-02 -8.5930320e-02 -1.1606500e+03]
 [ 0.0000000e+00  0.0000000e+00  0.0000000e+00  1.0000000e+00]]
[+0018.38, -0035.67, -1107.81]
2233, 2063, 2026
[[-9.8705700e-02  8.9416384e-01 -4.3635942e-01  2.9700000e+00]
 [ 4.9606320e-02  4.4253660e-01  8.9528704e-01  1.0300000e+02]
 [ 9.9371914e-01  6.6863280e-02 -8.7954660e-02 -1.1605700e+03]
 [ 0.0000000e+00  0.0000000e+00  0.0000000e+00  1.0000000e+00]]
[-0057.92, +0001.85, -1087.91]
1317, 2039, 1329
[[-9.6343060e-02  8.9511504e-01 -4.3458580e-01  3.3000000e+00]
 [ 4.7858400e-02  4.4058934e-01  8.9625504e-01  1.0297000e+02]
 [ 9.9388396e-01  6.5822400e-02 -8.5124560e-02 -1.1606500e+03]
 [ 0.0000000e+00  0.0000000e+00  0.0000000e+00  1.0000000e+00]]
[-0021.37, -0060.90, -1084.25]
2052, 974, 784
[[-9.7003680e-02  8.9550708e-01 -4.3379684e-01  3.3200000e+00]
 [ 4.8781720e-02  4.3984560e-01  8.9661156e-01  1.0294000e+02]
 [ 9.9384756e-01  6.6022840e-02 -8.6226720e-02 -1.1606200e+03]
 [ 0.0000000e+00  0.0000000e+00  0.0000000e+00  1.0000000e+00]]
[-0012.04, +0070.12, -1125.93]
2104, 1681, 1620
[[-9.7929040e-02  8.9463436e-01 -4.3562456e-01  3.0900000e+00]
 [ 4.8503560e-02  4.4163440e-01  8.9580628e-01  1.0301000e+02]
 [ 9.9387464e-01  6.6714680e-02 -8.6571600e-02 -1.1606200e+03]
 [ 0.0000000e+00  0.0000000e+00  0.0000000e+00  1.0000000e+00]]
[-0042.22, +0025.22, -1084.74]
954, 2036, 1066
[[-9.5277000e-02  8.9545610e-01 -4.3427450e-01  3.3900000e+00]
 [ 4.8346100e-02  4.4015052e-01  8.9648290e-01  1.0301000e+02]
 [ 9.9403150e-01  6.4632100e-02 -8.5101480e-02 -1.1606600e+03]
 [ 0.0000000e+00  0.0000000e+00  0.0000000e+00  1.0000000e+00]]
[-0007.30, -0086.99, -1106.78]
793, 1451, 1802
[[-9.5579080e-02  8.9550144e-01 -4.3440460e-01  3.3500000e+00]
 [ 4.7791560e-02  4.4014492e-01  8.9658720e-01  1.0292000e+02]
 [ 9.9415600e-01  6.5037000e-02 -8.4805000e-02 -1.1606400e+03]
 [ 0.0000000e+00  0.0000000e+00  0.0000000e+00  1.0000000e+00]]
[-0110.78, -0081.50, -1107.73]
