65, 65, 65
[[-1.4871140e-01 -9.4364526e-01 -2.9473902e-01 -8.7930000e+01]
 [ 2.3893260e-02  2.9478062e-01 -9.5509026e-01  1.7150000e+01]
 [ 9.8831502e-01 -1.4933826e-01 -2.1092020e-02 -1.1744900e+03]
 [ 0.0000000e+00  0.0000000e+00  0.0000000e+00  1.0000000e+00]]
[-0012.36, +0022.67, -1074.30]
111, 106, 148
[[-1.5028722e-01 -9.4383860e-01 -2.9332830e-01 -8.7900000e+01]
 [ 2.2115400e-02  2.9365500e-01 -9.5548180e-01  1.6980000e+01]
 [ 9.8812130e-01 -1.5034380e-01 -2.3063220e-02 -1.1745000e+03]
 [ 0.0000000e+00  0.0000000e+00  0.0000000e+00  1.0000000e+00]]
[-0031.85, +0035.26, -1104.03]
67, 37, 67
[[-1.4889032e-01 -9.4337436e-01 -2.9580084e-01 -8.7870000e+01]
 [ 2.3892840e-02  2.9578382e-01 -9.5483462e-01  1.7260000e+01]
 [ 9.8837364e-01 -1.4941498e-01 -2.1362500e-02 -1.1744700e+03]
 [ 0.0000000e+00  0.0000000e+00  0.0000000e+00  1.0000000e+00]]
[-0016.93, +0049.96, -1075.47]
116, 89, 146
[[-1.5010464e-01 -9.4379424e-01 -2.9373792e-01 -8.7910000e+01]
 [ 2.2313280e-02  2.9398976e-01 -9.5540704e-01  1.7020000e+01]
 [ 9.8819616e-01 -1.5017632e-01 -2.2911040e-02 -1.1745100e+03]
 [ 0.0000000e+00  0.0000000e+00  0.0000000e+00  1.0000000e+00]]
[-0030.02, +0048.18, -1105.39]
112, 134, 54
[[-1.4931492e-01 -9.4328270e-01 -2.9546766e-01 -8.7880000e+01]
 [ 2.3649300e-02  2.9560140e-01 -9.5481910e-01  1.7200000e+01]
 [ 9.8819234e-01 -1.4985510e-01 -2.1604680e-02 -1.1745000e+03]
 [ 0.0000000e+00  0.0000000e+00  0.0000000e+00  1.0000000e+00]]
[+0030.65, -0004.65, -1101.02]
55, 88, 87
[[-1.4931492e-01 -9.4334404e-01 -2.9580108e-01 -8.7890000e+01]
 [ 2.3952840e-02  2.9575326e-01 -9.5486494e-01  1.7240000e+01]
 [ 9.8834332e-01 -1.4980926e-01 -2.1452820e-02 -1.1744700e+03]
 [ 0.0000000e+00  0.0000000e+00  0.0000000e+00  1.0000000e+00]]
[-0031.55, +0005.43, -1084.57]
135, 108, 127
[[-1.4998186e-01 -9.4341790e-01 -2.9493668e-01 -8.7940000e+01]
 [ 2.2996180e-02  2.9511510e-01 -9.5503076e-01  1.7110000e+01]
 [ 9.8817820e-01 -1.5025060e-01 -2.2393000e-02 -1.1745500e+03]
 [ 0.0000000e+00  0.0000000e+00  0.0000000e+00  1.0000000e+00]]
[-0006.97, +0040.66, -1098.84]
114, 44, 117
[[-1.5040404e-01 -9.4313158e-01 -2.9598306e-01 -8.7990000e+01]
 [ 2.2829340e-02  2.9611806e-01 -9.5479022e-01  1.7220000e+01]
 [ 9.8822162e-01 -1.5049374e-01 -2.2906740e-02 -1.1744900e+03]
 [ 0.0000000e+00  0.0000000e+00  0.0000000e+00  1.0000000e+00]]
[-0019.70, +0071.30, -1105.67]
75, 140, 70
[[-1.4931226e-01 -9.4311762e-01 -2.9663518e-01 -8.7940000e+01]
 [ 2.3513220e-02  2.9663452e-01 -9.5462382e-01  1.7300000e+01]
 [ 9.8838778e-01 -1.4962842e-01 -2.2027780e-02 -1.1744800e+03]
 [ 0.0000000e+00  0.0000000e+00  0.0000000e+00  1.0000000e+00]]
[+0001.24, -0021.98, -1099.16]
141, 117, 102
[[-1.5009960e-01 -9.4295068e-01 -2.9665036e-01 -8.8030000e+01]
 [ 2.2739080e-02  2.9681678e-01 -9.5456354e-01  1.7270000e+01]
 [ 9.8825116e-01 -1.5017534e-01 -2.2997380e-02 -1.1745000e+03]
 [ 0.0000000e+00  0.0000000e+00  0.0000000e+00  1.0000000e+00]]
[+0012.88, +0033.97, -1097.79]
123, 111, 149
[[-1.5040404e-01 -9.4273788e-01 -2.9646900e-01 -8.8030000e+01]
 [ 2.3405400e-02  2.9672510e-01 -9.5444230e-01  1.7220000e+01]
 [ 9.8797812e-01 -1.5084166e-01 -2.2299700e-02 -1.1745300e+03]
 [ 0.0000000e+00  0.0000000e+00  0.0000000e+00  1.0000000e+00]]
[-0028.24, +0036.99, -1105.07]
