945, 1029, 1206
[[-1.7306818e-01  4.5254940e-01 -8.7467098e-01  5.4060000e+01]
 [-1.4297400e-02  8.8692300e-01  4.6167540e-01  1.7176000e+02]
 [ 9.8470598e-01  9.2453400e-02 -1.4701618e-01 -1.1648800e+03]
 [ 0.0000000e+00  0.0000000e+00  0.0000000e+00  1.0000000e+00]]
[+0051.42, +0012.40, -1057.44]
1025, 1027, 1111
[[-1.7314280e-01  4.5248868e-01 -8.7453024e-01  5.4020000e+01]
 [-1.4533800e-02  8.8690736e-01  4.6166932e-01  1.7173000e+02]
 [ 9.8454960e-01  9.2756600e-02 -1.4695720e-01 -1.1648900e+03]
 [ 0.0000000e+00  0.0000000e+00  0.0000000e+00  1.0000000e+00]]
[+0054.61, +0031.44, -1052.94]
1844, 1838, 1229
[[-1.7559476e-01  4.5063036e-01 -8.7507636e-01  5.3770000e+01]
 [-1.5119640e-02  8.8771870e-01  4.6010262e-01  1.7169000e+02]
 [ 9.8417364e-01  9.4102620e-02 -1.4904530e-01 -1.1649000e+03]
 [ 0.0000000e+00  0.0000000e+00  0.0000000e+00  1.0000000e+00]]
[+0103.52, +0084.33, -1084.36]
1652, 2165, 998
[[-1.7425620e-01  4.5089532e-01 -8.7526656e-01  5.3820000e+01]
 [-1.4726880e-02  8.8769180e-01  4.6017796e-01  1.7177000e+02]
 [ 9.8447004e-01  9.3134560e-02 -1.4803156e-01 -1.1649100e+03]
 [ 0.0000000e+00  0.0000000e+00  0.0000000e+00  1.0000000e+00]]
[+0144.27, +0068.92, -1105.92]
2233, 2063, 2026
[[-1.7790138e-01  4.4928772e-01 -8.7536126e-01  5.3590000e+01]
 [-1.5690920e-02  8.8826040e-01  4.5904796e-01  1.7157000e+02]
 [ 9.8380414e-01  9.5455640e-02 -1.5095922e-01 -1.1648800e+03]
 [ 0.0000000e+00  0.0000000e+00  0.0000000e+00  1.0000000e+00]]
[+0060.37, +0052.96, -1092.81]
1317, 2039, 1329
[[-1.7395890e-01  4.5142332e-01 -8.7484394e-01  5.3910000e+01]
 [-1.4124440e-02  8.8745676e-01  4.6061172e-01  1.7178000e+02]
 [ 9.8434518e-01  9.2626360e-02 -1.4796930e-01 -1.1649000e+03]
 [ 0.0000000e+00  0.0000000e+00  0.0000000e+00  1.0000000e+00]]
[+0127.34, +0024.92, -1085.85]
2052, 974, 784
[[-1.7529828e-01  4.5222406e-01 -8.7426182e-01  5.3950000e+01]
 [-1.4451260e-02  8.8695054e-01  4.6159346e-01  1.7174000e+02]
 [ 9.8419078e-01  9.3652340e-02 -1.4892018e-01 -1.1648900e+03]
 [ 0.0000000e+00  0.0000000e+00  0.0000000e+00  1.0000000e+00]]
[+0058.52, +0135.91, -1129.90]
2104, 1681, 1620
[[-1.7656192e-01  4.5013616e-01 -8.7512480e-01  5.3720000e+01]
 [-1.5640160e-02  8.8787808e-01  4.5977560e-01  1.7163000e+02]
 [ 9.8398240e-01  9.4950800e-02 -1.4970400e-01 -1.1648800e+03]
 [ 0.0000000e+00  0.0000000e+00  0.0000000e+00  1.0000000e+00]]
[+0056.20, +0081.59, -1090.13]
954, 2036, 1066
[[-1.7277010e-01  4.5190020e-01 -8.7482620e-01  5.3980000e+01]
 [-1.3945320e-02  8.8728006e-01  4.6095600e-01  1.7183000e+02]
 [ 9.8455076e-01  9.1984320e-02 -1.4695720e-01 -1.1649100e+03]
 [ 0.0000000e+00  0.0000000e+00  0.0000000e+00  1.0000000e+00]]
[+0155.02, +0012.71, -1105.29]
793, 1451, 1802
[[-1.7358792e-01  4.5155436e-01 -8.7502588e-01  5.3960000e+01]
 [-1.4967560e-02  8.8735086e-01  4.6082106e-01  1.7171000e+02]
 [ 9.8455452e-01  9.3159740e-02 -1.4725722e-01 -1.1648900e+03]
 [ 0.0000000e+00  0.0000000e+00  0.0000000e+00  1.0000000e+00]]
[+0066.97, -0045.51, -1114.26]
