950, 950, 950
[[-4.6698580e-02  9.5660388e-01  2.8702460e-01  1.9600000e+00]
 [ 3.5244120e-02 -2.8541258e-01  9.5753520e-01  1.2901000e+02]
 [ 9.9811420e-01  5.4998400e-02 -2.0170000e-02 -1.1681200e+03]
 [ 0.0000000e+00  0.0000000e+00  0.0000000e+00  1.0000000e+00]]
[-0135.59, +0082.19, -1058.01]
750, 750, 750
[[-4.5285460e-02  9.5640286e-01  2.8786156e-01  2.0400000e+00]
 [ 3.4355860e-02 -2.8631050e-01  9.5727748e-01  1.2890000e+02]
 [ 9.9819356e-01  5.3423480e-02 -1.9654800e-02 -1.1681600e+03]
 [ 0.0000000e+00  0.0000000e+00  0.0000000e+00  1.0000000e+00]]
[-0137.56, +0082.23, -1050.27]
937, 937, 937
[[-4.5449680e-02  9.5684776e-01  2.8635904e-01  1.8800000e+00]
 [ 3.6156560e-02 -2.8470792e-01  9.5769152e-01  1.2902000e+02]
 [ 9.9812416e-01  5.4062080e-02 -2.1421600e-02 -1.1681000e+03]
 [ 0.0000000e+00  0.0000000e+00  0.0000000e+00  1.0000000e+00]]
[-0136.59, +0081.97, -1057.60]
1124, 1124, 1124
[[-4.6313160e-02  9.5684764e-01  2.8615756e-01  1.9500000e+00]
 [ 3.5673560e-02 -2.8449658e-01  9.5774938e-01  1.2909000e+02]
 [ 9.9808364e-01  5.4763780e-02 -2.0700580e-02 -1.1681100e+03]
 [ 0.0000000e+00  0.0000000e+00  0.0000000e+00  1.0000000e+00]]
[-0134.25, +0081.75, -1064.75]
1311, 1311, 1311
[[-4.6032340e-02  9.5691330e-01  2.8576420e-01  1.9000000e+00]
 [ 3.5832300e-02 -2.8403882e-01  9.5779908e-01  1.2916000e+02]
 [ 9.9802820e-01  5.4589080e-02 -2.0877520e-02 -1.1681300e+03]
 [ 0.0000000e+00  0.0000000e+00  0.0000000e+00  1.0000000e+00]]
[-0131.82, +0083.31, -1071.67]
1498, 1498, 1498
[[-4.6585700e-02  9.5711412e-01  2.8512996e-01  1.8600000e+00]
 [ 3.7202280e-02 -2.8335248e-01  9.5799756e-01  1.2919000e+02]
 [ 9.9798924e-01  5.5460760e-02 -2.2117220e-02 -1.1681100e+03]
 [ 0.0000000e+00  0.0000000e+00  0.0000000e+00  1.0000000e+00]]
[-0130.33, +0084.25, -1078.77]
1685, 1685, 1685
[[-4.6408480e-02  9.5728216e-01  2.8462728e-01  1.8300000e+00]
 [ 3.6455440e-02 -2.8290376e-01  9.5817096e-01  1.2926000e+02]
 [ 9.9803448e-01  5.5058640e-02 -2.1491280e-02 -1.1681600e+03]
 [ 0.0000000e+00  0.0000000e+00  0.0000000e+00  1.0000000e+00]]
[-0129.99, +0084.61, -1085.82]
1872, 1872, 1872
[[-4.6380420e-02  9.5746972e-01  2.8418200e-01  1.8000000e+00]
 [ 3.7744280e-02 -2.8243792e-01  9.5832460e-01  1.2930000e+02]
 [ 9.9803960e-01  5.5339000e-02 -2.2826500e-02 -1.1681200e+03]
 [ 0.0000000e+00  0.0000000e+00  0.0000000e+00  1.0000000e+00]]
[-0129.11, +0084.24, -1092.92]
2059, 2059, 2059
[[-4.5466500e-02  9.5757910e-01  2.8358130e-01  1.7700000e+00]
 [ 3.7812300e-02 -2.8174842e-01  9.5838694e-01  1.2942000e+02]
 [ 9.9797110e-01  5.4567060e-02 -2.3050920e-02 -1.1681300e+03]
 [ 0.0000000e+00  0.0000000e+00  0.0000000e+00  1.0000000e+00]]
[-0129.07, +0083.77, -1100.35]
2246, 2246, 2246
[[-4.5846600e-02  9.5794730e-01  2.8244430e-01  1.7400000e+00]
 [ 3.8435460e-02 -2.8061460e-01  9.5875678e-01  1.2954000e+02]
 [ 9.9797822e-01  5.5034700e-02 -2.3667240e-02 -1.1682100e+03]
 [ 0.0000000e+00  0.0000000e+00  0.0000000e+00  1.0000000e+00]]
[-0130.27, +0082.31, -1107.59]
2433, 2433, 2433
[[-4.5567780e-02  9.5810130e-01  2.8216464e-01  1.7200000e+00]
 [ 3.8683500e-02 -2.8038250e-01  9.5888600e-01  1.2957000e+02]
 [ 9.9803736e-01  5.4778400e-02 -2.4069280e-02 -1.1682000e+03]
 [ 0.0000000e+00  0.0000000e+00  0.0000000e+00  1.0000000e+00]]
[-0130.34, +0082.62, -1109.75]
2246, 2246, 2246
[[-4.5517540e-02  9.5766164e-01  2.8368538e-01  1.8000000e+00]
 [ 3.7505320e-02 -2.8197684e-01  9.5847364e-01  1.2937000e+02]
 [ 9.9809146e-01  5.4429320e-02 -2.2873540e-02 -1.1681600e+03]
 [ 0.0000000e+00  0.0000000e+00  0.0000000e+00  1.0000000e+00]]
[-0131.04, +0083.94, -1107.20]
2059, 2059, 2059
[[-4.4962500e-02  9.5746062e-01  2.8432034e-01  1.8300000e+00]
 [ 3.6135260e-02 -2.8266234e-01  9.5827638e-01  1.2928000e+02]
 [ 9.9812982e-01  5.3558740e-02 -2.1633000e-02 -1.1681900e+03]
 [ 0.0000000e+00  0.0000000e+00  0.0000000e+00  1.0000000e+00]]
[-0133.33, +0083.78, -1100.61]
1872, 1872, 1872
[[-4.4505460e-02  9.5742506e-01  2.8472994e-01  1.8500000e+00]
 [ 3.6879140e-02 -2.8310338e-01  9.5819718e-01  1.2923000e+02]
 [ 9.9818526e-01  5.3283780e-02 -2.2531080e-02 -1.1681600e+03]
 [ 0.0000000e+00  0.0000000e+00  0.0000000e+00  1.0000000e+00]]
[-0134.47, +0083.43, -1093.24]
1685, 1685, 1685
[[-4.5471300e-02  9.5722142e-01  2.8520604e-01  1.9000000e+00]
 [ 3.6327060e-02 -2.8357266e-01  9.5805932e-01  1.2922000e+02]
 [ 9.9814612e-01  5.4078360e-02 -2.1680400e-02 -1.1682000e+03]
 [ 0.0000000e+00  0.0000000e+00  0.0000000e+00  1.0000000e+00]]
[-0133.78, +0083.32, -1085.89]
1498, 1498, 1498
[[-4.4660020e-02  9.5735572e-01  2.8510580e-01  1.8700000e+00]
 [ 3.6097720e-02 -2.8356442e-01  9.5815160e-01  1.2916000e+02]
 [ 9.9825460e-01  5.3174800e-02 -2.1775440e-02 -1.1681600e+03]
 [ 0.0000000e+00  0.0000000e+00  0.0000000e+00  1.0000000e+00]]
[-0132.81, +0081.89, -1078.68]
1311, 1311, 1311
[[-4.4357940e-02  9.5704768e-01  2.8586536e-01  1.9100000e+00]
 [ 3.6085760e-02 -2.8424224e-01  9.5783368e-01  1.2912000e+02]
 [ 9.9817688e-01  5.2983760e-02 -2.1693940e-02 -1.1681400e+03]
 [ 0.0000000e+00  0.0000000e+00  0.0000000e+00  1.0000000e+00]]
[-0134.14, +0082.83, -1071.79]
1124, 1124, 1124
[[-4.5324820e-02  9.5675572e-01  2.8622664e-01  1.9600000e+00]
 [ 3.5445880e-02 -2.8448770e-01  9.5761464e-01  1.2912000e+02]
 [ 9.9802344e-01  5.3858160e-02 -2.0618880e-02 -1.1681400e+03]
 [ 0.0000000e+00  0.0000000e+00  0.0000000e+00  1.0000000e+00]]
[-0135.17, +0081.59, -1064.78]
937, 937, 937
[[-4.4088200e-02  9.5680692e-01  2.8669224e-01  2.0000000e+00]
 [ 3.4352880e-02 -2.8516132e-01  9.5761676e-01  1.2898000e+02]
 [ 9.9824436e-01  5.2254160e-02 -2.0055880e-02 -1.1681800e+03]
 [ 0.0000000e+00  0.0000000e+00  0.0000000e+00  1.0000000e+00]]
[-0136.26, +0082.00, -1057.46]
750, 750, 750
[[-4.4121780e-02  9.5665606e-01  2.8765904e-01  2.0400000e+00]
 [ 3.3557060e-02 -2.8630162e-01  9.5747792e-01  1.2889000e+02]
 [ 9.9840496e-01  5.1954080e-02 -1.9398400e-02 -1.1682000e+03]
 [ 0.0000000e+00  0.0000000e+00  0.0000000e+00  1.0000000e+00]]
[-0137.38, +0082.05, -1050.27]
937, 937, 937
[[-4.4160340e-02  9.5684214e-01  2.8651680e-01  1.9800000e+00]
 [ 3.5168100e-02 -2.8492834e-01  9.5763936e-01  1.2902000e+02]
 [ 9.9819936e-01  5.2564800e-02 -2.0810240e-02 -1.1681500e+03]
 [ 0.0000000e+00  0.0000000e+00  0.0000000e+00  1.0000000e+00]]
[-0135.99, +0081.06, -1057.69]
1124, 1124, 1124
[[-4.4919220e-02  9.5699454e-01  2.8604418e-01  1.9400000e+00]
 [ 3.5159340e-02 -2.8448338e-01  9.5782914e-01  1.2909000e+02]
 [ 9.9821022e-01  5.3238060e-02 -2.0666600e-02 -1.1681800e+03]
 [ 0.0000000e+00  0.0000000e+00  0.0000000e+00  1.0000000e+00]]
[-0134.49, +0081.49, -1064.87]
1311, 1311, 1311
[[-4.5346000e-02  9.5707748e-01  2.8547936e-01  1.9100000e+00]
 [ 3.6022040e-02 -2.8380136e-01  9.5791912e-01  1.2914000e+02]
 [ 9.9809728e-01  5.3938160e-02 -2.1326400e-02 -1.1681800e+03]
 [ 0.0000000e+00  0.0000000e+00  0.0000000e+00  1.0000000e+00]]
[-0131.90, +0083.17, -1071.74]
1498, 1498, 1498
[[-4.4608420e-02  9.5724734e-01  2.8520420e-01  1.8700000e+00]
 [ 3.6607660e-02 -2.8356042e-01  9.5803340e-01  1.2919000e+02]
 [ 9.9816020e-01  5.3344600e-02 -2.2177000e-02 -1.1681300e+03]
 [ 0.0000000e+00  0.0000000e+00  0.0000000e+00  1.0000000e+00]]
[-0130.61, +0084.17, -1078.85]
1685, 1685, 1685
[[-4.4962500e-02  9.5740914e-01  2.8472598e-01  1.8400000e+00]
 [ 3.6540900e-02 -2.8311130e-01  9.5821310e-01  1.2925000e+02]
 [ 9.9818130e-01  5.3622020e-02 -2.2081960e-02 -1.1681700e+03]
 [ 0.0000000e+00  0.0000000e+00  0.0000000e+00  1.0000000e+00]]
[-0130.04, +0084.86, -1085.89]
1872, 1872, 1872
[[-4.4859700e-02  9.5747250e-01  2.8434030e-01  1.8100000e+00]
 [ 3.6926580e-02 -2.8265426e-01  9.5826450e-01  1.2932000e+02]
 [ 9.9811794e-01  5.3673420e-02 -2.2436200e-02 -1.1681600e+03]
 [ 0.0000000e+00  0.0000000e+00  0.0000000e+00  1.0000000e+00]]
[-0129.20, +0084.30, -1093.05]
2059, 2059, 2059
[[-4.4985640e-02  9.5769324e-01  2.8345836e-01  1.7500000e+00]
 [ 3.6623160e-02 -2.8175242e-01  9.5849922e-01  1.2940000e+02]
 [ 9.9809004e-01  5.3718420e-02 -2.2117220e-02 -1.1681900e+03]
 [ 0.0000000e+00  0.0000000e+00  0.0000000e+00  1.0000000e+00]]
[-0129.07, +0083.75, -1100.35]
2246, 2246, 2246
[[-4.5085600e-02  9.5807544e-01  2.8233288e-01  1.7200000e+00]
 [ 3.7811760e-02 -2.8061072e-01  9.5885496e-01  1.2953000e+02]
 [ 9.9809352e-01  5.4074160e-02 -2.3358880e-02 -1.1682100e+03]
 [ 0.0000000e+00  0.0000000e+00  0.0000000e+00  1.0000000e+00]]
[-0130.41, +0082.34, -1107.62]
2433, 2433, 2433
[[-4.5085600e-02  9.5821492e-01  2.8204124e-01  1.7200000e+00]
 [ 3.7494760e-02 -2.8038634e-01  9.5899868e-01  1.2957000e+02]
 [ 9.9815692e-01  5.3930440e-02 -2.3134500e-02 -1.1682300e+03]
 [ 0.0000000e+00  0.0000000e+00  0.0000000e+00  1.0000000e+00]]
[-0130.57, +0082.45, -1109.83]
2246, 2246, 2246
[[-4.4528840e-02  9.5779782e-01  2.8357650e-01  1.7900000e+00]
 [ 3.7050300e-02 -2.8196900e-01  9.5856390e-01  1.2937000e+02]
 [ 9.9820818e-01  5.3299260e-02 -2.2790600e-02 -1.1681800e+03]
 [ 0.0000000e+00  0.0000000e+00  0.0000000e+00  1.0000000e+00]]
[-0130.80, +0084.23, -1107.17]
2059, 2059, 2059
[[-4.458000e-02  9.576008e-01  2.842636e-01  1.840000e+00]
 [ 3.737720e-02 -2.826465e-01  9.583627e-01  1.292600e+02]
 [ 9.982024e-01  5.344930e-02 -2.306250e-02 -1.168130e+03]
 [ 0.000000e+00  0.000000e+00  0.000000e+00  1.000000e+00]]
[-0133.58, +0083.55, -1100.63]
1872, 1872, 1872
[[-4.4099940e-02  9.5734640e-01  2.8460970e-01  1.8500000e+00]
 [ 3.6733200e-02 -2.8287492e-01  9.5810672e-01  1.2923000e+02]
 [ 9.9808090e-01  5.2968720e-02 -2.2354020e-02 -1.1681400e+03]
 [ 0.0000000e+00  0.0000000e+00  0.0000000e+00  1.0000000e+00]]
[-0134.11, +0083.62, -1093.29]
1685, 1685, 1685
[[-4.5014020e-02  9.5740324e-01  2.8471600e-01  1.9000000e+00]
 [ 3.6145240e-02 -2.8311538e-01  9.5821900e-01  1.2919000e+02]
 [ 9.9818720e-01  5.3564600e-02 -2.1680400e-02 -1.1681600e+03]
 [ 0.0000000e+00  0.0000000e+00  0.0000000e+00  1.0000000e+00]]
[-0134.34, +0083.32, -1085.89]
1498, 1498, 1498
[[-4.4534800e-02  9.5712332e-01  2.8526496e-01  1.8800000e+00]
 [ 3.5704120e-02 -2.8356850e-01  9.5793084e-01  1.2917000e+02]
 [ 9.9809136e-01  5.3115240e-02 -2.1197060e-02 -1.1682000e+03]
 [ 0.0000000e+00  0.0000000e+00  0.0000000e+00  1.0000000e+00]]
[-0132.74, +0081.90, -1078.68]
1311, 1311, 1311
[[-4.412932e-02  9.571073e-01  2.854619e-01  1.900000e+00]
 [ 3.584930e-02 -2.837890e-01  9.578893e-01  1.291100e+02]
 [ 9.981271e-01  5.275130e-02 -2.146932e-02 -1.168150e+03]
 [ 0.000000e+00  0.000000e+00  0.000000e+00  1.000000e+00]]
[-0133.99, +0082.67, -1071.88]
1124, 1124, 1124
[[-4.4337000e-02  9.5700654e-01  2.8603078e-01  1.9200000e+00]
 [ 3.4874980e-02 -2.8447914e-01  9.5781714e-01  1.2907000e+02]
 [ 9.9822786e-01  5.2615780e-02 -2.0537700e-02 -1.1681800e+03]
 [ 0.0000000e+00  0.0000000e+00  0.0000000e+00  1.0000000e+00]]
[-0135.11, +0081.90, -1064.85]
937, 937, 937
[[-4.4722500e-02  9.5678944e-01  2.8669558e-01  2.0000000e+00]
 [ 3.4241840e-02 -2.8516996e-01  9.5763424e-01  1.2897000e+02]
 [ 9.9823238e-01  5.2818640e-02 -1.9783300e-02 -1.1681700e+03]
 [ 0.0000000e+00  0.0000000e+00  0.0000000e+00  1.0000000e+00]]
[-0136.02, +0082.16, -1057.47]
750, 750, 750
[[-4.3540240e-02  9.5657976e-01  2.8753172e-01  2.0500000e+00]
 [ 3.3184080e-02 -2.8607264e-01  9.5738544e-01  1.2887000e+02]
 [ 9.9830764e-01  5.1412320e-02 -1.9045840e-02 -1.1681800e+03]
 [ 0.0000000e+00  0.0000000e+00  0.0000000e+00  1.0000000e+00]]
[-0137.54, +0081.89, -1050.28]
937, 937, 937
[[-4.3859380e-02  9.5695510e-01  2.8640342e-01  1.9700000e+00]
 [ 3.4204700e-02 -2.8493250e-01  9.5775310e-01  1.2901000e+02]
 [ 9.9830858e-01  5.1941300e-02 -2.0055880e-02 -1.1681600e+03]
 [ 0.0000000e+00  0.0000000e+00  0.0000000e+00  1.0000000e+00]]
[-0135.65, +0081.52, -1057.60]
1124, 1124, 1124
[[-4.3578400e-02  9.5702044e-01  2.8600988e-01  1.9400000e+00]
 [ 3.4363960e-02 -2.8447498e-01  9.5780324e-01  1.2907000e+02]
 [ 9.9825292e-01  5.1766840e-02 -2.0232420e-02 -1.1681900e+03]
 [ 0.0000000e+00  0.0000000e+00  0.0000000e+00  1.0000000e+00]]
[-0134.47, +0081.25, -1064.88]
1311, 1311, 1311
[[-4.4004340e-02  9.5710356e-01  2.8544432e-01  1.9100000e+00]
 [ 3.5227080e-02 -2.8379304e-01  9.5789304e-01  1.2912000e+02]
 [ 9.9814064e-01  5.2467120e-02 -2.0891140e-02 -1.1681900e+03]
 [ 0.0000000e+00  0.0000000e+00  0.0000000e+00  1.0000000e+00]]
[-0131.86, +0083.45, -1071.72]
1498, 1498, 1498
[[-4.4025960e-02  9.5725916e-01  2.8519036e-01  1.8900000e+00]
 [ 3.6323560e-02 -2.8355650e-01  9.5802158e-01  1.2917000e+02]
 [ 9.9817796e-01  5.2722380e-02 -2.2047700e-02 -1.1681500e+03]
 [ 0.0000000e+00  0.0000000e+00  0.0000000e+00  1.0000000e+00]]
[-0130.52, +0083.61, -1078.85]
1685, 1685, 1685
[[-4.4328400e-02  9.5733848e-01  2.8460776e-01  1.8500000e+00]
 [ 3.6564080e-02 -2.8287880e-01  9.5811464e-01  1.2924000e+02]
 [ 9.9807896e-01  5.3137840e-02 -2.2129440e-02 -1.1681200e+03]
 [ 0.0000000e+00  0.0000000e+00  0.0000000e+00  1.0000000e+00]]
[-0130.15, +0083.96, -1085.97]
1872, 1872, 1872
[[-4.5265380e-02  9.5748814e-01  2.8414346e-01  1.8300000e+00]
 [ 3.6781060e-02 -2.8243380e-01  9.5830618e-01  1.2930000e+02]
 [ 9.9808226e-01  5.4037420e-02 -2.2164420e-02 -1.1681800e+03]
 [ 0.0000000e+00  0.0000000e+00  0.0000000e+00  1.0000000e+00]]
[-0129.16, +0084.25, -1092.99]
2059, 2059, 2059
[[-4.4300500e-02  9.5783134e-01  2.8337562e-01  1.8100000e+00]
 [ 3.7016780e-02 -2.8174066e-01  9.5858754e-01  1.2942000e+02]
 [ 9.9818454e-01  5.3098380e-02 -2.2790600e-02 -1.1681700e+03]
 [ 0.0000000e+00  0.0000000e+00  0.0000000e+00  1.0000000e+00]]
[-0129.19, +0083.84, -1100.33]
2246, 2246, 2246
[[-4.4451700e-02  9.5797944e-01  2.8241728e-01  1.7500000e+00]
 [ 3.8038320e-02 -2.8060320e-01  9.5872464e-01  1.2953000e+02]
 [ 9.9801664e-01  5.3621280e-02 -2.3630260e-02 -1.1681500e+03]
 [ 0.0000000e+00  0.0000000e+00  0.0000000e+00  1.0000000e+00]]
[-0130.43, +0082.29, -1107.62]
2433, 2433, 2433
[[-4.4578600e-02  9.5828790e-01  2.8164930e-01  1.7100000e+00]
 [ 3.7823700e-02 -2.7992618e-01  9.5903934e-01  1.2954000e+02]
 [ 9.9810390e-01  5.3585340e-02 -2.3536420e-02 -1.1681800e+03]
 [ 0.0000000e+00  0.0000000e+00  0.0000000e+00  1.0000000e+00]]
[-0130.50, +0082.47, -1109.77]
2246, 2246, 2246
[[-4.4123280e-02  9.5771908e-01  2.8345628e-01  1.8200000e+00]
 [ 3.6904520e-02 -2.8174066e-01  9.5847338e-01  1.2936000e+02]
 [ 9.9810388e-01  5.2984220e-02 -2.2613380e-02 -1.1681700e+03]
 [ 0.0000000e+00  0.0000000e+00  0.0000000e+00  1.0000000e+00]]
[-0129.95, +0083.92, -1107.00]
2059, 2059, 2059
[[-4.422568e-02  9.574904e-01  2.843362e-01  1.850000e+00]
 [ 3.703840e-02 -2.826465e-01  9.582466e-01  1.292700e+02]
 [ 9.981298e-01  5.310860e-02 -2.270818e-02 -1.168130e+03]
 [ 0.000000e+00  0.000000e+00  0.000000e+00  1.000000e+00]]
[-0132.71, +0084.17, -1100.62]
1872, 1872, 1872
[[-4.3871520e-02  9.5744284e-01  2.8472580e-01  1.8600000e+00]
 [ 3.6990840e-02 -2.8309578e-01  9.5817940e-01  1.2922000e+02]
 [ 9.9819700e-01  5.2719000e-02 -2.2803300e-02 -1.1681300e+03]
 [ 0.0000000e+00  0.0000000e+00  0.0000000e+00  1.0000000e+00]]
[-0134.65, +0083.28, -1093.32]
1685, 1685, 1685
[[-4.3974400e-02  9.5720240e-01  2.8488320e-01  1.8600000e+00]
 [ 3.6428000e-02 -2.8310338e-01  9.5796676e-01  1.2919000e+02]
 [ 9.9803200e-01  5.2828760e-02 -2.2000020e-02 -1.1681400e+03]
 [ 0.0000000e+00  0.0000000e+00  0.0000000e+00  1.0000000e+00]]
[-0134.19, +0083.02, -1085.91]
1498, 1498, 1498
[[-4.3952500e-02  9.5713520e-01  2.8525140e-01  1.8900000e+00]
 [ 3.5420000e-02 -2.8356442e-01  9.5791896e-01  1.2914000e+02]
 [ 9.9810900e-01  5.2493040e-02 -2.1067920e-02 -1.1682000e+03]
 [ 0.0000000e+00  0.0000000e+00  0.0000000e+00  1.0000000e+00]]
[-0132.69, +0081.93, -1078.75]
1311, 1311, 1311
[[-4.4004340e-02  9.5719194e-01  2.8555864e-01  1.9100000e+00]
 [ 3.5315460e-02 -2.8401762e-01  9.5797368e-01  1.2910000e+02]
 [ 9.9825496e-01  5.2386480e-02 -2.1115720e-02 -1.1681800e+03]
 [ 0.0000000e+00  0.0000000e+00  0.0000000e+00  1.0000000e+00]]
[-0133.80, +0082.91, -1071.89]
1124, 1124, 1124
[[-4.4389120e-02  9.5697488e-01  2.8622368e-01  1.9400000e+00]
 [ 3.4682080e-02 -2.8470792e-01  9.5779108e-01  1.2906000e+02]
 [ 9.9825952e-01  5.2589720e-02 -2.0361040e-02 -1.1681800e+03]
 [ 0.0000000e+00  0.0000000e+00  0.0000000e+00  1.0000000e+00]]
[-0134.86, +0081.96, -1064.83]
937, 937, 937
[[-4.4193000e-02  9.5668158e-01  2.8676094e-01  1.9900000e+00]
 [ 3.3676140e-02 -2.8516996e-01  9.5751538e-01  1.2897000e+02]
 [ 9.9816702e-01  5.2250740e-02 -1.9253800e-02 -1.1681900e+03]
 [ 0.0000000e+00  0.0000000e+00  0.0000000e+00  1.0000000e+00]]
[-0136.35, +0082.32, -1057.53]
