945, 1029, 1206
[[-3.2892240e-01  8.7572640e-02 -9.4006048e-01  6.1150000e+01]
 [ 1.8651200e-02  9.9609840e-01  8.6248800e-02  8.3490000e+01]
 [ 9.4394640e-01  1.0851520e-02 -3.2927184e-01 -1.1154800e+03]
 [ 0.0000000e+00  0.0000000e+00  0.0000000e+00  1.0000000e+00]]
[+0097.14, -0055.74, -0986.67]
1025, 1027, 1111
[[-3.2796898e-01  8.7325780e-02 -9.4053282e-01  6.1150000e+01]
 [ 1.7881780e-02  9.9611342e-01  8.6242020e-02  8.3470000e+01]
 [ 9.4440882e-01  1.1473980e-02 -3.2825556e-01 -1.1155300e+03]
 [ 0.0000000e+00  0.0000000e+00  0.0000000e+00  1.0000000e+00]]
[+0092.93, -0036.79, -0984.51]
1844, 1838, 1229
[[-3.3089010e-01  8.5076900e-02 -9.3970220e-01  6.0920000e+01]
 [ 1.6007900e-02  9.9628998e-01  8.4553960e-02  8.3360000e+01]
 [ 9.4340980e-01  1.2943960e-02 -3.3102408e-01 -1.1155700e+03]
 [ 0.0000000e+00  0.0000000e+00  0.0000000e+00  1.0000000e+00]]
[+0123.98, +0028.05, -1017.22]
1652, 2165, 998
[[-3.3052834e-01  8.5545220e-02 -9.3973872e-01  6.0920000e+01]
 [ 1.7157380e-02  9.9626318e-01  8.4642720e-02  8.3440000e+01]
 [ 9.4346832e-01  1.1865120e-02 -3.3076052e-01 -1.1155700e+03]
 [ 0.0000000e+00  0.0000000e+00  0.0000000e+00  1.0000000e+00]]
[+0170.17, +0028.19, -1031.83]
2233, 2063, 2026
[[-3.3183282e-01  8.3577700e-02 -9.3929324e-01  6.0800000e+01]
 [ 1.5260900e-02  9.9641150e-01  8.3243800e-02  8.3180000e+01]
 [ 9.4288076e-01  1.3311400e-02 -3.3191668e-01 -1.1155100e+03]
 [ 0.0000000e+00  0.0000000e+00  0.0000000e+00  1.0000000e+00]]
[+0096.20, -0018.04, -1026.10]
1317, 2039, 1329
[[-3.2891050e-01  8.6974180e-02 -9.4024774e-01  6.1060000e+01]
 [ 1.8272140e-02  9.9614924e-01  8.5745420e-02  8.3520000e+01]
 [ 9.4408498e-01  1.1029060e-02 -3.2923290e-01 -1.1155800e+03]
 [ 0.0000000e+00  0.0000000e+00  0.0000000e+00  1.0000000e+00]]
[+0166.19, -0017.33, -1006.27]
2052, 974, 784
[[-3.3031050e-01  8.7556600e-02 -9.3952990e-01  6.1100000e+01]
 [ 1.7089400e-02  9.9607868e-01  8.6796920e-02  8.3470000e+01]
 [ 9.4344610e-01  1.2633080e-02 -3.3051082e-01 -1.1155200e+03]
 [ 0.0000000e+00  0.0000000e+00  0.0000000e+00  1.0000000e+00]]
[+0072.09, +0055.36, -1075.46]
2104, 1681, 1620
[[-3.3091410e-01  8.5138840e-02 -9.3953278e-01  6.0900000e+01]
 [ 1.5619880e-02  9.9627836e-01  8.4758360e-02  8.3280000e+01]
 [ 9.4325314e-01  1.3391720e-02 -3.3101170e-01 -1.1155300e+03]
 [ 0.0000000e+00  0.0000000e+00  0.0000000e+00  1.0000000e+00]]
[+0082.40, +0006.84, -1027.79]
954, 2036, 1066
[[-3.2891050e-01  8.7300020e-02 -9.4023586e-01  6.1080000e+01]
 [ 1.8597980e-02  9.9612332e-01  8.5976740e-02  8.3560000e+01]
 [ 9.4409686e-01  1.0797740e-02 -3.2925882e-01 -1.1155700e+03]
 [ 0.0000000e+00  0.0000000e+00  0.0000000e+00  1.0000000e+00]]
[+0199.15, -0020.24, -1020.12]
793, 1451, 1802
[[-3.2827080e-01  8.6925960e-02 -9.4034168e-01  6.1110000e+01]
 [ 1.7968760e-02  9.9615024e-01  8.5793640e-02  8.3450000e+01]
 [ 9.4417992e-01  1.1282840e-02 -3.2856840e-01 -1.1155100e+03]
 [ 0.0000000e+00  0.0000000e+00  0.0000000e+00  1.0000000e+00]]
[+0141.34, -0107.68, -1031.88]
