30, 30, 30
[[-1.0188970e-01  8.1553658e-01 -5.6912056e-01 -4.7280000e+01]
 [ 6.7535900e-02  5.7676694e-01  8.1396592e-01  1.7694000e+02]
 [ 9.9218800e-01  4.4740400e-02 -1.1372880e-01 -1.1728200e+03]
 [ 0.0000000e+00  0.0000000e+00  0.0000000e+00  1.0000000e+00]]
[-0101.07, +0053.31, -1048.83]
50, 50, 50
[[-1.0339216e-01  8.1516096e-01 -5.6971312e-01 -4.7420000e+01]
 [ 6.8966880e-02  5.7740784e-01  8.1347904e-01  1.7698000e+02]
 [ 9.9212096e-01  4.4913120e-02 -1.1587216e-01 -1.1727900e+03]
 [ 0.0000000e+00  0.0000000e+00  0.0000000e+00  1.0000000e+00]]
[-0099.57, +0052.20, -1056.99]
70, 70, 70
[[-1.0325220e-01  8.1487352e-01 -5.6985684e-01 -4.7480000e+01]
 [ 6.8318280e-02  5.7767532e-01  8.1326536e-01  1.7700000e+02]
 [ 9.9201224e-01  4.5266760e-02 -1.1520852e-01 -1.1728200e+03]
 [ 0.0000000e+00  0.0000000e+00  0.0000000e+00  1.0000000e+00]]
[-0097.81, +0053.74, -1064.74]
90, 90, 90
[[-1.0392840e-01  8.1455244e-01 -5.7046448e-01 -4.7520000e+01]
 [ 6.8230280e-02  5.7819864e-01  8.1297384e-01  1.7701000e+02]
 [ 9.9210384e-01  4.5674480e-02 -1.1561760e-01 -1.1728300e+03]
 [ 0.0000000e+00  0.0000000e+00  0.0000000e+00  1.0000000e+00]]
[-0098.06, +0056.37, -1072.96]
110, 110, 110
[[-1.0406852e-01  8.1409944e-01 -5.7083892e-01 -4.7620000e+01]
 [ 6.8010360e-02  5.7872156e-01  8.1255416e-01  1.7703000e+02]
 [ 9.9196248e-01  4.5954040e-02 -1.1549092e-01 -1.1728200e+03]
 [ 0.0000000e+00  0.0000000e+00  0.0000000e+00  1.0000000e+00]]
[-0098.71, +0056.44, -1080.66]
130, 130, 130
[[-1.0330100e-01  8.1386010e-01 -5.7150810e-01 -4.7670000e+01]
 [ 6.8786100e-02  5.7922588e-01  8.1218010e-01  1.7705000e+02]
 [ 9.9209790e-01  4.4718900e-02 -1.1575412e-01 -1.1728800e+03]
 [ 0.0000000e+00  0.0000000e+00  0.0000000e+00  1.0000000e+00]]
[-0096.79, +0055.11, -1088.41]
