950, 950, 950
[[-3.2185290e-01  1.7381836e-01 -9.3057762e-01  7.9470000e+01]
 [ 1.8361080e-02  9.8396220e-01  1.7742196e-01  3.6050000e+01]
 [ 9.4649374e-01  4.0035720e-02 -3.1988106e-01 -1.1115400e+03]
 [ 0.0000000e+00  0.0000000e+00  0.0000000e+00  1.0000000e+00]]
[+0103.89, -0081.81, -0978.45]
1188, 2103, 1518
[[-3.2361120e-01  1.7103976e-01 -9.3037992e-01  7.9210000e+01]
 [ 1.7390160e-02  9.8443086e-01  1.7489594e-01  3.5890000e+01]
 [ 9.4581128e-01  4.0452540e-02 -3.2154450e-01 -1.1115700e+03]
 [ 0.0000000e+00  0.0000000e+00  0.0000000e+00  1.0000000e+00]]
[+0184.99, -0101.35, -1014.63]
1349, 1752, 913
[[-3.2242080e-01  1.7231992e-01 -9.3045216e-01  7.9340000e+01]
 [ 1.7637840e-02  9.8420760e-01  1.7611652e-01  3.5980000e+01]
 [ 9.4611008e-01  4.0422360e-02 -3.2036424e-01 -1.1116000e+03]
 [ 0.0000000e+00  0.0000000e+00  0.0000000e+00  1.0000000e+00]]
[+0165.87, -0038.05, -1002.59]
1442, 1048, 842
[[-3.2215018e-01  1.7321480e-01 -9.3058346e-01  7.9430000e+01]
 [ 1.8016000e-02  9.8406000e-01  1.7691400e-01  3.6010000e+01]
 [ 9.4639546e-01  4.0246400e-02 -3.2013418e-01 -1.1115600e+03]
 [ 0.0000000e+00  0.0000000e+00  0.0000000e+00  1.0000000e+00]]
[+0096.08, -0022.99, -1005.88]
1845, 2217, 2194
[[-3.2547834e-01  1.6823564e-01 -9.3017132e-01  7.8980000e+01]
 [ 1.5465320e-02  9.8485446e-01  1.7267404e-01  3.5670000e+01]
 [ 9.4513636e-01  4.1860120e-02 -3.2314704e-01 -1.1115700e+03]
 [ 0.0000000e+00  0.0000000e+00  0.0000000e+00  1.0000000e+00]]
[+0133.80, -0105.04, -1021.24]
1313, 1013, 1316
[[-3.2271828e-01  1.7252672e-01 -9.3039088e-01  7.9380000e+01]
 [ 1.8102880e-02  9.8418734e-01  1.7618758e-01  3.5960000e+01]
 [ 9.4607872e-01  4.0053820e-02 -3.2073538e-01 -1.1115400e+03]
 [ 0.0000000e+00  0.0000000e+00  0.0000000e+00  1.0000000e+00]]
[+0076.65, -0084.03, -1003.37]
1175, 1121, 1169
[[-3.2244754e-01  1.7277324e-01 -9.3057576e-01  7.9400000e+01]
 [ 1.7832840e-02  9.8413390e-01  1.7652192e-01  3.5970000e+01]
 [ 9.4631064e-01  4.0341120e-02 -3.2041120e-01 -1.1115500e+03]
 [ 0.0000000e+00  0.0000000e+00  0.0000000e+00  1.0000000e+00]]
[+0102.63, -0081.63, -0987.25]
1921, 1427, 1275
[[-3.2463754e-01  1.7125274e-01 -9.3005490e-01  7.9230000e+01]
 [ 1.7246900e-02  9.8437766e-01  1.7521374e-01  3.5870000e+01]
 [ 9.4553274e-01  4.0863300e-02 -3.2251764e-01 -1.1115400e+03]
 [ 0.0000000e+00  0.0000000e+00  0.0000000e+00  1.0000000e+00]]
[+0095.10, -0027.25, -1024.43]
825, 1457, 815
[[-3.2109778e-01  1.7418130e-01 -9.3081268e-01  7.9500000e+01]
 [ 1.9570700e-02  9.8395014e-01  1.7736220e-01  3.6130000e+01]
 [ 9.4676732e-01  3.8745800e-02 -3.1935208e-01 -1.1115600e+03]
 [ 0.0000000e+00  0.0000000e+00  0.0000000e+00  1.0000000e+00]]
[+0179.13, -0076.25, -0985.31]
836, 934, 1286
[[-3.2136852e-01  1.7344880e-01 -9.3066836e-01  7.9460000e+01]
 [ 1.9355000e-02  9.8407500e-01  1.7668000e-01  3.6000000e+01]
 [ 9.4649536e-01  3.8806600e-02 -3.1960452e-01 -1.1115400e+03]
 [ 0.0000000e+00  0.0000000e+00  0.0000000e+00  1.0000000e+00]]
[+0098.69, -0132.08, -0995.89]
890, 1032, 1359
[[-3.2204330e-01  1.7273820e-01 -9.3046860e-01  7.9400000e+01]
 [ 1.8492600e-02  9.8416688e-01  1.7625396e-01  3.5950000e+01]
 [ 9.4618620e-01  3.9609960e-02 -3.2013418e-01 -1.1114900e+03]
 [ 0.0000000e+00  0.0000000e+00  0.0000000e+00  1.0000000e+00]]
[+0105.53, -0130.13, -0996.20]
1544, 1158, 866
[[-3.2312272e-01  1.7269684e-01 -9.3016052e-01  7.9370000e+01]
 [ 1.7632040e-02  9.8413062e-01  1.7654804e-01  3.5990000e+01]
 [ 9.4589212e-01  4.0692760e-02 -3.2103610e-01 -1.1115400e+03]
 [ 0.0000000e+00  0.0000000e+00  0.0000000e+00  1.0000000e+00]]
[+0103.58, -0017.38, -1010.65]
2247, 1841, 1062
[[-3.2715460e-01  1.6940482e-01 -9.2951026e-01  7.9030000e+01]
 [ 1.6357900e-02  9.8466494e-01  1.7367818e-01  3.5830000e+01]
 [ 9.4467970e-01  4.1637700e-02 -3.2490690e-01 -1.1115800e+03]
 [ 0.0000000e+00  0.0000000e+00  0.0000000e+00  1.0000000e+00]]
[+0131.45, -0006.67, -1046.14]
1848, 1386, 1891
[[-3.2431312e-01  1.7174104e-01 -9.3006152e-01  7.9320000e+01]
 [ 1.7708560e-02  9.8430776e-01  1.7555896e-01  3.5900000e+01]
 [ 9.4561928e-01  4.0491440e-02 -3.2226312e-01 -1.1115000e+03]
 [ 0.0000000e+00  0.0000000e+00  0.0000000e+00  1.0000000e+00]]
[+0073.57, -0094.02, -1032.23]
1115, 791, 1158
[[-3.2185290e-01  1.7445310e-01 -9.3036190e-01  7.9580000e+01]
 [ 1.9022660e-02  9.8386700e-01  1.7787338e-01  3.6100000e+01]
 [ 9.4638538e-01  3.9584300e-02 -3.1997626e-01 -1.1115200e+03]
 [ 0.0000000e+00  0.0000000e+00  0.0000000e+00  1.0000000e+00]]
[+0068.09, -0089.29, -1001.35]
1187, 1466, 1850
[[-3.2369106e-01  1.7186000e-01 -9.3014288e-01  7.9360000e+01]
 [ 1.7542880e-02  9.8428110e-01  1.7571784e-01  3.5930000e+01]
 [ 9.4572400e-01  4.0603600e-02 -3.2161440e-01 -1.1115100e+03]
 [ 0.0000000e+00  0.0000000e+00  0.0000000e+00  1.0000000e+00]]
[+0114.48, -0140.75, -1019.43]
1682, 881, 1089
[[-3.2352756e-01  1.7367738e-01 -9.2986290e-01  7.9490000e+01]
 [ 1.7972100e-02  9.8395580e-01  1.7748710e-01  3.6040000e+01]
 [ 9.4577262e-01  4.0753340e-02 -3.2145460e-01 -1.1115200e+03]
 [ 0.0000000e+00  0.0000000e+00  0.0000000e+00  1.0000000e+00]]
[+0061.39, -0032.96, -1035.61]
1899, 982, 1099
[[-3.2385186e-01  1.7287840e-01 -9.3004588e-01  7.9420000e+01]
 [ 1.7173120e-02  9.8407350e-01  1.7692216e-01  3.6020000e+01]
 [ 9.4582100e-01  4.1345200e-02 -3.2166120e-01 -1.1115400e+03]
 [ 0.0000000e+00  0.0000000e+00  0.0000000e+00  1.0000000e+00]]
[+0069.43, -0019.29, -1047.63]
2123, 1018, 906
[[-3.2552788e-01  1.7274934e-01 -9.2949202e-01  7.9400000e+01]
 [ 1.6770340e-02  9.8406638e-01  1.7700086e-01  3.5990000e+01]
 [ 9.4526002e-01  4.2050140e-02 -3.2323650e-01 -1.1115000e+03]
 [ 0.0000000e+00  0.0000000e+00  0.0000000e+00  1.0000000e+00]]
[+0084.81, +0000.31, -1071.03]
1731, 1728, 856
[[-3.2347380e-01  1.7297302e-01 -9.3008894e-01  7.9420000e+01]
 [ 1.7703620e-02  9.8408030e-01  1.7682754e-01  3.6080000e+01]
 [ 9.4587086e-01  4.0764340e-02 -3.2138386e-01 -1.1115300e+03]
 [ 0.0000000e+00  0.0000000e+00  0.0000000e+00  1.0000000e+00]]
[+0150.94, -0011.47, -1023.68]
917, 1401, 1794
[[-3.2215018e-01  1.7256656e-01 -9.3063706e-01  7.9450000e+01]
 [ 1.7367760e-02  9.8415408e-01  1.7645072e-01  3.5980000e+01]
 [ 9.4634186e-01  4.0709680e-02 -3.2004010e-01 -1.1115300e+03]
 [ 0.0000000e+00  0.0000000e+00  0.0000000e+00  1.0000000e+00]]
[+0129.20, -0156.97, -1026.04]
1425, 1391, 1525
[[-3.2306920e-01  1.7264088e-01 -9.3033276e-01  7.9410000e+01]
 [ 1.8012240e-02  9.8416064e-01  1.7635128e-01  3.6010000e+01]
 [ 9.4604412e-01  4.0241040e-02 -3.2105960e-01 -1.1115400e+03]
 [ 0.0000000e+00  0.0000000e+00  0.0000000e+00  1.0000000e+00]]
[+0100.48, -0087.82, -1000.11]
1491, 1183, 1568
[[-3.2344698e-01  1.7269518e-01 -9.3011410e-01  7.9410000e+01]
 [ 1.7657180e-02  9.8413062e-01  1.7654970e-01  3.6000000e+01]
 [ 9.4584570e-01  4.0717900e-02 -3.2136036e-01 -1.1115100e+03]
 [ 0.0000000e+00  0.0000000e+00  0.0000000e+00  1.0000000e+00]]
[+0075.19, -0089.65, -1014.64]
2096, 838, 1872
[[-3.2688036e-01  1.7068668e-01 -9.2930868e-01  7.9220000e+01]
 [ 1.4380920e-02  9.8433542e-01  1.7570498e-01  3.5630000e+01]
 [ 9.4474428e-01  4.4103380e-02 -3.2421178e-01 -1.1114200e+03]
 [ 0.0000000e+00  0.0000000e+00  0.0000000e+00  1.0000000e+00]]
[+0049.53, -0074.41, -1085.29]
2227, 1633, 1378
[[-3.2647464e-01  1.7195216e-01 -9.2909264e-01  7.9290000e+01]
 [ 1.6339040e-02  9.8418648e-01  1.7635888e-01  3.5890000e+01]
 [ 9.4472944e-01  4.2448480e-02 -3.2411712e-01 -1.1115300e+03]
 [ 0.0000000e+00  0.0000000e+00  0.0000000e+00  1.0000000e+00]]
[+0101.58, -0019.85, -1039.23]
751, 2073, 2020
[[-3.1826856e-01  1.7608724e-01 -9.3137464e-01  7.9950000e+01]
 [ 2.3299640e-02  9.8375160e-01  1.7800832e-01  3.6360000e+01]
 [ 9.4758776e-01  3.4973120e-02 -3.1719840e-01 -1.1115800e+03]
 [ 0.0000000e+00  0.0000000e+00  0.0000000e+00  1.0000000e+00]]
[+0180.27, -0148.51, -1052.08]
1669, 2080, 1135
[[-3.2260882e-01  1.7554808e-01 -9.3000554e-01  7.9760000e+01]
 [ 1.9272080e-02  9.8366348e-01  1.7897576e-01  3.6150000e+01]
 [ 9.4623254e-01  3.9832240e-02 -3.2072034e-01 -1.1114500e+03]
 [ 0.0000000e+00  0.0000000e+00  0.0000000e+00  1.0000000e+00]]
[+0170.86, -0035.14, -1018.87]
1598, 1962, 1859
[[-3.2204176e-01  1.7492620e-01 -9.3014340e-01  7.9750000e+01]
 [ 1.7901400e-02  9.8372582e-01  1.7876412e-01  3.6040000e+01]
 [ 9.4627980e-01  4.0962120e-02 -3.1992858e-01 -1.1114400e+03]
 [ 0.0000000e+00  0.0000000e+00  0.0000000e+00  1.0000000e+00]]
[+0130.83, -0101.88, -1009.54]
1759, 1419, 2133
[[-3.2269000e-01  1.7443664e-01 -9.3009152e-01  7.9730000e+01]
 [ 1.7466080e-02  9.8379704e-01  1.7842016e-01  3.5940000e+01]
 [ 9.4614656e-01  4.1360320e-02 -3.2050560e-01 -1.1114200e+03]
 [ 0.0000000e+00  0.0000000e+00  0.0000000e+00  1.0000000e+00]]
[+0074.52, -0113.88, -1043.82]
2124, 1423, 916
[[-3.2442010e-01  1.7566066e-01 -9.2925732e-01  7.9770000e+01]
 [ 1.7982260e-02  9.8356934e-01  1.7961996e-01  3.6070000e+01]
 [ 9.4554348e-01  4.1593560e-02 -3.2224580e-01 -1.1114100e+03]
 [ 0.0000000e+00  0.0000000e+00  0.0000000e+00  1.0000000e+00]]
[+0111.58, +0003.14, -1054.65]
1654, 1445, 1786
[[-3.2242018e-01  1.7530456e-01 -9.2989768e-01  7.9800000e+01]
 [ 1.7870960e-02  9.8364768e-01  1.7919376e-01  3.6030000e+01]
 [ 9.4610888e-01  4.1207840e-02 -3.2027650e-01 -1.1114300e+03]
 [ 0.0000000e+00  0.0000000e+00  0.0000000e+00  1.0000000e+00]]
[+0088.83, -0095.41, -1015.29]
1833, 890, 1746
[[-3.2315028e-01  1.7564836e-01 -9.2976924e-01  7.9830000e+01]
 [ 1.7574840e-02  9.8356590e-01  1.7968342e-01  3.6000000e+01]
 [ 9.4605196e-01  4.1745180e-02 -3.2092482e-01 -1.1113900e+03]
 [ 0.0000000e+00  0.0000000e+00  0.0000000e+00  1.0000000e+00]]
[+0047.06, -0078.57, -1064.74]
1339, 874, 875
[[-3.2120580e-01  1.7776454e-01 -9.2986922e-01  8.0000000e+01]
 [ 1.9527100e-02  9.8325260e-01  1.8117890e-01  3.6190000e+01]
 [ 9.4650710e-01  4.0085780e-02 -3.1929364e-01 -1.1113800e+03]
 [ 0.0000000e+00  0.0000000e+00  0.0000000e+00  1.0000000e+00]]
[+0079.17, -0036.59, -1004.39]
1083, 1117, 2121
[[-3.2174484e-01  1.7520570e-01 -9.3016414e-01  7.9830000e+01]
 [ 1.7922140e-02  9.8367486e-01  1.7904030e-01  3.5970000e+01]
 [ 9.4635150e-01  4.0982860e-02 -3.1962834e-01 -1.1113900e+03]
 [ 0.0000000e+00  0.0000000e+00  0.0000000e+00  1.0000000e+00]]
[+0094.23, -0160.90, -1062.14]
1731, 2034, 1299
[[-3.2263584e-01  1.7516408e-01 -9.2987200e-01  7.9730000e+01]
 [ 1.8683600e-02  9.8370840e-01  1.7877860e-01  3.6080000e+01]
 [ 9.4604192e-01  4.0353560e-02 -3.2064840e-01 -1.1114600e+03]
 [ 0.0000000e+00  0.0000000e+00  0.0000000e+00  1.0000000e+00]]
[+0158.67, -0041.17, -1012.67]
1843, 1664, 1533
[[-3.2333840e-01  1.7506812e-01 -9.2978244e-01  7.9750000e+01]
 [ 1.8178920e-02  9.8370200e-01  1.7887456e-01  3.6020000e+01]
 [ 9.4594596e-01  4.0960160e-02 -3.2124904e-01 -1.1114200e+03]
 [ 0.0000000e+00  0.0000000e+00  0.0000000e+00  1.0000000e+00]]
[+0104.02, -0053.70, -1011.94]
2132, 1093, 971
[[-3.2379876e-01  1.7594184e-01 -9.2932480e-01  7.9830000e+01]
 [ 1.7977600e-02  9.8351814e-01  1.7989434e-01  3.6060000e+01]
 [ 9.4566216e-01  4.1588900e-02 -3.2162106e-01 -1.1113900e+03]
 [ 0.0000000e+00  0.0000000e+00  0.0000000e+00  1.0000000e+00]]
[+0086.08, -0001.85, -1066.56]
1523, 1856, 2116
[[-3.2293300e-01  1.7424980e-01 -9.3006720e-01  7.9690000e+01]
 [ 1.8000800e-02  9.8385452e-01  1.7805132e-01  3.5930000e+01]
 [ 9.4607820e-01  4.0783680e-02 -3.2085348e-01 -1.1114100e+03]
 [ 0.0000000e+00  0.0000000e+00  0.0000000e+00  1.0000000e+00]]
[+0123.36, -0130.58, -1024.12]
1106, 952, 981
[[-3.2055796e-01  1.7794310e-01 -9.3010970e-01  8.0010000e+01]
 [ 1.9623700e-02  9.8322822e-01  1.8130402e-01  3.6200000e+01]
 [ 9.4677490e-01  3.9906020e-02 -3.1867018e-01 -1.1114000e+03]
 [ 0.0000000e+00  0.0000000e+00  0.0000000e+00  1.0000000e+00]]
[+0093.07, -0069.47, -0985.76]
1115, 1606, 780
[[-3.2144800e-01  1.7742920e-01 -9.3002160e-01  7.9940000e+01]
 [ 1.9886800e-02  9.8333438e-01  1.8070656e-01  3.6220000e+01]
 [ 9.4658640e-01  3.9613440e-02 -3.1961762e-01 -1.1114300e+03]
 [ 0.0000000e+00  0.0000000e+00  0.0000000e+00  1.0000000e+00]]
[+0176.82, -0046.10, -0995.81]
889, 1994, 821
[[-3.2071866e-01  1.7693598e-01 -9.3032588e-01  7.9930000e+01]
 [ 2.0007380e-02  9.8344014e-01  1.8011412e-01  3.6230000e+01]
 [ 9.4679052e-01  3.9179720e-02 -3.1894536e-01 -1.1114500e+03]
 [ 0.0000000e+00  0.0000000e+00  0.0000000e+00  1.0000000e+00]]
[+0216.45, -0067.85, -1025.23]
1038, 1706, 1460
[[-3.2177202e-01  1.7580758e-01 -9.3011142e-01  7.9830000e+01]
 [ 1.8292380e-02  9.8357598e-01  1.7954978e-01  3.6070000e+01]
 [ 9.4640422e-01  4.0797420e-02 -3.1970004e-01 -1.1114100e+03]
 [ 0.0000000e+00  0.0000000e+00  0.0000000e+00  1.0000000e+00]]
[+0156.90, -0115.27, -0999.48]
1650, 1476, 2205
[[-3.2366266e-01  1.7409364e-01 -9.2981736e-01  7.9690000e+01]
 [ 1.7231560e-02  9.8384432e-01  1.7818212e-01  3.5880000e+01]
 [ 9.4581816e-01  4.1679720e-02 -3.2143098e-01 -1.1114300e+03]
 [ 0.0000000e+00  0.0000000e+00  0.0000000e+00  1.0000000e+00]]
[+0083.70, -0126.10, -1043.43]
854, 2077, 1331
[[-3.2063760e-01  1.7675024e-01 -9.3034888e-01  7.9900000e+01]
 [ 2.0517040e-02  9.8349686e-01  1.7974414e-01  3.6220000e+01]
 [ 9.4676752e-01  3.8577940e-02 -3.1896970e-01 -1.1114700e+03]
 [ 0.0000000e+00  0.0000000e+00  0.0000000e+00  1.0000000e+00]]
[+0206.41, -0108.88, -1028.07]
1411, 2026, 1445
[[-3.2206890e-01  1.7537966e-01 -9.3026638e-01  7.9770000e+01]
 [ 1.8096100e-02  9.8365100e-01  1.7916970e-01  3.6050000e+01]
 [ 9.4648090e-01  4.0880620e-02 -3.1997626e-01 -1.1114400e+03]
 [ 0.0000000e+00  0.0000000e+00  0.0000000e+00  1.0000000e+00]]
[+0165.77, -0077.88, -1004.29]
1615, 1905, 2220
[[-3.2296002e-01  1.7370362e-01 -9.2994732e-01  7.9660000e+01]
 [ 1.7250180e-02  9.8392206e-01  1.7773868e-01  3.5870000e+01]
 [ 9.4587388e-01  4.1420520e-02 -3.2075892e-01 -1.1114200e+03]
 [ 0.0000000e+00  0.0000000e+00  0.0000000e+00  1.0000000e+00]]
[+0115.83, -0125.89, -1028.08]
1449, 1057, 2137
[[-3.2209608e-01  1.7563032e-01 -9.2991676e-01  7.9840000e+01]
 [ 1.8169520e-02  9.8359992e-01  1.7942364e-01  3.6000000e+01]
 [ 9.4618236e-01  4.0950760e-02 -3.2000016e-01 -1.1113900e+03]
 [ 0.0000000e+00  0.0000000e+00  0.0000000e+00  1.0000000e+00]]
[+0069.56, -0133.00, -1061.35]
1532, 762, 2064
[[-3.2217786e-01  1.7597766e-01 -9.2988088e-01  7.9880000e+01]
 [ 1.7822180e-02  9.8351814e-01  1.7990976e-01  3.6000000e+01]
 [ 9.4621824e-01  4.1436880e-02 -3.2000016e-01 -1.1114000e+03]
 [ 0.0000000e+00  0.0000000e+00  0.0000000e+00  1.0000000e+00]]
[+0054.47, -0119.84, -1082.13]
1191, 1409, 2176
[[-3.2139368e-01  1.7495664e-01 -9.3055980e-01  7.9800000e+01]
 [ 1.7823360e-02  9.8372582e-01  1.7878460e-01  3.5950000e+01]
 [ 9.4669620e-01  4.0887400e-02 -3.1928050e-01 -1.1114200e+03]
 [ 0.0000000e+00  0.0000000e+00  0.0000000e+00  1.0000000e+00]]
[+0106.67, -0155.29, -1049.34]
2081, 1518, 1338
[[-3.2377146e-01  1.7486700e-01 -9.2958074e-01  7.9740000e+01]
 [ 1.7106760e-02  9.8368824e-01  1.7905020e-01  3.6020000e+01]
 [ 9.4573050e-01  4.2108760e-02 -3.2147826e-01 -1.1114200e+03]
 [ 0.0000000e+00  0.0000000e+00  0.0000000e+00  1.0000000e+00]]
[+0096.57, -0022.02, -1034.18]
865, 1354, 1274
[[-3.2047618e-01  1.7744706e-01 -9.3032184e-01  7.9990000e+01]
 [ 1.9795860e-02  9.8333438e-01  1.8071448e-01  3.6210000e+01]
 [ 9.4688664e-01  3.9523920e-02 -3.1864580e-01 -1.1114200e+03]
 [ 0.0000000e+00  0.0000000e+00  0.0000000e+00  1.0000000e+00]]
[+0143.61, -0119.62, -0989.44]
983, 1982, 1047
[[-3.2112402e-01  1.7631036e-01 -9.3032492e-01  7.9850000e+01]
 [ 1.8713560e-02  9.8350392e-01  1.7990616e-01  3.6140000e+01]
 [ 9.4669932e-01  4.0386640e-02 -3.1912410e-01 -1.1114500e+03]
 [ 0.0000000e+00  0.0000000e+00  0.0000000e+00  1.0000000e+00]]
[+0204.20, -0079.40, -1014.76]
2238, 765, 1426
[[-3.2523330e-01  1.7503910e-01 -9.2904030e-01  7.9740000e+01]
 [ 1.6056060e-02  9.8359470e-01  1.7966042e-01  3.5800000e+01]
 [ 9.4524958e-01  4.3554300e-02 -3.2270484e-01 -1.1113200e+03]
 [ 0.0000000e+00  0.0000000e+00  0.0000000e+00  1.0000000e+00]]
[+0056.28, -0038.35, -1090.98]
1885, 1768, 1893
[[-3.2339272e-01  1.7479956e-01 -9.2963728e-01  7.9620000e+01]
 [ 1.7474760e-02  9.8371902e-01  1.7883984e-01  3.5930000e+01]
 [ 9.4576688e-01  4.1643360e-02 -3.2117770e-01 -1.1114100e+03]
 [ 0.0000000e+00  0.0000000e+00  0.0000000e+00  1.0000000e+00]]
[+0104.43, -0088.61, -1015.50]
2183, 1772, 1521
[[-3.2506890e-01  1.7483252e-01 -9.2907006e-01  7.9580000e+01]
 [ 1.7235960e-02  9.8368824e-01  1.7903372e-01  3.5960000e+01]
 [ 9.4521982e-01  4.2234360e-02 -3.2277570e-01 -1.1114400e+03]
 [ 0.0000000e+00  0.0000000e+00  0.0000000e+00  1.0000000e+00]]
[+0108.15, -0029.80, -1029.20]
1003, 1175, 881
[[-3.2107408e-01  1.7857704e-01 -9.2983008e-01  7.9970000e+01]
 [ 1.8690240e-02  9.8306038e-01  1.8231114e-01  3.6160000e+01]
 [ 9.4663848e-01  4.1193660e-02 -3.1896970e-01 -1.1114000e+03]
 [ 0.0000000e+00  0.0000000e+00  0.0000000e+00  1.0000000e+00]]
[+0132.15, -0067.02, -0977.48]
1183, 1888, 1844
[[-3.2285344e-01  1.7544168e-01 -9.2983104e-01  7.9700000e+01]
 [ 1.7109360e-02  9.8358616e-01  1.7961228e-01  3.5920000e+01]
 [ 9.4608288e-01  4.2113160e-02 -3.2055304e-01 -1.1114000e+03]
 [ 0.0000000e+00  0.0000000e+00  0.0000000e+00  1.0000000e+00]]
[+0154.07, -0133.14, -1017.94]
2140, 1190, 1736
[[-3.2526084e-01  1.7531686e-01 -9.2901474e-01  7.9690000e+01]
 [ 1.6102740e-02  9.8354358e-01  1.7993818e-01  3.5890000e+01]
 [ 9.4527514e-01  4.3600980e-02 -3.2272842e-01 -1.1114000e+03]
 [ 0.0000000e+00  0.0000000e+00  0.0000000e+00  1.0000000e+00]]
[+0060.66, -0054.65, -1056.61]
1583, 1399, 2028
[[-3.2328738e-01  1.7540270e-01 -9.2961634e-01  7.9720000e+01]
 [ 1.6199500e-02  9.8354750e-01  1.7990350e-01  3.5890000e+01]
 [ 9.4588066e-01  4.3146100e-02 -3.2080612e-01 -1.1114000e+03]
 [ 0.0000000e+00  0.0000000e+00  0.0000000e+00  1.0000000e+00]]
[+0084.08, -0123.80, -1033.78]
2244, 839, 1065
[[-3.2466724e-01  1.7684942e-01 -9.2897386e-01  7.9800000e+01]
 [ 1.7117860e-02  9.8329830e-01  1.8118322e-01  3.5960000e+01]
 [ 9.4550258e-01  4.2949540e-02 -3.2226970e-01 -1.1113600e+03]
 [ 0.0000000e+00  0.0000000e+00  0.0000000e+00  1.0000000e+00]]
[+0070.24, -0013.86, -1086.87]
1045, 1781, 795
[[-3.2137044e-01  1.7797364e-01 -9.2983748e-01  7.9910000e+01]
 [ 1.8346120e-02  9.8316086e-01  1.8180326e-01  3.6170000e+01]
 [ 9.4653884e-01  4.1405180e-02 -3.1922074e-01 -1.1114300e+03]
 [ 0.0000000e+00  0.0000000e+00  0.0000000e+00  1.0000000e+00]]
[+0194.89, -0053.68, -1005.47]
1322, 1929, 997
[[-3.2252930e-01  1.7641584e-01 -9.2979528e-01  7.9770000e+01]
 [ 1.8056160e-02  9.8344288e-01  1.8030504e-01  3.6060000e+01]
 [ 9.4621128e-01  4.1393040e-02 -3.2037218e-01 -1.1114200e+03]
 [ 0.0000000e+00  0.0000000e+00  0.0000000e+00  1.0000000e+00]]
[+0182.50, -0049.87, -1008.51]
2184, 1590, 804
[[-3.2490888e-01  1.7633868e-01 -9.2897688e-01  7.9730000e+01]
 [ 1.7328120e-02  9.8340494e-01  1.8058292e-01  3.6040000e+01]
 [ 9.4540632e-01  4.2604280e-02 -3.2257018e-01 -1.1114000e+03]
 [ 0.0000000e+00  0.0000000e+00  0.0000000e+00  1.0000000e+00]]
[+0129.06, +0005.54, -1059.75]
2067, 1616, 1663
[[-3.2393586e-01  1.7522292e-01 -9.2937508e-01  7.9690000e+01]
 [ 1.6102280e-02  9.8357112e-01  1.7977992e-01  3.5910000e+01]
 [ 9.4561188e-01  4.3324720e-02 -3.2143098e-01 -1.1114000e+03]
 [ 0.0000000e+00  0.0000000e+00  0.0000000e+00  1.0000000e+00]]
[+0090.20, -0054.79, -1025.30]
1785, 1326, 1140
[[-3.2293570e-01  1.7690972e-01 -9.2953714e-01  7.9820000e+01]
 [ 1.7910440e-02  9.8333660e-01  1.8089668e-01  3.6050000e+01]
 [ 9.4605262e-01  4.1801240e-02 -3.2072034e-01 -1.1113800e+03]
 [ 0.0000000e+00  0.0000000e+00  0.0000000e+00  1.0000000e+00]]
[+0097.40, -0029.12, -1017.10]
1683, 1551, 2205
[[-3.2409576e-01  1.7470304e-01 -9.2954788e-01  7.9650000e+01]
 [ 1.6970080e-02  9.8371190e-01  1.7893636e-01  3.5830000e+01]
 [ 9.4567036e-01  4.2249880e-02 -3.2177890e-01 -1.1113500e+03]
 [ 0.0000000e+00  0.0000000e+00  0.0000000e+00  1.0000000e+00]]
[+0090.03, -0126.63, -1038.76]
1006, 1645, 1539
[[-3.2166688e-01  1.7720816e-01 -9.2985848e-01  7.9860000e+01]
 [ 1.7839840e-02  9.8328504e-01  1.8117964e-01  3.6080000e+01]
 [ 9.4642552e-01  4.1732360e-02 -3.1944808e-01 -1.1114100e+03]
 [ 0.0000000e+00  0.0000000e+00  0.0000000e+00  1.0000000e+00]]
[+0153.52, -0122.95, -1001.52]
1275, 1886, 1645
[[-3.2279880e-01  1.7585852e-01 -9.2980024e-01  7.9720000e+01]
 [ 1.7989160e-02  9.8354544e-01  1.7975108e-01  3.5960000e+01]
 [ 9.4611368e-01  4.1326040e-02 -3.2064840e-01 -1.1113900e+03]
 [ 0.0000000e+00  0.0000000e+00  0.0000000e+00  1.0000000e+00]]
[+0154.73, -0109.69, -1004.52]
1302, 1322, 2157
[[-3.2323242e-01  1.7534712e-01 -9.2978836e-01  7.9720000e+01]
 [ 1.6579280e-02  9.8357880e-01  1.7970684e-01  3.5850000e+01]
 [ 9.4603284e-01  4.2694360e-02 -3.2082978e-01 -1.1113700e+03]
 [ 0.0000000e+00  0.0000000e+00  0.0000000e+00  1.0000000e+00]]
[+0092.54, -0148.92, -1050.40]
1685, 2032, 2044
[[-3.2379876e-01  1.7498266e-01 -9.2956890e-01  7.9650000e+01]
 [ 1.6991100e-02  9.8366094e-01  1.7921234e-01  3.5900000e+01]
 [ 9.4574234e-01  4.2270900e-02 -3.2147826e-01 -1.1114200e+03]
 [ 0.0000000e+00  0.0000000e+00  0.0000000e+00  1.0000000e+00]]
[+0131.73, -0104.33, -1014.52]
1329, 1657, 2042
[[-3.2244740e-01  1.7639268e-01 -9.2980404e-01  7.9770000e+01]
 [ 1.8727560e-02  9.8347670e-01  1.8005038e-01  3.5960000e+01]
 [ 9.4620252e-01  4.0675340e-02 -3.2042026e-01 -1.1113700e+03]
 [ 0.0000000e+00  0.0000000e+00  0.0000000e+00  1.0000000e+00]]
[+0117.83, -0136.89, -1024.32]
811, 751, 1265
[[-3.2069506e-01  1.7915660e-01 -9.2983172e-01  8.0050000e+01]
 [ 1.9705720e-02  9.8299320e-01  1.8256504e-01  3.6160000e+01]
 [ 9.4672900e-01  4.0264400e-02 -3.1876810e-01 -1.1113700e+03]
 [ 0.0000000e+00  0.0000000e+00  0.0000000e+00  1.0000000e+00]]
[+0080.79, -0132.28, -1003.48]
1725, 1880, 1253
[[-3.2382610e-01  1.7605748e-01 -9.2931284e-01  7.9720000e+01]
 [ 1.7861960e-02  9.8349080e-01  1.8005648e-01  3.6020000e+01]
 [ 9.4567412e-01  4.1751040e-02 -3.2162106e-01 -1.1114000e+03]
 [ 0.0000000e+00  0.0000000e+00  0.0000000e+00  1.0000000e+00]]
[+0146.00, -0037.40, -1009.21]
2085, 1619, 799
[[-3.2390836e-01  1.7655280e-01 -9.2910108e-01  7.9750000e+01]
 [ 1.7690920e-02  9.8338460e-01  1.8064656e-01  3.6040000e+01]
 [ 9.4556160e-01  4.2133800e-02 -3.2164500e-01 -1.1114200e+03]
 [ 0.0000000e+00  0.0000000e+00  0.0000000e+00  1.0000000e+00]]
[+0133.03, +0005.27, -1053.60]
2242, 1369, 1076
[[-3.2455700e-01  1.7591430e-01 -9.2922510e-01  7.9720000e+01]
 [ 1.7079900e-02  9.8348012e-01  1.8019966e-01  3.5950000e+01]
 [ 9.4557570e-01  4.2635660e-02 -3.2219812e-01 -1.1114100e+03]
 [ 0.0000000e+00  0.0000000e+00  0.0000000e+00  1.0000000e+00]]
[+0098.43, -0004.94, -1058.29]
1738, 1179, 2147
[[-3.2450212e-01  1.7504808e-01 -9.2946588e-01  7.9690000e+01]
 [ 1.6648680e-02  9.8362988e-01  1.7942472e-01  3.5830000e+01]
 [ 9.4565928e-01  4.2761880e-02 -3.2210324e-01 -1.1113400e+03]
 [ 0.0000000e+00  0.0000000e+00  0.0000000e+00  1.0000000e+00]]
[+0065.39, -0118.44, -1059.47]
921, 2045, 1454
[[-3.2120580e-01  1.7713028e-01 -9.3008584e-01  7.9850000e+01]
 [ 1.8865520e-02  9.8334972e-01  1.8072764e-01  3.6130000e+01]
 [ 9.4661444e-01  4.0537040e-02 -3.1919652e-01 -1.1114500e+03]
 [ 0.0000000e+00  0.0000000e+00  0.0000000e+00  1.0000000e+00]]
[+0197.53, -0114.76, -1023.86]
1435, 1306, 807
[[-3.2228746e-01  1.7820948e-01 -9.2951986e-01  7.9900000e+01]
 [ 1.9155240e-02  9.8314300e-01  1.8181932e-01  3.6120000e+01]
 [ 9.4625518e-01  4.0823640e-02 -3.2026570e-01 -1.1113800e+03]
 [ 0.0000000e+00  0.0000000e+00  0.0000000e+00  1.0000000e+00]]
[+0124.14, -0019.93, -1002.26]
966, 1872, 1916
[[-3.2212330e-01  1.7558406e-01 -9.2991842e-01  7.9750000e+01]
 [ 1.7891700e-02  9.8359660e-01  1.7946990e-01  3.5950000e+01]
 [ 9.4618070e-01  4.1228580e-02 -3.1997626e-01 -1.1113900e+03]
 [ 0.0000000e+00  0.0000000e+00  0.0000000e+00  1.0000000e+00]]
[+0163.20, -0149.69, -1034.63]
1404, 892, 1454
[[-3.2231496e-01  1.7751504e-01 -9.2957648e-01  7.9890000e+01]
 [ 1.8229280e-02  9.8323680e-01  1.8140256e-01  3.6040000e+01]
 [ 9.4619856e-01  4.1564480e-02 -3.2014440e-01 -1.1113900e+03]
 [ 0.0000000e+00  0.0000000e+00  0.0000000e+00  1.0000000e+00]]
[+0057.72, -0086.74, -1023.99]
1577, 1336, 1500
[[-3.232050e-01  1.765145e-01 -9.295285e-01  7.979000e+01]
 [ 1.800550e-02  9.834155e-01  1.804585e-01  3.600000e+01]
 [ 9.459685e-01  4.161850e-02 -3.210205e-01 -1.111360e+03]
 [ 0.000000e+00  0.000000e+00  0.000000e+00  1.000000e+00]]
[+0087.93, -0074.67, -1007.59]
777, 2186, 1614
[[-3.2106970e-01  1.7607860e-01 -9.3034900e-01  7.9780000e+01]
 [ 1.8945320e-02  9.8355824e-01  1.7958220e-01  3.6060000e+01]
 [ 9.4667524e-01  4.0062680e-02 -3.1912410e-01 -1.1114300e+03]
 [ 0.0000000e+00  0.0000000e+00  0.0000000e+00  1.0000000e+00]]
[+0201.95, -0126.68, -1044.53]
758, 1066, 2026
[[-3.2093658e-01  1.7737730e-01 -9.3026970e-01  7.9940000e+01]
 [ 1.8594300e-02  9.8329500e-01  1.8106210e-01  3.6020000e+01]
 [ 9.4684670e-01  4.0823100e-02 -3.1887258e-01 -1.1113800e+03]
 [ 0.0000000e+00  0.0000000e+00  0.0000000e+00  1.0000000e+00]]
[+0112.00, -0175.39, -1068.05]
828, 972, 995
[[-3.2099146e-01  1.7872908e-01 -9.2998736e-01  7.9990000e+01]
 [ 1.9509960e-02  9.8306974e-01  1.8218508e-01  3.6130000e+01]
 [ 9.4680512e-01  4.0347960e-02 -3.1904296e-01 -1.1113700e+03]
 [ 0.0000000e+00  0.0000000e+00  0.0000000e+00  1.0000000e+00]]
[+0112.83, -0099.30, -0977.08]
1767, 1288, 1100
[[-3.2355664e-01  1.7677688e-01 -9.2929424e-01  7.9780000e+01]
 [ 1.8091360e-02  9.8336406e-01  1.8072598e-01  3.6020000e+01]
 [ 9.4578568e-01  4.1702660e-02 -3.2136874e-01 -1.1113500e+03]
 [ 0.0000000e+00  0.0000000e+00  0.0000000e+00  1.0000000e+00]]
[+0094.99, -0023.66, -1020.27]
1251, 1223, 2243
[[-3.2312298e-01  1.7489788e-01 -9.2999782e-01  7.9700000e+01]
 [ 1.7028520e-02  9.8368824e-01  1.7907028e-01  3.5800000e+01]
 [ 9.4614758e-01  4.2034120e-02 -3.2082978e-01 -1.1113500e+03]
 [ 0.0000000e+00  0.0000000e+00  0.0000000e+00  1.0000000e+00]]
[+0091.32, -0153.41, -1062.73]
1007, 1533, 1716
[[-3.2188114e-01  1.7706728e-01 -9.2983308e-01  7.9850000e+01]
 [ 1.8652880e-02  9.8334656e-01  1.8076488e-01  3.6040000e+01]
 [ 9.4635852e-01  4.0878480e-02 -3.1982034e-01 -1.1113800e+03]
 [ 0.0000000e+00  0.0000000e+00  0.0000000e+00  1.0000000e+00]]
[+0139.18, -0137.82, -1010.56]
1045, 1250, 1418
[[-3.2163938e-01  1.7741634e-01 -9.2984304e-01  7.9890000e+01]
 [ 1.8279660e-02  9.8326430e-01  1.8124928e-01  3.6050000e+01]
 [ 9.4644096e-01  4.1338720e-02 -3.1949632e-01 -1.1113900e+03]
 [ 0.0000000e+00  0.0000000e+00  0.0000000e+00  1.0000000e+00]]
[+0113.10, -0116.45, -0993.82]
1299, 1779, 1529
[[-3.2252930e-01  1.7641584e-01 -9.2979528e-01  7.9770000e+01]
 [ 1.8056160e-02  9.8344288e-01  1.8030504e-01  3.6000000e+01]
 [ 9.4621128e-01  4.1393040e-02 -3.2037218e-01 -1.1113900e+03]
 [ 0.0000000e+00  0.0000000e+00  0.0000000e+00  1.0000000e+00]]
[+0146.86, -0098.30, -0998.10]
1509, 1576, 1258
[[-3.2320500e-01  1.7683870e-01 -9.2950110e-01  7.9800000e+01]
 [ 1.8329700e-02  9.8336742e-01  1.8068990e-01  3.6030000e+01]
 [ 9.4599590e-01  4.1387100e-02 -3.2106858e-01 -1.1113700e+03]
 [ 0.0000000e+00  0.0000000e+00  0.0000000e+00  1.0000000e+00]]
[+0124.59, -0054.61, -0996.79]
2017, 1342, 1807
[[-3.2520580e-01  1.7509952e-01 -9.2920056e-01  7.9670000e+01]
 [ 1.6320080e-02  9.8359862e-01  1.7962554e-01  3.5850000e+01]
 [ 9.4541376e-01  4.3264740e-02 -3.2272842e-01 -1.1113800e+03]
 [ 0.0000000e+00  0.0000000e+00  0.0000000e+00  1.0000000e+00]]
[+0066.05, -0066.54, -1041.61]
1363, 1911, 1070
[[-3.2250196e-01  1.7661054e-01 -9.2961790e-01  7.9800000e+01]
 [ 1.8509700e-02  9.8342214e-01  1.8036246e-01  3.6070000e+01]
 [ 9.4606454e-01  4.1011500e-02 -3.2042026e-01 -1.1114000e+03]
 [ 0.0000000e+00  0.0000000e+00  0.0000000e+00  1.0000000e+00]]
[+0176.49, -0051.69, -1005.66]
1638, 2170, 1053
[[-3.2350184e-01  1.7542440e-01 -9.2957616e-01  7.9670000e+01]
 [ 1.7174160e-02  9.8358616e-01  1.7960400e-01  3.6030000e+01]
 [ 9.4582800e-01  4.2176160e-02 -3.2120144e-01 -1.1114500e+03]
 [ 0.0000000e+00  0.0000000e+00  0.0000000e+00  1.0000000e+00]]
[+0182.94, -0035.39, -1026.70]
883, 908, 862
[[-3.2069506e-01  1.7933230e-01 -9.2997990e-01  8.0040000e+01]
 [ 1.9853900e-02  9.8296862e-01  1.8269322e-01  3.6200000e+01]
 [ 9.4690470e-01  4.0136220e-02 -3.1879268e-01 -1.1113800e+03]
 [ 0.0000000e+00  0.0000000e+00  0.0000000e+00  1.0000000e+00]]
[+0106.87, -0079.77, -0975.06]
1334, 1747, 1573
[[-3.2315028e-01  1.7643154e-01 -9.2937674e-01  7.9760000e+01]
 [ 1.8412660e-02  9.8344620e-01  1.8023798e-01  3.6010000e+01]
 [ 9.4579606e-01  4.1190620e-02 -3.2104452e-01 -1.1113700e+03]
 [ 0.0000000e+00  0.0000000e+00  0.0000000e+00  1.0000000e+00]]
[+0139.21, -0099.31, -0998.54]
996, 1025, 2076
[[-3.2223258e-01  1.7620922e-01 -9.2985696e-01  7.9820000e+01]
 [ 1.7590620e-02  9.8346342e-01  1.8023384e-01  3.5910000e+01]
 [ 9.4624216e-01  4.1760960e-02 -3.2000016e-01 -1.1113600e+03]
 [ 0.0000000e+00  0.0000000e+00  0.0000000e+00  1.0000000e+00]]
[+0092.79, -0164.54, -1066.30]
1611, 1486, 872
[[-3.2226000e-01  1.7728352e-01 -9.2960064e-01  7.9840000e+01]
 [ 1.8460800e-02  9.8329176e-01  1.8107848e-01  3.6090000e+01]
 [ 9.4617440e-01  4.1240400e-02 -3.2014440e-01 -1.1114000e+03]
 [ 0.0000000e+00  0.0000000e+00  0.0000000e+00  1.0000000e+00]]
[+0132.39, -0013.57, -1012.81]
1189, 2035, 2014
[[-3.2306850e-01  1.7481490e-01 -9.2984580e-01  7.9650000e+01]
 [ 1.7435700e-02  9.8371902e-01  1.7884996e-01  3.5870000e+01]
 [ 9.4597540e-01  4.1606040e-02 -3.2085348e-01 -1.1113900e+03]
 [ 0.0000000e+00  0.0000000e+00  0.0000000e+00  1.0000000e+00]]
[+0159.69, -0138.14, -1029.94]
1735, 1460, 1909
[[-3.2350184e-01  1.7574864e-01 -9.2954880e-01  7.9730000e+01]
 [ 1.7498400e-02  9.8353856e-01  1.7983536e-01  3.5900000e+01]
 [ 9.4585536e-01  4.1944800e-02 -3.2124904e-01 -1.1114100e+03]
 [ 0.0000000e+00  0.0000000e+00  0.0000000e+00  1.0000000e+00]]
[+0080.58, -0094.37, -1024.90]
1233, 1300, 1083
[[-3.2196340e-01  1.7773872e-01 -9.2976936e-01  7.9890000e+01]
 [ 1.8629520e-02  9.8321590e-01  1.8148254e-01  3.6100000e+01]
 [ 9.4642224e-01  4.1132940e-02 -3.1986874e-01 -1.1114200e+03]
 [ 0.0000000e+00  0.0000000e+00  0.0000000e+00  1.0000000e+00]]
[+0119.98, -0066.16, -0985.91]
1047, 1637, 2020
[[-3.2217786e-01  1.7565358e-01 -9.2990820e-01  7.9750000e+01]
 [ 1.7498100e-02  9.8356590e-01  1.7967820e-01  3.5910000e+01]
 [ 9.4619092e-01  4.1668440e-02 -3.1995240e-01 -1.1113800e+03]
 [ 0.0000000e+00  0.0000000e+00  0.0000000e+00  1.0000000e+00]]
[+0135.37, -0156.93, -1037.41]
980, 1771, 1393
[[-3.2158450e-01  1.7719840e-01 -9.3002920e-01  7.9870000e+01]
 [ 1.8497600e-02  9.8331918e-01  1.8093736e-01  3.6090000e+01]
 [ 9.4657880e-01  4.1002640e-02 -3.1949632e-01 -1.1114000e+03]
 [ 0.0000000e+00  0.0000000e+00  0.0000000e+00  1.0000000e+00]]
[+0173.10, -0112.85, -1002.57]
796, 864, 2021
[[-3.2126052e-01  1.7703804e-01 -9.3008904e-01  7.9930000e+01]
 [ 1.8309840e-02  9.8334332e-01  1.8081988e-01  3.5980000e+01]
 [ 9.4661124e-01  4.1092720e-02 -3.1914820e-01 -1.1113500e+03]
 [ 0.0000000e+00  0.0000000e+00  0.0000000e+00  1.0000000e+00]]
[+0094.84, -0172.15, -1076.89]
1848, 1978, 1471
[[-3.2371698e-01  1.7544638e-01 -9.2953642e-01  7.9700000e+01]
 [ 1.8148780e-02  9.8362382e-01  1.7930422e-01  3.5970000e+01]
 [ 9.4577482e-01  4.1206180e-02 -3.2159716e-01 -1.1114100e+03]
 [ 0.0000000e+00  0.0000000e+00  0.0000000e+00  1.0000000e+00]]
[+0140.42, -0044.90, -1010.95]
1155, 1192, 1595
[[-3.2226000e-01  1.7697316e-01 -9.2979012e-01  7.9860000e+01]
 [ 1.8123000e-02  9.8334000e-01  1.8085900e-01  3.6010000e+01]
 [ 9.4630900e-01  4.1459880e-02 -3.2009616e-01 -1.1113700e+03]
 [ 0.0000000e+00  0.0000000e+00  0.0000000e+00  1.0000000e+00]]
[+0095.23, -0124.53, -1007.82]
1154, 2048, 1233
[[-3.2155712e-01  1.7643456e-01 -9.3009600e-01  7.9800000e+01]
 [ 1.7965440e-02  9.8344288e-01  1.8031200e-01  3.6050000e+01]
 [ 9.4651200e-01  4.1304000e-02 -3.1940000e-01 -1.1114400e+03]
 [ 0.0000000e+00  0.0000000e+00  0.0000000e+00  1.0000000e+00]]
[+0193.56, -0080.99, -1012.15]
1987, 1074, 861
[[-3.2366672e-01  1.7707740e-01 -9.2925996e-01  7.9840000e+01]
 [ 1.7466600e-02  9.8327800e-01  1.8125880e-01  3.6040000e+01]
 [ 9.4581996e-01  4.2466800e-02 -3.2134472e-01 -1.1113800e+03]
 [ 0.0000000e+00  0.0000000e+00  0.0000000e+00  1.0000000e+00]]
[+0089.91, +0002.54, -1058.64]
2124, 2213, 1805
[[-3.2598792e-01  1.7362248e-01 -9.2903512e-01  7.9510000e+01]
 [ 1.6569680e-02  9.8388408e-01  1.7802168e-01  3.5840000e+01]
 [ 9.4497432e-01  4.2679120e-02 -3.2360784e-01 -1.1114100e+03]
 [ 0.0000000e+00  0.0000000e+00  0.0000000e+00  1.0000000e+00]]
[+0133.21, -0059.09, -1018.82]
1767, 1297, 1630
[[-3.232050e-01  1.765145e-01 -9.295285e-01  7.979000e+01]
 [ 1.800550e-02  9.834155e-01  1.804585e-01  3.599000e+01]
 [ 9.459685e-01  4.161850e-02 -3.210205e-01 -1.111370e+03]
 [ 0.000000e+00  0.000000e+00  0.000000e+00  1.000000e+00]]
[+0076.23, -0073.33, -1021.46]
1682, 1026, 1641
[[-3.2325988e-01  1.7658380e-01 -9.2951824e-01  7.9840000e+01]
 [ 1.7612000e-02  9.8338460e-01  1.8066700e-01  3.5990000e+01]
 [ 9.4597876e-01  4.2058400e-02 -3.2099652e-01 -1.1113700e+03]
 [ 0.0000000e+00  0.0000000e+00  0.0000000e+00  1.0000000e+00]]
[+0058.35, -0083.88, -1036.19]
1760, 1856, 1807
[[-3.2412306e-01  1.7529150e-01 -9.2933292e-01  7.9690000e+01]
 [ 1.7354580e-02  9.8361350e-01  1.7943356e-01  3.5920000e+01]
 [ 9.4556100e-01  4.2077000e-02 -3.2185000e-01 -1.1113900e+03]
 [ 0.0000000e+00  0.0000000e+00  0.0000000e+00  1.0000000e+00]]
[+0119.59, -0084.35, -1008.04]
