907, 973, 1146
[[-3.1223634e-01  3.3190944e-01 -8.8999566e-01  8.7610000e+01]
 [ 1.2869760e-02  9.3836288e-01  3.4539488e-01  3.5590000e+01]
 [ 9.4978446e-01  9.6433280e-02 -2.9725522e-01 -1.1091400e+03]
 [ 0.0000000e+00  0.0000000e+00  0.0000000e+00  1.0000000e+00]]
[+0085.83, -0116.79, -0990.97]
1002, 978, 1062
[[-3.1276426e-01  3.3163920e-01 -8.8979040e-01  8.7570000e+01]
 [ 1.3226400e-02  9.3847352e-01  3.4506612e-01  3.5550000e+01]
 [ 9.4949280e-01  9.6234120e-02 -2.9789378e-01 -1.1091500e+03]
 [ 0.0000000e+00  0.0000000e+00  0.0000000e+00  1.0000000e+00]]
[+0085.36, -0096.16, -0988.18]
1808, 1789, 1163
[[-3.1504420e-01  3.2954976e-01 -8.8962948e-01  8.7310000e+01]
 [ 1.2784680e-02  9.3913660e-01  3.4325856e-01  3.5490000e+01]
 [ 9.4862016e-01  9.6885720e-02 -3.0006244e-01 -1.1091500e+03]
 [ 0.0000000e+00  0.0000000e+00  0.0000000e+00  1.0000000e+00]]
[+0135.37, -0038.82, -1017.03]
1595, 2127, 932
[[-3.1355674e-01  3.2986576e-01 -8.9012958e-01  8.7350000e+01]
 [ 1.2254480e-02  9.3902636e-01  3.4359024e-01  3.5580000e+01]
 [ 9.4920594e-01  9.6917520e-02 -2.9846474e-01 -1.1092000e+03]
 [ 0.0000000e+00  0.0000000e+00  0.0000000e+00  1.0000000e+00]]
[+0182.36, -0050.72, -1032.89]
2217, 2009, 2003
[[-3.1685268e-01  3.2803122e-01 -8.8978274e-01  8.7150000e+01]
 [ 1.2001220e-02  9.3958812e-01  3.4207746e-01  3.5360000e+01]
 [ 9.4824774e-01  9.7757540e-02 -3.0163956e-01 -1.1091200e+03]
 [ 0.0000000e+00  0.0000000e+00  0.0000000e+00  1.0000000e+00]]
[+0093.70, -0077.38, -1029.29]
1345, 2013, 1344
[[-3.1355674e-01  3.3034492e-01 -8.9004684e-01  8.7370000e+01]
 [ 1.2733640e-02  9.3889766e-01  3.4393572e-01  3.5580000e+01]
 [ 9.4928868e-01  9.6572040e-02 -2.9859344e-01 -1.1092300e+03]
 [ 0.0000000e+00  0.0000000e+00  0.0000000e+00  1.0000000e+00]]
[+0160.66, -0095.82, -1009.47]
2062, 941, 741
[[-3.1533288e-01  3.3124520e-01 -8.8903576e-01  8.7410000e+01]
 [ 1.2005200e-02  9.3839960e-01  3.4531240e-01  3.5520000e+01]
 [ 9.4866424e-01  9.8292400e-02 -2.9987152e-01 -1.1091300e+03]
 [ 0.0000000e+00  0.0000000e+00  0.0000000e+00  1.0000000e+00]]
[+0091.82, +0003.94, -1075.63]
2078, 1645, 1569
[[-3.1552928e-01  3.2911704e-01 -8.8981824e-01  8.7190000e+01]
 [ 1.1661840e-02  9.3918488e-01  3.4319052e-01  3.5410000e+01]
 [ 9.4866144e-01  9.7967880e-02 -3.0016840e-01 -1.1091700e+03]
 [ 0.0000000e+00  0.0000000e+00  0.0000000e+00  1.0000000e+00]]
[+0091.10, -0046.31, -1028.20]
938, 2023, 1027
[[-3.1270900e-01  3.3107264e-01 -8.9005452e-01  8.7420000e+01]
 [ 1.2835000e-02  9.3865820e-01  3.4458240e-01  3.5610000e+01]
 [ 9.4954800e-01  9.6398520e-02 -2.9776436e-01 -1.1091900e+03]
 [ 0.0000000e+00  0.0000000e+00  0.0000000e+00  1.0000000e+00]]
[+0197.05, -0105.30, -1025.88]
808, 1477, 1807
[[-3.1308360e-01  3.3038336e-01 -8.9012672e-01  8.7390000e+01]
 [ 1.1970560e-02  9.3881784e-01  3.4417216e-01  3.5480000e+01]
 [ 9.4938688e-01  9.7183360e-02 -2.9786880e-01 -1.1091800e+03]
 [ 0.0000000e+00  0.0000000e+00  0.0000000e+00  1.0000000e+00]]
[+0119.60, -0174.95, -1042.64]
