65, 65, 65
[[-1.4864544e-01 -9.4252864e-01 -2.9807576e-01 -8.7990000e+01]
 [ 2.5165760e-02  2.9802990e-01 -9.5400212e-01  1.7390000e+01]
 [ 9.8821864e-01 -1.4964332e-01 -2.0330100e-02 -1.1745000e+03]
 [ 0.0000000e+00  0.0000000e+00  0.0000000e+00  1.0000000e+00]]
[-0013.24, +0022.91, -1074.36]
71, 65, 33
[[-1.4852330e-01 -9.4260420e-01 -2.9836350e-01 -8.7990000e+01]
 [ 2.4847560e-02  2.9824280e-01 -9.5403292e-01  1.7430000e+01]
 [ 9.8838558e-01 -1.4931020e-01 -2.0723860e-02 -1.1745100e+03]
 [ 0.0000000e+00  0.0000000e+00  0.0000000e+00  1.0000000e+00]]
[+0018.50, +0017.11, -1072.85]
50, 91, 43
[[-1.4834116e-01 -9.4255814e-01 -2.9801486e-01 -8.7970000e+01]
 [ 2.4316940e-02  2.9812182e-01 -9.5397262e-01  1.7390000e+01]
 [ 9.8824966e-01 -1.4912822e-01 -2.1026980e-02 -1.1744900e+03]
 [ 0.0000000e+00  0.0000000e+00  0.0000000e+00  1.0000000e+00]]
[-0000.99, -0012.59, -1078.44]
70, 39, 107
[[-1.4876560e-01 -9.4280028e-01 -2.9762076e-01 -8.8050000e+01]
 [ 2.3922840e-02  2.9763640e-01 -9.5424552e-01  1.7330000e+01]
 [ 9.8837148e-01 -1.4927976e-01 -2.1572560e-02 -1.1745300e+03]
 [ 0.0000000e+00  0.0000000e+00  0.0000000e+00  1.0000000e+00]]
[-0041.72, +0057.99, -1095.63]
141, 80, 88
[[-1.4925032e-01 -9.4286016e-01 -2.9695380e-01 -8.8040000e+01]
 [ 2.2952160e-02  2.9718118e-01 -9.5436660e-01  1.7270000e+01]
 [ 9.8825100e-01 -1.4952300e-01 -2.2512500e-02 -1.1745400e+03]
 [ 0.0000000e+00  0.0000000e+00  0.0000000e+00  1.0000000e+00]]
[+0019.55, +0053.05, -1099.21]
95, 60, 63
[[-1.4925032e-01 -9.4261848e-01 -2.9789400e-01 -8.8040000e+01]
 [ 2.3922480e-02  2.9793968e-01 -9.5413960e-01  1.7350000e+01]
 [ 9.8828040e-01 -1.4975000e-01 -2.1754000e-02 -1.1745300e+03]
 [ 0.0000000e+00  0.0000000e+00  0.0000000e+00  1.0000000e+00]]
[+0007.53, +0042.28, -1079.61]
95, 42, 60
[[-1.4925032e-01 -9.4261848e-01 -2.9789400e-01 -8.8050000e+01]
 [ 2.3922480e-02  2.9793968e-01 -9.5413960e-01  1.7370000e+01]
 [ 9.8828040e-01 -1.4975000e-01 -2.1754000e-02 -1.1744900e+03]
 [ 0.0000000e+00  0.0000000e+00  0.0000000e+00  1.0000000e+00]]
[+0007.69, +0056.73, -1081.83]
80, 71, 32
[[-1.4912850e-01 -9.4248204e-01 -2.9815172e-01 -8.8030000e+01]
 [ 2.3634440e-02  2.9830392e-01 -9.5398824e-01  1.7390000e+01]
 [ 9.8823492e-01 -1.4959864e-01 -2.1996420e-02 -1.1744900e+03]
 [ 0.0000000e+00  0.0000000e+00  0.0000000e+00  1.0000000e+00]]
[+0025.49, +0016.57, -1076.82]
74, 125, 71
[[-1.4900794e-01 -9.4278504e-01 -2.9760572e-01 -8.8030000e+01]
 [ 2.3755920e-02  2.9763640e-01 -9.5426076e-01  1.7320000e+01]
 [ 9.8835644e-01 -1.4944668e-01 -2.1814900e-02 -1.1745200e+03]
 [ 0.0000000e+00  0.0000000e+00  0.0000000e+00  1.0000000e+00]]
[-0001.76, -0014.41, -1091.38]
71, 132, 97
[[-1.4943250e-01 -9.4269370e-01 -2.9727240e-01 -8.8030000e+01]
 [ 2.3512900e-02  2.9745422e-01 -9.5424552e-01  1.7290000e+01]
 [ 9.8817480e-01 -1.4988648e-01 -2.2057280e-02 -1.1745200e+03]
 [ 0.0000000e+00  0.0000000e+00  0.0000000e+00  1.0000000e+00]]
[-0020.50, -0013.14, -1097.39]
59, 148, 131
[[-1.5022170e-01 -9.4302564e-01 -2.9605898e-01 -8.8050000e+01]
 [ 2.2723400e-02  2.9630040e-01 -9.5466900e-01  1.7150000e+01]
 [ 9.8814570e-01 -1.5037252e-01 -2.2906740e-02 -1.1745200e+03]
 [ 0.0000000e+00  0.0000000e+00  0.0000000e+00  1.0000000e+00]]
[-0040.24, -0017.59, -1117.73]
57, 41, 101
[[-1.4894644e-01 -9.4258816e-01 -2.9825772e-01 -8.8150000e+01]
 [ 2.3498120e-02  2.9833436e-01 -9.5404896e-01  1.7370000e+01]
 [ 9.8837136e-01 -1.4929548e-01 -2.2148040e-02 -1.1745300e+03]
 [ 0.0000000e+00  0.0000000e+00  0.0000000e+00  1.0000000e+00]]
[-0046.35, +0048.31, -1090.78]
109, 38, 35
[[-1.4906740e-01 -9.4240626e-01 -2.9871262e-01 -8.8180000e+01]
 [ 2.3255460e-02  2.9884998e-01 -9.5388234e-01  1.7430000e+01]
 [ 9.8834102e-01 -1.4934114e-01 -2.2481380e-02 -1.1745200e+03]
 [ 0.0000000e+00  0.0000000e+00  0.0000000e+00  1.0000000e+00]]
[+0035.53, +0059.68, -1091.61]
134, 124, 55
[[-1.4949274e-01 -9.4263334e-01 -2.9766660e-01 -8.8160000e+01]
 [ 2.3543300e-02  2.9778806e-01 -9.5418516e-01  1.7340000e+01]
 [ 9.8823516e-01 -1.4988660e-01 -2.2148040e-02 -1.1745500e+03]
 [ 0.0000000e+00  0.0000000e+00  0.0000000e+00  1.0000000e+00]]
[+0040.17, +0012.87, -1103.85]
113, 103, 49
[[-1.4864370e-01 -9.4260356e-01 -2.9830302e-01 -8.8170000e+01]
 [ 2.4059160e-02  2.9830392e-01 -9.5403356e-01  1.7400000e+01]
 [ 9.8838622e-01 -1.4918916e-01 -2.1511620e-02 -1.1745500e+03]
 [ 0.0000000e+00  0.0000000e+00  0.0000000e+00  1.0000000e+00]]
[+0031.19, +0014.86, -1091.23]
113, 71, 74
[[-1.4973520e-01 -9.4243652e-01 -2.9816716e-01 -8.8190000e+01]
 [ 2.3922280e-02  2.9824280e-01 -9.5403376e-01  1.7410000e+01]
 [ 9.8818924e-01 -1.5022016e-01 -2.1935760e-02 -1.1745200e+03]
 [ 0.0000000e+00  0.0000000e+00  0.0000000e+00  1.0000000e+00]]
[+0010.62, +0044.21, -1086.10]
132, 92, 82
[[-1.4931060e-01 -9.4273954e-01 -2.9777258e-01 -8.8180000e+01]
 [ 2.3407060e-02  2.9781854e-01 -9.5424586e-01  1.7350000e+01]
 [ 9.8837162e-01 -1.4958346e-01 -2.2299700e-02 -1.1745400e+03]
 [ 0.0000000e+00  0.0000000e+00  0.0000000e+00  1.0000000e+00]]
[+0019.36, +0040.01, -1093.57]
33, 44, 62
[[-1.4888608e-01 -9.4219512e-01 -2.9953128e-01 -8.8170000e+01]
 [ 2.5195920e-02  2.9936414e-01 -9.5368398e-01  1.7520000e+01]
 [ 9.8833992e-01 -1.4972082e-01 -2.0693780e-02 -1.1745100e+03]
 [ 0.0000000e+00  0.0000000e+00  0.0000000e+00  1.0000000e+00]]
[-0038.20, +0021.76, -1072.74]
100, 85, 120
[[-1.4955306e-01 -9.4275450e-01 -2.9754514e-01 -8.8220000e+01]
 [ 2.3027860e-02  2.9766684e-01 -9.5429130e-01  1.7270000e+01]
 [ 9.8832630e-01 -1.4972014e-01 -2.2693860e-02 -1.1745700e+03]
 [ 0.0000000e+00  0.0000000e+00  0.0000000e+00  1.0000000e+00]]
[-0025.25, +0040.25, -1093.76]
148, 70, 59
[[-1.4979556e-01 -9.4243638e-01 -2.9813670e-01 -8.8250000e+01]
 [ 2.3528100e-02  2.9827340e-01 -9.5403390e-01  1.7350000e+01]
 [ 9.8818938e-01 -1.5015966e-01 -2.2329800e-02 -1.1745500e+03]
 [ 0.0000000e+00  0.0000000e+00  0.0000000e+00  1.0000000e+00]]
[+0039.43, +0054.84, -1107.81]
52, 94, 49
[[-1.4900688e-01 -9.4228512e-01 -2.9883392e-01 -8.8210000e+01]
 [ 2.3770880e-02  2.9897112e-01 -9.5377608e-01  1.7430000e+01]
 [ 9.8824992e-01 -1.4950792e-01 -2.1935760e-02 -1.1745100e+03]
 [ 0.0000000e+00  0.0000000e+00  0.0000000e+00  1.0000000e+00]]
[-0003.78, -0011.82, -1079.65]
39, 81, 83
[[-1.4876442e-01 -9.4239136e-01 -2.9897020e-01 -8.8210000e+01]
 [ 2.4028640e-02  2.9897112e-01 -9.5383660e-01  1.7420000e+01]
 [ 9.8838620e-01 -1.4926540e-01 -2.1693300e-02 -1.1745100e+03]
 [ 0.0000000e+00  0.0000000e+00  0.0000000e+00  1.0000000e+00]]
[-0040.56, +0000.56, -1085.56]
122, 38, 45
[[-1.4882490e-01 -9.4220942e-01 -2.9945536e-01 -8.8300000e+01]
 [ 2.4180140e-02  2.9945606e-01 -9.5366968e-01  1.7480000e+01]
 [ 9.8835592e-01 -1.4937184e-01 -2.1632800e-02 -1.1745600e+03]
 [ 0.0000000e+00  0.0000000e+00  0.0000000e+00  1.0000000e+00]]
[+0033.76, +0066.57, -1099.47]
107, 43, 114
[[-1.4900688e-01 -9.4243660e-01 -2.9853068e-01 -8.8310000e+01]
 [ 2.3437400e-02  2.9866800e-01 -9.5391260e-01  1.7380000e+01]
 [ 9.8831068e-01 -1.4937140e-01 -2.2238880e-02 -1.1745600e+03]
 [ 0.0000000e+00  0.0000000e+00  0.0000000e+00  1.0000000e+00]]
[-0023.29, +0070.00, -1103.82]
105, 122, 83
[[-1.4882490e-01 -9.4245170e-01 -2.9851550e-01 -8.8290000e+01]
 [ 2.3210020e-02  2.9869836e-01 -9.5389750e-01  1.7390000e+01]
 [ 9.8832586e-01 -1.4914402e-01 -2.2390500e-02 -1.1745900e+03]
 [ 0.0000000e+00  0.0000000e+00  0.0000000e+00  1.0000000e+00]]
[+0006.41, +0006.19, -1090.54]
84, 61, 60
[[-1.4930994e-01 -9.4205762e-01 -2.9951622e-01 -8.8300000e+01]
 [ 2.3968020e-02  2.9960748e-01 -9.5359402e-01  1.7500000e+01]
 [ 9.8823482e-01 -1.4981142e-01 -2.1966420e-02 -1.1745200e+03]
 [ 0.0000000e+00  0.0000000e+00  0.0000000e+00  1.0000000e+00]]
[+0003.54, +0035.35, -1076.37]
41, 103, 54
[[-1.4852170e-01 -9.4223934e-01 -2.9939472e-01 -8.8260000e+01]
 [ 2.3331060e-02  2.9954726e-01 -9.5363976e-01  1.7490000e+01]
 [ 9.8838648e-01 -1.4885616e-01 -2.2329800e-02 -1.1745300e+03]
 [ 0.0000000e+00  0.0000000e+00  0.0000000e+00  1.0000000e+00]]
[-0013.38, -0022.85, -1086.40]
59, 56, 100
[[-1.4930994e-01 -9.4230018e-01 -2.9933426e-01 -8.8310000e+01]
 [ 2.3725460e-02  2.9930460e-01 -9.5380638e-01  1.7480000e+01]
 [ 9.8841678e-01 -1.4959906e-01 -2.2269300e-02 -1.1745400e+03]
 [ 0.0000000e+00  0.0000000e+00  0.0000000e+00  1.0000000e+00]]
[-0043.33, +0036.55, -1088.06]
111, 125, 131
[[-1.5028068e-01 -9.4246630e-01 -2.9768154e-01 -8.8320000e+01]
 [ 2.2769700e-02  2.9797020e-01 -9.5412490e-01  1.7290000e+01]
 [ 9.8809846e-01 -1.5043290e-01 -2.3118120e-02 -1.1745700e+03]
 [ 0.0000000e+00  0.0000000e+00  0.0000000e+00  1.0000000e+00]]
[-0020.29, +0020.31, -1098.54]
70, 77, 60
[[-1.4937058e-01 -9.4208782e-01 -2.9927358e-01 -8.8300000e+01]
 [ 2.3361620e-02  2.9948654e-01 -9.5362458e-01  1.7480000e+01]
 [ 9.8820462e-01 -1.4972022e-01 -2.2511880e-02 -1.1745500e+03]
 [ 0.0000000e+00  0.0000000e+00  0.0000000e+00  1.0000000e+00]]
[-0003.71, +0014.79, -1075.74]
134, 66, 90
[[-1.4979514e-01 -9.4220906e-01 -2.9897036e-01 -8.8360000e+01]
 [ 2.3088740e-02  2.9915310e-01 -9.5379148e-01  1.7410000e+01]
 [ 9.8823484e-01 -1.4997788e-01 -2.2906000e-02 -1.1745800e+03]
 [ 0.0000000e+00  0.0000000e+00  0.0000000e+00  1.0000000e+00]]
[+0012.15, +0060.64, -1098.74]
63, 49, 101
[[-1.4997712e-01 -9.4204220e-01 -2.9928892e-01 -8.8370000e+01]
 [ 2.3649800e-02  2.9942550e-01 -9.5367020e-01  1.7460000e+01]
 [ 9.8815892e-01 -1.5034180e-01 -2.2451620e-02 -1.1745400e+03]
 [ 0.0000000e+00  0.0000000e+00  0.0000000e+00  1.0000000e+00]]
[-0042.33, +0044.93, -1089.51]
124, 36, 40
[[-1.4949210e-01 -9.4199660e-01 -2.9984960e-01 -8.8390000e+01]
 [ 2.3210120e-02  3.0000176e-01 -9.5353340e-01  1.7520000e+01]
 [ 9.8829584e-01 -1.4968988e-01 -2.2845700e-02 -1.1745400e+03]
 [ 0.0000000e+00  0.0000000e+00  0.0000000e+00  1.0000000e+00]]
[+0038.50, +0066.98, -1102.54]
67, 38, 89
[[-1.4973450e-01 -9.4202720e-01 -2.9951640e-01 -8.8390000e+01]
 [ 2.4028800e-02  2.9957688e-01 -9.5362444e-01  1.7480000e+01]
 [ 9.8820440e-01 -1.5020556e-01 -2.2057620e-02 -1.1745600e+03]
 [ 0.0000000e+00  0.0000000e+00  0.0000000e+00  1.0000000e+00]]
[-0033.48, +0053.28, -1085.32]
108, 66, 137
[[-1.4949192e-01 -9.4258804e-01 -2.9798484e-01 -8.8430000e+01]
 [ 2.2557960e-02  2.9821302e-01 -9.5410958e-01  1.7310000e+01]
 [ 9.8831084e-01 -1.4953842e-01 -2.3178900e-02 -1.1746000e+03]
 [ 0.0000000e+00  0.0000000e+00  0.0000000e+00  1.0000000e+00]]
[-0031.82, +0058.86, -1106.05]
43, 34, 98
[[-1.4937058e-01 -9.4205748e-01 -2.9948584e-01 -8.8410000e+01]
 [ 2.3573880e-02  2.9963800e-01 -9.5359416e-01  1.7470000e+01]
 [ 9.8823496e-01 -1.4975064e-01 -2.2360420e-02 -1.1745700e+03]
 [ 0.0000000e+00  0.0000000e+00  0.0000000e+00  1.0000000e+00]]
[-0055.54, +0046.16, -1092.45]
63, 70, 141
[[-1.4991652e-01 -9.4255764e-01 -2.9798476e-01 -8.8420000e+01]
 [ 2.2618440e-02  2.9818270e-01 -9.5413998e-01  1.7310000e+01]
 [ 9.8828044e-01 -1.4993262e-01 -2.3269780e-02 -1.1746000e+03]
 [ 0.0000000e+00  0.0000000e+00  0.0000000e+00  1.0000000e+00]]
[-0059.50, +0036.34, -1111.35]
43, 84, 50
[[-1.4906740e-01 -9.4207290e-01 -2.9953130e-01 -8.8360000e+01]
 [ 2.4134700e-02  2.9960748e-01 -9.5357874e-01  1.7510000e+01]
 [ 9.8824990e-01 -1.4964474e-01 -2.1723880e-02 -1.1745800e+03]
 [ 0.0000000e+00  0.0000000e+00  0.0000000e+00  1.0000000e+00]]
[-0013.13, -0009.84, -1076.69]
80, 148, 58
[[-1.4864296e-01 -9.4240624e-01 -2.9892476e-01 -8.8370000e+01]
 [ 2.3407040e-02  2.9903192e-01 -9.5382172e-01  1.7470000e+01]
 [ 9.8840156e-01 -1.4897732e-01 -2.2238880e-02 -1.1745800e+03]
 [ 0.0000000e+00  0.0000000e+00  0.0000000e+00  1.0000000e+00]]
[+0013.93, -0026.14, -1106.42]
50, 57, 136
[[-1.4979514e-01 -9.4193608e-01 -2.9936462e-01 -8.8470000e+01]
 [ 2.3543680e-02  2.9960748e-01 -9.5354888e-01  1.7460000e+01]
 [ 9.8808322e-01 -1.5022048e-01 -2.2451620e-02 -1.1746000e+03]
 [ 0.0000000e+00  0.0000000e+00  0.0000000e+00  1.0000000e+00]]
[-0065.44, +0037.74, -1113.35]
47, 97, 98
[[-1.4967396e-01 -9.4216356e-01 -2.9934932e-01 -8.8440000e+01]
 [ 2.2891720e-02  2.9951694e-01 -9.5371554e-01  1.7460000e+01]
 [ 9.8831076e-01 -1.4975042e-01 -2.3148660e-02 -1.1745900e+03]
 [ 0.0000000e+00  0.0000000e+00  0.0000000e+00  1.0000000e+00]]
[-0041.67, -0002.25, -1092.79]
60, 77, 70
[[-1.4937120e-01 -9.4198136e-01 -3.0001632e-01 -8.8420000e+01]
 [ 2.2800720e-02  3.0021390e-01 -9.5348776e-01  1.7540000e+01]
 [ 9.8834144e-01 -1.4943192e-01 -2.3239860e-02 -1.1745700e+03]
 [ 0.0000000e+00  0.0000000e+00  0.0000000e+00  1.0000000e+00]]
[-0018.52, +0012.03, -1077.36]
137, 137, 142
[[-1.4991666e-01 -9.4257362e-01 -2.9787840e-01 -8.8480000e+01]
 [ 2.1208500e-02  2.9830350e-01 -9.5412400e-01  1.7280000e+01]
 [ 9.8829488e-01 -1.4952384e-01 -2.4604800e-02 -1.1746100e+03]
 [ 0.0000000e+00  0.0000000e+00  0.0000000e+00  1.0000000e+00]]
[-0011.34, +0025.84, -1103.50]
126, 113, 53
[[-1.4894676e-01 -9.4207262e-01 -2.9959198e-01 -8.8430000e+01]
 [ 2.2315420e-02  2.9994102e-01 -9.5351822e-01  1.7490000e+01]
 [ 9.8831078e-01 -1.4897702e-01 -2.3451780e-02 -1.1746000e+03]
 [ 0.0000000e+00  0.0000000e+00  0.0000000e+00  1.0000000e+00]]
[+0034.85, +0015.89, -1097.46]
140, 50, 51
[[-1.4937120e-01 -9.4179904e-01 -3.0053168e-01 -8.8480000e+01]
 [ 2.3346560e-02  3.0066816e-01 -9.5332064e-01  1.7570000e+01]
 [ 9.8831152e-01 -1.4959904e-01 -2.2785600e-02 -1.1745800e+03]
 [ 0.0000000e+00  0.0000000e+00  0.0000000e+00  1.0000000e+00]]
[+0039.16, +0063.63, -1107.96]
90, 145, 92
[[-1.4931028e-01 -9.4201178e-01 -2.9983442e-01 -8.8450000e+01]
 [ 2.2982620e-02  3.0003212e-01 -9.5351822e-01  1.7490000e+01]
 [ 9.8831102e-01 -1.4946238e-01 -2.2997160e-02 -1.1746000e+03]
 [ 0.0000000e+00  0.0000000e+00  0.0000000e+00  1.0000000e+00]]
[-0005.08, -0014.16, -1099.86]
109, 52, 115
[[-1.4985672e-01 -9.4149532e-01 -3.0089532e-01 -8.8570000e+01]
 [ 2.3468520e-02  3.0112206e-01 -9.5310818e-01  1.7580000e+01]
 [ 9.8812988e-01 -1.5017502e-01 -2.2817220e-02 -1.1746100e+03]
 [ 0.0000000e+00  0.0000000e+00  0.0000000e+00  1.0000000e+00]]
[-0020.39, +0065.77, -1100.83]
80, 59, 118
[[-1.4985672e-01 -9.4149532e-01 -3.0089532e-01 -8.8570000e+01]
 [ 2.3468520e-02  3.0112206e-01 -9.5310818e-01  1.7580000e+01]
 [ 9.8812988e-01 -1.5017502e-01 -2.2817220e-02 -1.1746100e+03]
 [ 0.0000000e+00  0.0000000e+00  0.0000000e+00  1.0000000e+00]]
[-0041.03, +0048.07, -1096.73]
35, 36, 117
[[-1.4918946e-01 -9.4144948e-01 -3.0154710e-01 -8.8550000e+01]
 [ 2.4210600e-02  3.0160620e-01 -9.5297060e-01  1.7650000e+01]
 [ 9.8826698e-01 -1.4970636e-01 -2.2029300e-02 -1.1746000e+03]
 [ 0.0000000e+00  0.0000000e+00  0.0000000e+00  1.0000000e+00]]
[-0069.18, +0043.58, -1109.25]
66, 46, 113
[[-1.4991780e-01 -9.4155562e-01 -3.0119854e-01 -8.8570000e+01]
 [ 2.3377580e-02  3.0130380e-01 -9.5315326e-01  1.7620000e+01]
 [ 9.8828186e-01 -1.5006886e-01 -2.3060040e-02 -1.1745800e+03]
 [ 0.0000000e+00  0.0000000e+00  0.0000000e+00  1.0000000e+00]]
[-0046.80, +0051.02, -1096.77]
100, 84, 67
[[-1.4894842e-01 -9.4163158e-01 -3.0115310e-01 -8.8540000e+01]
 [ 2.2633580e-02  3.0142508e-01 -9.5307730e-01  1.7610000e+01]
 [ 9.8835770e-01 -1.4899190e-01 -2.3422500e-02 -1.1745900e+03]
 [ 0.0000000e+00  0.0000000e+00  0.0000000e+00  1.0000000e+00]]
[+0011.44, +0027.79, -1082.56]
93, 51, 54
[[-1.4931162e-01 -9.4141866e-01 -3.0169860e-01 -8.8560000e+01]
 [ 2.3634660e-02  3.0181838e-01 -9.5294020e-01  1.7680000e+01]
 [ 9.8829780e-01 -1.4961460e-01 -2.2666000e-02 -1.1745900e+03]
 [ 0.0000000e+00  0.0000000e+00  0.0000000e+00  1.0000000e+00]]
[+0012.56, +0046.19, -1079.10]
95, 143, 99
[[-1.4973610e-01 -9.4166258e-01 -3.0054654e-01 -8.8550000e+01]
 [ 2.2513180e-02  3.0088022e-01 -9.5322954e-01  1.7560000e+01]
 [ 9.8820534e-01 -1.4974974e-01 -2.3665320e-02 -1.1745800e+03]
 [ 0.0000000e+00  0.0000000e+00  0.0000000e+00  1.0000000e+00]]
[-0006.42, -0008.01, -1098.19]
127, 77, 45
[[-1.4888722e-01 -9.4129702e-01 -3.0200150e-01 -8.8590000e+01]
 [ 2.3906980e-02  3.0215118e-01 -9.5277290e-01  1.7720000e+01]
 [ 9.8826790e-01 -1.4935750e-01 -2.2272040e-02 -1.1746000e+03]
 [ 0.0000000e+00  0.0000000e+00  0.0000000e+00  1.0000000e+00]]
[+0040.30, +0039.70, -1096.55]
133, 126, 83
[[-1.4967700e-01 -9.4161702e-01 -3.0089514e-01 -8.8570000e+01]
 [ 2.1921900e-02  3.0127366e-01 -9.5315298e-01  1.7580000e+01]
 [ 9.8828130e-01 -1.4946090e-01 -2.4302500e-02 -1.1745900e+03]
 [ 0.0000000e+00  0.0000000e+00  0.0000000e+00  1.0000000e+00]]
[+0022.46, +0017.45, -1097.33]
143, 118, 95
[[-1.4937282e-01 -9.4175332e-01 -3.0084998e-01 -8.8610000e+01]
 [ 2.2361080e-02  3.0109208e-01 -9.5324428e-01  1.7570000e+01]
 [ 9.8838758e-01 -1.4924932e-01 -2.3816740e-02 -1.1746200e+03]
 [ 0.0000000e+00  0.0000000e+00  0.0000000e+00  1.0000000e+00]]
[+0018.18, +0031.82, -1098.66]
86, 70, 107
[[-1.4961394e-01 -9.4141908e-01 -3.0154730e-01 -8.8620000e+01]
 [ 2.4271800e-02  3.0157560e-01 -9.5300100e-01  1.7650000e+01]
 [ 9.8823658e-01 -1.5010044e-01 -2.2120900e-02 -1.1746100e+03]
 [ 0.0000000e+00  0.0000000e+00  0.0000000e+00  1.0000000e+00]]
[-0029.42, +0041.06, -1089.54]
66, 147, 137
[[-1.4955444e-01 -9.4189108e-01 -2.9980388e-01 -8.8620000e+01]
 [ 2.1527480e-02  3.0030438e-01 -9.5341142e-01  1.7430000e+01]
 [ 9.8821948e-01 -1.4932502e-01 -2.4422820e-02 -1.1746100e+03]
 [ 0.0000000e+00  0.0000000e+00  0.0000000e+00  1.0000000e+00]]
[-0041.27, -0012.42, -1116.11]
65, 42, 62
[[-1.4888722e-01 -9.4117564e-01 -3.0209230e-01 -8.8670000e+01]
 [ 2.4028360e-02  3.0230232e-01 -9.5266660e-01  1.7710000e+01]
 [ 9.8817710e-01 -1.4946380e-01 -2.2120900e-02 -1.1746200e+03]
 [ 0.0000000e+00  0.0000000e+00  0.0000000e+00  1.0000000e+00]]
[-0013.81, +0043.23, -1073.24]
122, 94, 63
[[-1.4979730e-01 -9.4144946e-01 -3.0124372e-01 -8.8660000e+01]
 [ 2.2877300e-02  3.0151590e-01 -9.5303180e-01  1.7600000e+01]
 [ 9.8820620e-01 -1.4988628e-01 -2.3454160e-02 -1.1746300e+03]
 [ 0.0000000e+00  0.0000000e+00  0.0000000e+00  1.0000000e+00]]
[+0028.52, +0028.97, -1091.59]
143, 145, 127
[[-1.4937282e-01 -9.4202784e-01 -2.9969808e-01 -8.8710000e+01]
 [ 2.1178560e-02  3.0018272e-01 -9.5350216e-01  1.7420000e+01]
 [ 9.8832528e-01 -1.4899144e-01 -2.4726100e-02 -1.1746500e+03]
 [ 0.0000000e+00  0.0000000e+00  0.0000000e+00  1.0000000e+00]]
[+0000.92, +0018.98, -1103.02]
41, 116, 106
[[-1.4991780e-01 -9.4146476e-01 -3.0107712e-01 -8.8670000e+01]
 [ 2.3286720e-02  3.0130380e-01 -9.5307764e-01  1.7590000e+01]
 [ 9.8816044e-01 -1.5014448e-01 -2.3060040e-02 -1.1746000e+03]
 [ 0.0000000e+00  0.0000000e+00  0.0000000e+00  1.0000000e+00]]
[-0045.25, -0013.65, -1104.59]
68, 103, 57
[[-1.4864448e-01 -9.4161608e-01 -3.0141064e-01 -8.8660000e+01]
 [ 2.3406320e-02  3.0154622e-01 -9.5303164e-01  1.7640000e+01]
 [ 9.8840344e-01 -1.4891716e-01 -2.2634260e-02 -1.1746300e+03]
 [ 0.0000000e+00  0.0000000e+00  0.0000000e+00  1.0000000e+00]]
[+0001.04, -0005.83, -1082.50]
50, 71, 129
[[-1.4973480e-01 -9.4161692e-01 -3.0086536e-01 -8.8700000e+01]
 [ 2.4135320e-02  3.0090968e-01 -9.5321416e-01  1.7590000e+01]
 [ 9.8822056e-01 -1.5019096e-01 -2.2180480e-02 -1.1746200e+03]
 [ 0.0000000e+00  0.0000000e+00  0.0000000e+00  1.0000000e+00]]
[-0062.27, +0027.00, -1107.79]
104, 60, 148
[[-1.5016066e-01 -9.4154126e-01 -3.0042496e-01 -8.8770000e+01]
 [ 2.2483340e-02  3.0084990e-01 -9.5318432e-01  1.7490000e+01]
 [ 9.8805344e-01 -1.5021952e-01 -2.3756800e-02 -1.1746400e+03]
 [ 0.0000000e+00  0.0000000e+00  0.0000000e+00  1.0000000e+00]]
[-0039.64, +0061.82, -1114.26]
35, 83, 38
[[-1.4864448e-01 -9.4149384e-01 -3.0225928e-01 -8.8650000e+01]
 [ 2.4254960e-02  3.0215118e-01 -9.5290884e-01  1.7760000e+01]
 [ 9.8852568e-01 -1.4903996e-01 -2.2029300e-02 -1.1746000e+03]
 [ 0.0000000e+00  0.0000000e+00  0.0000000e+00  1.0000000e+00]]
[-0008.99, -0017.80, -1076.88]
33, 48, 31
[[-1.4894842e-01 -9.4117444e-01 -3.0281992e-01 -8.8670000e+01]
 [ 2.4361640e-02  3.0278606e-01 -9.5264996e-01  1.7810000e+01]
 [ 9.8839048e-01 -1.4941924e-01 -2.2061520e-02 -1.1745800e+03]
 [ 0.0000000e+00  0.0000000e+00  0.0000000e+00  1.0000000e+00]]
[-0011.40, +0006.56, -1064.07]
147, 103, 132
[[-1.5034240e-01 -9.4170848e-01 -2.9992464e-01 -8.8770000e+01]
 [ 2.2164800e-02  3.0036536e-01 -9.5336652e-01  1.7460000e+01]
 [ 9.8806800e-01 -1.5028020e-01 -2.4059600e-02 -1.1746900e+03]
 [ 0.0000000e+00  0.0000000e+00  0.0000000e+00  1.0000000e+00]]
[-0004.80, +0048.85, -1103.53]
55, 131, 57
[[-1.4888722e-01 -9.4160094e-01 -3.0139554e-01 -8.8660000e+01]
 [ 2.3239860e-02  3.0154622e-01 -9.5304678e-01  1.7690000e+01]
 [ 9.8838834e-01 -1.4908362e-01 -2.2877000e-02 -1.1746200e+03]
 [ 0.0000000e+00  0.0000000e+00  0.0000000e+00  1.0000000e+00]]
[-0002.35, -0030.99, -1099.78]
71, 126, 115
[[-1.4912850e-01 -9.4166244e-01 -3.0084992e-01 -8.8690000e+01]
 [ 2.3846680e-02  3.0097080e-01 -9.5316864e-01  1.7620000e+01]
 [ 9.8826624e-01 -1.4956928e-01 -2.2240260e-02 -1.1746400e+03]
 [ 0.0000000e+00  0.0000000e+00  0.0000000e+00  1.0000000e+00]]
[-0033.53, -0002.66, -1099.53]
94, 43, 96
[[-1.4955444e-01 -9.4125142e-01 -3.0198650e-01 -8.8770000e+01]
 [ 2.3801900e-02  3.0212070e-01 -9.5281850e-01  1.7740000e+01]
 [ 9.8822242e-01 -1.4991794e-01 -2.2606500e-02 -1.1746100e+03]
 [ 0.0000000e+00  0.0000000e+00  0.0000000e+00  1.0000000e+00]]
[-0017.55, +0064.03, -1091.94]
113, 98, 91
[[-1.4931162e-01 -9.4147982e-01 -3.0127416e-01 -8.8750000e+01]
 [ 2.3210220e-02  3.0151590e-01 -9.5300144e-01  1.7660000e+01]
 [ 9.8823664e-01 -1.4955336e-01 -2.2968480e-02 -1.1746500e+03]
 [ 0.0000000e+00  0.0000000e+00  0.0000000e+00  1.0000000e+00]]
[+0003.47, +0029.78, -1088.45]
138, 130, 118
[[-1.4961568e-01 -9.4167808e-01 -3.0050104e-01 -8.8760000e+01]
 [ 2.1891520e-02  3.0094062e-01 -9.5321404e-01  1.7540000e+01]
 [ 9.8822024e-01 -1.4946116e-01 -2.4211060e-02 -1.1746500e+03]
 [ 0.0000000e+00  0.0000000e+00  0.0000000e+00  1.0000000e+00]]
[+0002.24, +0025.58, -1098.97]
98, 54, 96
[[-1.4991994e-01 -9.4114542e-01 -3.0178892e-01 -8.8770000e+01]
 [ 2.2756620e-02  3.0218158e-01 -9.5275812e-01  1.7690000e+01]
 [ 9.8808572e-01 -1.5003732e-01 -2.3637520e-02 -1.1746200e+03]
 [ 0.0000000e+00  0.0000000e+00  0.0000000e+00  1.0000000e+00]]
[-0015.54, +0055.42, -1088.71]
66, 141, 91
[[-1.4913000e-01 -9.4146440e-01 -3.0147120e-01 -8.8720000e+01]
 [ 2.3194800e-02  3.0169752e-01 -9.5295568e-01  1.7700000e+01]
 [ 9.8828240e-01 -1.4935632e-01 -2.2968480e-02 -1.1746300e+03]
 [ 0.0000000e+00  0.0000000e+00  0.0000000e+00  1.0000000e+00]]
[-0017.08, -0022.78, -1102.80]
144, 67, 63
[[-1.5016292e-01 -9.4097664e-01 -3.0283500e-01 -8.8820000e+01]
 [ 2.3651640e-02  3.0293708e-01 -9.5262000e-01  1.7810000e+01]
 [ 9.8822400e-01 -1.5035700e-01 -2.3125000e-02 -1.1746400e+03]
 [ 0.0000000e+00  0.0000000e+00  0.0000000e+00  1.0000000e+00]]
[+0035.31, +0056.60, -1105.37]
95, 69, 103
[[-1.4973840e-01 -9.4103784e-01 -3.0262272e-01 -8.8810000e+01]
 [ 2.3377920e-02  3.0281654e-01 -9.5262026e-01  1.7760000e+01]
 [ 9.8822376e-01 -1.4993222e-01 -2.3184100e-02 -1.1746100e+03]
 [ 0.0000000e+00  0.0000000e+00  0.0000000e+00  1.0000000e+00]]
[-0021.79, +0044.12, -1088.37]
122, 146, 93
[[-1.4949546e-01 -9.4123592e-01 -3.0212272e-01 -8.8790000e+01]
 [ 2.2998320e-02  3.0236312e-01 -9.5277268e-01  1.7720000e+01]
 [ 9.8826832e-01 -1.4959828e-01 -2.3394580e-02 -1.1746500e+03]
 [ 0.0000000e+00  0.0000000e+00  0.0000000e+00  1.0000000e+00]]
[+0012.66, +0001.07, -1100.16]
73, 127, 92
[[-1.4961568e-01 -9.4103800e-01 -3.0268360e-01 -8.8800000e+01]
 [ 2.4166000e-02  3.0275550e-01 -9.5262010e-01  1.7800000e+01]
 [ 9.8822360e-01 -1.5005510e-01 -2.2396180e-02 -1.1746300e+03]
 [ 0.0000000e+00  0.0000000e+00  0.0000000e+00  1.0000000e+00]]
[-0017.04, -0008.90, -1093.51]
63, 101, 31
[[-1.4937544e-01 -9.4082376e-01 -3.0353188e-01 -8.8790000e+01]
 [ 2.3892720e-02  3.0363256e-01 -9.5236044e-01  1.7900000e+01]
 [ 9.8828644e-01 -1.4970612e-01 -2.2731040e-02 -1.1746000e+03]
 [ 0.0000000e+00  0.0000000e+00  0.0000000e+00  1.0000000e+00]]
[+0018.23, -0014.36, -1085.28]
96, 47, 116
[[-1.5004290e-01 -9.4083962e-01 -3.0309226e-01 -8.8890000e+01]
 [ 2.3363620e-02  3.0330012e-01 -9.5246774e-01  1.7830000e+01]
 [ 9.8817926e-01 -1.5020474e-01 -2.3368020e-02 -1.1746600e+03]
 [ 0.0000000e+00  0.0000000e+00  0.0000000e+00  1.0000000e+00]]
[-0029.81, +0064.84, -1100.89]
51, 99, 63
[[-1.4925562e-01 -9.4065574e-01 -3.0400136e-01 -8.8840000e+01]
 [ 2.3816740e-02  3.0414630e-01 -9.5217728e-01  1.7940000e+01]
 [ 9.8827264e-01 -1.4958472e-01 -2.2823080e-02 -1.1746300e+03]
 [ 0.0000000e+00  0.0000000e+00  0.0000000e+00  1.0000000e+00]]
[-0015.43, -0011.92, -1083.01]
145, 103, 114
[[-1.4992308e-01 -9.4103820e-01 -3.0253140e-01 -8.8920000e+01]
 [ 2.2195800e-02  3.0290750e-01 -9.5261990e-01  1.7760000e+01]
 [ 9.8822340e-01 -1.4974790e-01 -2.4366580e-02 -1.1746800e+03]
 [ 0.0000000e+00  0.0000000e+00  0.0000000e+00  1.0000000e+00]]
[+0005.44, +0045.76, -1100.10]
83, 88, 117
[[-1.5028596e-01 -9.4079358e-01 -3.0328926e-01 -8.8910000e+01]
 [ 2.3409660e-02  3.0345110e-01 -9.5245222e-01  1.7820000e+01]
 [ 9.8819478e-01 -1.5040174e-01 -2.3460100e-02 -1.1746700e+03]
 [ 0.0000000e+00  0.0000000e+00  0.0000000e+00  1.0000000e+00]]
[-0034.97, +0028.32, -1093.18]
40, 35, 73
[[-1.4931730e-01 -9.4035094e-01 -3.0457668e-01 -8.8930000e+01]
 [ 2.4090140e-02  3.0478022e-01 -9.5190276e-01  1.7990000e+01]
 [ 9.8815308e-01 -1.4979756e-01 -2.2613520e-02 -1.1746100e+03]
 [ 0.0000000e+00  0.0000000e+00  0.0000000e+00  1.0000000e+00]]
[-0042.79, +0038.24, -1077.62]
129, 113, 117
[[-1.5040932e-01 -9.4091730e-01 -3.0237906e-01 -8.8940000e+01]
 [ 2.1772500e-02  3.0290750e-01 -9.5257450e-01  1.7730000e+01]
 [ 9.8807106e-01 -1.5015610e-01 -2.4852820e-02 -1.1746800e+03]
 [ 0.0000000e+00  0.0000000e+00  0.0000000e+00  1.0000000e+00]]
[-0003.81, +0033.02, -1096.10]
88, 120, 43
[[-1.4876970e-01 -9.4080764e-01 -3.0394088e-01 -8.8900000e+01]
 [ 2.4027560e-02  3.0399536e-01 -9.5225324e-01  1.7930000e+01]
 [ 9.8839352e-01 -1.4914604e-01 -2.2488100e-02 -1.1746500e+03]
 [ 0.0000000e+00  0.0000000e+00  0.0000000e+00  1.0000000e+00]]
[+0024.52, -0011.28, -1094.52]
85, 72, 67
[[-1.4949864e-01 -9.4060968e-01 -3.0419840e-01 -8.8930000e+01]
 [ 2.3862800e-02  3.0429720e-01 -9.5216160e-01  1.7970000e+01]
 [ 9.8828832e-01 -1.4978176e-01 -2.2915200e-02 -1.1746400e+03]
 [ 0.0000000e+00  0.0000000e+00  0.0000000e+00  1.0000000e+00]]
[-0000.81, +0028.51, -1078.07]
100, 143, 66
[[-1.4876970e-01 -9.4089998e-01 -3.0330446e-01 -8.8900000e+01]
 [ 2.3391140e-02  3.0354230e-01 -9.5234582e-01  1.7870000e+01]
 [ 9.8830118e-01 -1.4905346e-01 -2.2941160e-02 -1.1746600e+03]
 [ 0.0000000e+00  0.0000000e+00  0.0000000e+00  1.0000000e+00]]
[+0017.61, -0013.35, -1101.48]
48, 77, 92
[[-1.4883130e-01 -9.4053376e-01 -3.0430408e-01 -8.8930000e+01]
 [ 2.4088640e-02  3.0447854e-01 -9.5200964e-01  1.7980000e+01]
 [ 9.8824312e-01 -1.4932804e-01 -2.2429200e-02 -1.1746300e+03]
 [ 0.0000000e+00  0.0000000e+00  0.0000000e+00  1.0000000e+00]]
[-0042.71, +0011.41, -1086.47]
93, 91, 146
[[-1.5101538e-01 -9.4084038e-01 -3.0260622e-01 -8.9000000e+01]
 [ 2.2273980e-02  3.0299804e-01 -9.5258998e-01  1.7770000e+01]
 [ 9.8805618e-01 -1.5080842e-01 -2.4642580e-02 -1.1746600e+03]
 [ 0.0000000e+00  0.0000000e+00  0.0000000e+00  1.0000000e+00]]
[-0043.19, +0038.22, -1106.03]
82, 141, 104
[[-1.5034760e-01 -9.4097688e-01 -3.0274344e-01 -8.8940000e+01]
 [ 2.2469520e-02  3.0302840e-01 -9.5261976e-01  1.7810000e+01]
 [ 9.8822376e-01 -1.5017256e-01 -2.4307360e-02 -1.1746400e+03]
 [ 0.0000000e+00  0.0000000e+00  0.0000000e+00  1.0000000e+00]]
[-0017.72, -0011.76, -1099.77]
82, 108, 119
[[-1.5046746e-01 -9.4080908e-01 -3.0309224e-01 -8.8950000e+01]
 [ 2.3425160e-02  3.0326960e-01 -9.5249828e-01  1.7830000e+01]
 [ 9.8814872e-01 -1.5059876e-01 -2.3460100e-02 -1.1746500e+03]
 [ 0.0000000e+00  0.0000000e+00  0.0000000e+00  1.0000000e+00]]
[-0034.36, +0015.00, -1095.63]
86, 54, 75
[[-1.4974170e-01 -9.4062530e-01 -3.0397100e-01 -8.9000000e+01]
 [ 2.3484460e-02  3.0414630e-01 -9.5220772e-01  1.7950000e+01]
 [ 9.8824228e-01 -1.4991700e-01 -2.3309160e-02 -1.1746600e+03]
 [ 0.0000000e+00  0.0000000e+00  0.0000000e+00  1.0000000e+00]]
[-0007.88, +0046.47, -1079.98]
38, 51, 61
[[-1.4889298e-01 -9.4050280e-01 -3.0448592e-01 -8.8980000e+01]
 [ 2.3906800e-02  3.0465984e-01 -9.5197880e-01  1.8010000e+01]
 [ 9.8827408e-01 -1.4929720e-01 -2.2672180e-02 -1.1746200e+03]
 [ 0.0000000e+00  0.0000000e+00  0.0000000e+00  1.0000000e+00]]
[-0032.43, +0017.34, -1072.37]
66, 81, 123
[[-1.4919402e-01 -9.4090046e-01 -3.0309230e-01 -8.9010000e+01]
 [ 2.3240540e-02  3.0336092e-01 -9.5240690e-01  1.7840000e+01]
 [ 9.8824010e-01 -1.4941670e-01 -2.3184100e-02 -1.1746800e+03]
 [ 0.0000000e+00  0.0000000e+00  0.0000000e+00  1.0000000e+00]]
[-0049.40, +0027.27, -1098.84]
61, 57, 111
[[-1.5022794e-01 -9.4062576e-01 -3.0372822e-01 -8.9020000e+01]
 [ 2.2939920e-02  3.0399536e-01 -9.5226896e-01  1.7890000e+01]
 [ 9.8818086e-01 -1.5021848e-01 -2.3946340e-02 -1.1746300e+03]
 [ 0.0000000e+00  0.0000000e+00  0.0000000e+00  1.0000000e+00]]
[-0048.94, +0038.99, -1094.14]
76, 52, 47
[[-1.4956036e-01 -9.4060964e-01 -3.0416800e-01 -8.9020000e+01]
 [ 2.3468800e-02  3.0432764e-01 -9.5216164e-01  1.7960000e+01]
 [ 9.8828836e-01 -1.4972000e-01 -2.3309160e-02 -1.1746300e+03]
 [ 0.0000000e+00  0.0000000e+00  0.0000000e+00  1.0000000e+00]]
[+0007.38, +0035.74, -1072.87]
135, 74, 87
[[-1.4956036e-01 -9.4097624e-01 -3.0313788e-01 -8.9030000e+01]
 [ 2.2376920e-02  3.0342140e-01 -9.5249736e-01  1.7830000e+01]
 [ 9.8834616e-01 -1.4938428e-01 -2.4215400e-02 -1.1746700e+03]
 [ 0.0000000e+00  0.0000000e+00  0.0000000e+00  1.0000000e+00]]
[+0015.38, +0055.21, -1097.52]
81, 146, 121
[[-1.4955690e-01 -9.4123602e-01 -3.0209234e-01 -8.8960000e+01]
 [ 2.2604260e-02  3.0239340e-01 -9.5277258e-01  1.7730000e+01]
 [ 9.8826822e-01 -1.4953694e-01 -2.3788740e-02 -1.1746900e+03]
 [ 0.0000000e+00  0.0000000e+00  0.0000000e+00  1.0000000e+00]]
[-0028.30, -0010.89, -1106.22]
86, 80, 98
[[-1.4998480e-01 -9.4094584e-01 -3.0313768e-01 -8.8990000e+01]
 [ 2.2438480e-02  3.0339120e-01 -9.5252776e-01  1.7840000e+01]
 [ 9.8831576e-01 -1.4977832e-01 -2.4307360e-02 -1.1746600e+03]
 [ 0.0000000e+00  0.0000000e+00  0.0000000e+00  1.0000000e+00]]
[-0020.86, +0031.59, -1085.51]
