945, 1029, 1206
[[-2.2310884e-01  6.4270668e-01 -7.3257152e-01  1.0187000e+02]
 [-6.8236800e-03  7.5070828e-01  6.6052308e-01  1.3735000e+02]
 [ 9.7451852e-01  1.5253008e-01 -1.6304212e-01 -1.1792800e+03]
 [ 0.0000000e+00  0.0000000e+00  0.0000000e+00  1.0000000e+00]]
[+0055.94, -0020.47, -1078.40]
1025, 1027, 1111
[[-2.2340122e-01  6.4245778e-01 -7.3279954e-01  1.0183000e+02]
 [-7.0725800e-03  7.5088220e-01  6.6034514e-01  1.3735000e+02]
 [ 9.7452406e-01  1.5281926e-01 -1.6316058e-01 -1.1792500e+03]
 [ 0.0000000e+00  0.0000000e+00  0.0000000e+00  1.0000000e+00]]
[+0063.25, -0003.63, -1072.92]
1844, 1838, 1229
[[-2.2595332e-01  6.4085714e-01 -7.3336010e-01  1.0158000e+02]
 [-6.2728600e-03  7.5206972e-01  6.5898770e-01  1.3738000e+02]
 [ 9.7389710e-01  1.5364330e-01 -1.6585860e-01 -1.1792600e+03]
 [ 0.0000000e+00  0.0000000e+00  0.0000000e+00  1.0000000e+00]]
[+0124.89, +0038.17, -1100.08]
1652, 2165, 998
[[-2.2525674e-01  6.4135034e-01 -7.3324108e-01  1.0162000e+02]
 [-5.7683800e-03  7.5183366e-01  6.5928356e-01  1.3744000e+02]
 [ 9.7413524e-01  1.5283268e-01 -1.6562004e-01 -1.1792400e+03]
 [ 0.0000000e+00  0.0000000e+00  0.0000000e+00  1.0000000e+00]]
[+0161.99, +0015.71, -1120.70]
2233, 2063, 2026
[[-2.2825768e-01  6.3972088e-01 -7.3364392e-01  1.0135000e+02]
 [-5.8224800e-03  7.5283544e-01  6.5811848e-01  1.3728000e+02]
 [ 9.7336648e-01  1.5463192e-01 -1.6806288e-01 -1.1792100e+03]
 [ 0.0000000e+00  0.0000000e+00  0.0000000e+00  1.0000000e+00]]
[+0075.69, +0019.03, -1111.56]
1317, 2039, 1329
[[-2.2390442e-01  6.4176444e-01 -7.3308858e-01  1.0170000e+02]
 [-6.0315600e-03  7.5154892e-01  6.5955956e-01  1.3739000e+02]
 [ 9.7429158e-01  1.5229444e-01 -1.6433050e-01 -1.1792700e+03]
 [ 0.0000000e+00  0.0000000e+00  0.0000000e+00  1.0000000e+00]]
[+0132.66, -0024.29, -1101.62]
2052, 974, 784
[[-2.2547874e-01  6.4253258e-01 -7.3212456e-01  1.0173000e+02]
 [-4.6085400e-03  7.5091566e-01  6.6033512e-01  1.3735000e+02]
 [ 9.7408072e-01  1.5236664e-01 -1.6631604e-01 -1.1791900e+03]
 [ 0.0000000e+00  0.0000000e+00  0.0000000e+00  1.0000000e+00]]
[+0096.48, +0100.72, -1145.68]
2104, 1681, 1620
[[-2.2719610e-01  6.4056334e-01 -7.3329718e-01  1.0149000e+02]
 [-5.5456600e-03  7.5229164e-01  6.5875546e-01  1.3732000e+02]
 [ 9.7366082e-01  1.5384446e-01 -1.6732330e-01 -1.1792000e+03]
 [ 0.0000000e+00  0.0000000e+00  0.0000000e+00  1.0000000e+00]]
[+0079.96, +0045.89, -1106.90]
954, 2036, 1066
[[-2.2372290e-01  6.4194874e-01 -7.3322092e-01  1.0177000e+02]
 [-6.3027800e-03  7.5143790e-01  6.5973724e-01  1.3743000e+02]
 [ 9.7451084e-01  1.5229828e-01 -1.6403796e-01 -1.1792500e+03]
 [ 0.0000000e+00  0.0000000e+00  0.0000000e+00  1.0000000e+00]]
[+0159.12, -0042.31, -1121.22]
793, 1451, 1802
[[-2.2412650e-01  6.4185160e-01 -7.3305720e-01  1.0172000e+02]
 [-6.4112800e-03  7.5141374e-01  6.5973540e-01  1.3733000e+02]
 [ 9.7432296e-01  1.5270372e-01 -1.6424360e-01 -1.1792200e+03]
 [ 0.0000000e+00  0.0000000e+00  0.0000000e+00  1.0000000e+00]]
[+0061.08, -0078.41, -1136.69]
