950, 950, 950
[[-4.8084360e-02  9.5621240e-01  2.8781272e-01  2.1100000e+00]
 [ 3.9616720e-02 -2.8584370e-01  9.5713046e-01  1.2936000e+02]
 [ 9.9780200e-01  5.7671900e-02 -2.3818900e-02 -1.1679800e+03]
 [ 0.0000000e+00  0.0000000e+00  0.0000000e+00  1.0000000e+00]]
[-0135.49, +0082.73, -1057.70]
750, 750, 750
[[-4.7427200e-02  9.5611104e-01  2.8858032e-01  2.1700000e+00]
 [ 3.9126240e-02 -2.8674674e-01  9.5699934e-01  1.2921000e+02]
 [ 9.9794592e-01  5.6835540e-02 -2.3606900e-02 -1.1679600e+03]
 [ 0.0000000e+00  0.0000000e+00  0.0000000e+00  1.0000000e+00]]
[-0137.40, +0082.90, -1049.95]
875, 875, 875
[[-4.8719620e-02  9.5633334e-01  2.8752510e-01  2.1000000e+00]
 [ 3.9188340e-02 -2.8562788e-01  9.5729430e-01  1.2930000e+02]
 [ 9.9785190e-01  5.8091700e-02 -2.3322500e-02 -1.1680200e+03]
 [ 0.0000000e+00  0.0000000e+00  0.0000000e+00  1.0000000e+00]]
[-0136.66, +0082.30, -1054.89]
1000, 1000, 1000
[[-4.9126020e-02  9.5643700e-01  2.8744274e-01  2.0800000e+00]
 [ 3.9131800e-02 -2.8563240e-01  9.5741740e-01  1.2931000e+02]
 [ 9.9792974e-01  5.8375000e-02 -2.3275380e-02 -1.1680200e+03]
 [ 0.0000000e+00  0.0000000e+00  0.0000000e+00  1.0000000e+00]]
[-0135.52, +0082.01, -1059.91]
1125, 1125, 1125
[[-4.7272040e-02  9.5653992e-01  2.8701348e-01  2.0700000e+00]
 [ 3.8662680e-02 -2.8516132e-01  9.5743032e-01  1.2933000e+02]
 [ 9.9792312e-01  5.6559720e-02 -2.3239720e-02 -1.1679800e+03]
 [ 0.0000000e+00  0.0000000e+00  0.0000000e+00  1.0000000e+00]]
[-0133.90, +0081.91, -1064.57]
1250, 1250, 1250
[[-4.8387600e-02  9.5657216e-01  2.8664752e-01  2.0500000e+00]
 [ 3.9221120e-02 -2.8471656e-01  9.5751376e-01  1.2935000e+02]
 [ 9.9782704e-01  5.7797920e-02 -2.3452800e-02 -1.1680100e+03]
 [ 0.0000000e+00  0.0000000e+00  0.0000000e+00  1.0000000e+00]]
[-0132.92, +0082.13, -1069.17]
1375, 1375, 1375
[[-4.8158740e-02  9.5672084e-01  2.8635784e-01  2.0300000e+00]
 [ 3.9072440e-02 -2.8448770e-01  9.5764952e-01  1.2937000e+02]
 [ 9.9789224e-01  5.7484720e-02 -2.3452800e-02 -1.1680000e+03]
 [ 0.0000000e+00  0.0000000e+00  0.0000000e+00  1.0000000e+00]]
[-0131.73, +0083.86, -1073.90]
1500, 1500, 1500
[[-4.8817620e-02  9.5676982e-01  2.8599666e-01  2.0200000e+00]
 [ 3.9968220e-02 -2.8403442e-01  9.5771594e-01  1.2940000e+02]
 [ 9.9780014e-01  5.8384860e-02 -2.4116040e-02 -1.1680000e+03]
 [ 0.0000000e+00  0.0000000e+00  0.0000000e+00  1.0000000e+00]]
[-0130.14, +0084.48, -1078.54]
1625, 1625, 1625
[[-4.8182480e-02  9.5692920e-01  2.8570032e-01  1.9900000e+00]
 [ 3.9762000e-02 -2.8380136e-01  9.5784080e-01  1.2944000e+02]
 [ 9.9787632e-01  5.7676000e-02 -2.4162880e-02 -1.1680100e+03]
 [ 0.0000000e+00  0.0000000e+00  0.0000000e+00  1.0000000e+00]]
[-0129.60, +0084.91, -1083.32]
1750, 1750, 1750
[[-4.7776200e-02  9.5699100e-01  2.8528760e-01  1.9700000e+00]
 [ 3.9298160e-02 -2.8334820e-01  9.5789412e-01  1.2946000e+02]
 [ 9.9783588e-01  5.7216400e-02 -2.3760840e-02 -1.1680000e+03]
 [ 0.0000000e+00  0.0000000e+00  0.0000000e+00  1.0000000e+00]]
[-0129.52, +0084.53, -1088.05]
1875, 1875, 1875
[[-4.7902740e-02  9.5702086e-01  2.8510368e-01  1.9700000e+00]
 [ 3.9717180e-02 -2.8311954e-01  9.5792176e-01  1.2949000e+02]
 [ 9.9779536e-01  5.7468480e-02 -2.4116040e-02 -1.1680400e+03]
 [ 0.0000000e+00  0.0000000e+00  0.0000000e+00  1.0000000e+00]]
[-0129.06, +0084.31, -1092.81]
2000, 2000, 2000
[[-4.8156420e-02  9.5730926e-01  2.8455828e-01  1.9300000e+00]
 [ 4.0326540e-02 -2.8266234e-01  9.5820124e-01  1.2954000e+02]
 [ 9.9789188e-01  5.7747960e-02 -2.4826920e-02 -1.1680100e+03]
 [ 0.0000000e+00  0.0000000e+00  0.0000000e+00  1.0000000e+00]]
[-0128.39, +0084.27, -1097.61]
2125, 2125, 2125
[[-4.7954020e-02  9.5752616e-01  2.8390264e-01  1.9000000e+00]
 [ 4.1185360e-02 -2.8197288e-01  9.5838268e-01  1.2961000e+02]
 [ 9.9787816e-01  5.7768920e-02 -2.5762900e-02 -1.1680000e+03]
 [ 0.0000000e+00  0.0000000e+00  0.0000000e+00  1.0000000e+00]]
[-0129.25, +0083.42, -1102.67]
2250, 2250, 2250
[[-4.8132000e-02  9.5759980e-01  2.8330180e-01  1.8700000e+00]
 [ 4.0802200e-02 -2.8129962e-01  9.5848052e-01  1.2968000e+02]
 [ 9.9779380e-01  5.7899480e-02 -2.5267620e-02 -1.1680400e+03]
 [ 0.0000000e+00  0.0000000e+00  0.0000000e+00  1.0000000e+00]]
[-0130.35, +0082.64, -1107.56]
2125, 2125, 2125
[[-4.7851780e-02  9.5716714e-01  2.8482238e-01  1.9600000e+00]
 [ 3.9795340e-02 -2.8289092e-01  9.5805946e-01  1.2946000e+02]
 [ 9.9785222e-01  5.7381740e-02 -2.4293700e-02 -1.1680000e+03]
 [ 0.0000000e+00  0.0000000e+00  0.0000000e+00  1.0000000e+00]]
[-0130.51, +0084.93, -1102.23]
2000, 2000, 2000
[[-4.8004900e-02  9.5698248e-01  2.8528546e-01  1.9900000e+00]
 [ 3.9129120e-02 -2.8335248e-01  9.5790264e-01  1.2940000e+02]
 [ 9.9783374e-01  5.7385440e-02 -2.3536420e-02 -1.1680400e+03]
 [ 0.0000000e+00  0.0000000e+00  0.0000000e+00  1.0000000e+00]]
[-0133.76, +0084.78, -1098.11]
1875, 1875, 1875
[[-4.8182480e-02  9.5695476e-01  2.8549716e-01  1.9900000e+00]
 [ 3.9558840e-02 -2.8357690e-01  9.5787282e-01  1.2938000e+02]
 [ 9.9785076e-01  5.7643980e-02 -2.3938420e-02 -1.1680100e+03]
 [ 0.0000000e+00  0.0000000e+00  0.0000000e+00  1.0000000e+00]]
[-0133.72, +0084.23, -1093.09]
1750, 1750, 1750
[[-4.7015040e-02  9.5698016e-01  2.8546736e-01  2.0100000e+00]
 [ 3.8990560e-02 -2.8356850e-01  9.5784742e-01  1.2935000e+02]
 [ 9.9788896e-01  5.6399620e-02 -2.3677300e-02 -1.1680200e+03]
 [ 0.0000000e+00  0.0000000e+00  0.0000000e+00  1.0000000e+00]]
[-0134.56, +0083.75, -1088.33]
1625, 1625, 1625
[[-4.7117600e-02  9.5691624e-01  2.8585248e-01  2.0200000e+00]
 [ 3.8605440e-02 -2.8402586e-01  9.5779614e-01  1.2934000e+02]
 [ 9.9795288e-01  5.6348340e-02 -2.3322500e-02 -1.1680000e+03]
 [ 0.0000000e+00  0.0000000e+00  0.0000000e+00  1.0000000e+00]]
[-0133.55, +0083.23, -1083.36]
1500, 1500, 1500
[[-4.7272040e-02  9.5687196e-01  2.8602408e-01  2.0300000e+00]
 [ 3.7621680e-02 -2.8426324e-01  9.5778276e-01  1.2930000e+02]
 [ 9.9799716e-01  5.6207280e-02 -2.2341640e-02 -1.1680200e+03]
 [ 0.0000000e+00  0.0000000e+00  0.0000000e+00  1.0000000e+00]]
[-0132.45, +0082.15, -1078.49]
1375, 1375, 1375
[[-4.7272040e-02  9.5684616e-01  2.8622712e-01  2.0500000e+00]
 [ 3.7824720e-02 -2.8448770e-01  9.5775086e-01  1.2926000e+02]
 [ 9.9802296e-01  5.6239180e-02 -2.2566100e-02 -1.1680100e+03]
 [ 0.0000000e+00  0.0000000e+00  0.0000000e+00  1.0000000e+00]]
[-0132.88, +0081.91, -1073.85]
1250, 1250, 1250
[[-4.7323680e-02  9.5661120e-01  2.8639384e-01  2.0600000e+00]
 [ 3.7658000e-02 -2.8449210e-01  9.5753250e-01  1.2922000e+02]
 [ 9.9785184e-01  5.6405900e-02 -2.2164420e-02 -1.1680000e+03]
 [ 0.0000000e+00  0.0000000e+00  0.0000000e+00  1.0000000e+00]]
[-0133.84, +0082.60, -1069.32]
1125, 1125, 1125
[[-4.765618e-02  9.565391e-01  2.867766e-01  2.070000e+00]
 [ 3.710410e-02 -2.849545e-01  9.574890e-01  1.291800e+02]
 [ 9.979134e-01  5.652300e-02 -2.158568e-02 -1.167990e+03]
 [ 0.000000e+00  0.000000e+00  0.000000e+00  1.000000e+00]]
[-0134.79, +0082.03, -1064.58]
1000, 1000, 1000
[[-4.7583080e-02  9.5659218e-01  2.8706490e-01  2.1100000e+00]
 [ 3.6377820e-02 -2.8541258e-01  9.5754690e-01  1.2913000e+02]
 [ 9.9807390e-01  5.6132100e-02 -2.1054500e-02 -1.1680100e+03]
 [ 0.0000000e+00  0.0000000e+00  0.0000000e+00  1.0000000e+00]]
[-0136.03, +0082.89, -1059.79]
875, 875, 875
[[-4.6646340e-02  9.5632830e-01  2.8761762e-01  2.1500000e+00]
 [ 3.6274620e-02 -2.8585690e-01  9.5724134e-01  1.2906000e+02]
 [ 9.9798390e-01  5.5344500e-02 -2.1020200e-02 -1.1680100e+03]
 [ 0.0000000e+00  0.0000000e+00  0.0000000e+00  1.0000000e+00]]
[-0137.07, +0082.19, -1054.86]
750, 750, 750
[[-4.7156820e-02  9.5611332e-01  2.8829994e-01  2.1900000e+00]
 [ 3.6265080e-02 -2.8654420e-01  9.5705524e-01  1.2898000e+02]
 [ 9.9797514e-01  5.5831960e-02 -2.0843380e-02 -1.1680200e+03]
 [ 0.0000000e+00  0.0000000e+00  0.0000000e+00  1.0000000e+00]]
[-0137.16, +0082.15, -1050.04]
875, 875, 875
[[-4.7354020e-02  9.5648582e-01  2.8715572e-01  2.1100000e+00]
 [ 3.6661180e-02 -2.8540794e-01  9.5742652e-01  1.2910000e+02]
 [ 9.9798772e-01  5.6075480e-02 -2.1278920e-02 -1.1680000e+03]
 [ 0.0000000e+00  0.0000000e+00  0.0000000e+00  1.0000000e+00]]
[-0136.92, +0080.73, -1055.06]
1000, 1000, 1000
[[-4.7198260e-02  9.5664418e-01  2.8689558e-01  2.1000000e+00]
 [ 3.7530380e-02 -2.8516996e-01  9.5755278e-01  1.2913000e+02]
 [ 9.9803238e-01  5.6104980e-02 -2.2259060e-02 -1.1679700e+03]
 [ 0.0000000e+00  0.0000000e+00  0.0000000e+00  1.0000000e+00]]
[-0135.76, +0081.38, -1060.03]
1125, 1125, 1125
[[-4.6792260e-02  9.5670640e-01  2.8648356e-01  2.0800000e+00]
 [ 3.7066560e-02 -2.8471656e-01  9.5760620e-01  1.2917000e+02]
 [ 9.9799100e-01  5.5645560e-02 -2.1857460e-02 -1.1680100e+03]
 [ 0.0000000e+00  0.0000000e+00  0.0000000e+00  1.0000000e+00]]
[-0133.68, +0081.40, -1064.72]
1250, 1250, 1250
[[-4.6688820e-02  9.5674434e-01  2.8630134e-01  2.0800000e+00]
 [ 3.7654740e-02 -2.8448338e-01  9.5762602e-01  1.2919000e+02]
 [ 9.9795306e-01  5.5729180e-02 -2.2436200e-02 -1.1680000e+03]
 [ 0.0000000e+00  0.0000000e+00  0.0000000e+00  1.0000000e+00]]
[-0132.69, +0081.71, -1069.30]
1375, 1375, 1375
[[-4.7272040e-02  9.5678334e-01  2.8590966e-01  2.0600000e+00]
 [ 3.7533060e-02 -2.8403882e-01  9.5770242e-01  1.2923000e+02]
 [ 9.9788274e-01  5.6287620e-02 -2.2117220e-02 -1.1680000e+03]
 [ 0.0000000e+00  0.0000000e+00  0.0000000e+00  1.0000000e+00]]
[-0131.33, +0083.45, -1073.97]
1500, 1500, 1500
[[-4.7220480e-02  9.5701824e-01  2.8574288e-01  2.0400000e+00]
 [ 3.7699840e-02 -2.8403442e-01  9.5792076e-01  1.2926000e+02]
 [ 9.9805392e-01  5.6120840e-02 -2.2518900e-02 -1.1680000e+03]
 [ 0.0000000e+00  0.0000000e+00  0.0000000e+00  1.0000000e+00]]
[-0130.45, +0082.41, -1078.85]
1625, 1625, 1625
[[-4.6837620e-02  9.5700784e-01  2.8525594e-01  2.0000000e+00]
 [ 3.8560960e-02 -2.8334400e-01  9.5787728e-01  1.2932000e+02]
 [ 9.9787174e-01  5.6141120e-02 -2.3275380e-02 -1.1679700e+03]
 [ 0.0000000e+00  0.0000000e+00  0.0000000e+00  1.0000000e+00]]
[-0129.77, +0084.47, -1083.41]
1750, 1750, 1750
[[-4.7015040e-02  9.5703136e-01  2.8506128e-01  2.0000000e+00]
 [ 3.8584480e-02 -2.8311954e-01  9.5791126e-01  1.2934000e+02]
 [ 9.9783776e-01  5.6335780e-02 -2.3228340e-02 -1.1679800e+03]
 [ 0.0000000e+00  0.0000000e+00  0.0000000e+00  1.0000000e+00]]
[-0129.34, +0084.19, -1088.11]
1875, 1875, 1875
[[-4.6506760e-02  9.5730856e-01  2.8469532e-01  1.9800000e+00]
 [ 3.8886680e-02 -2.8288276e-01  9.5814456e-01  1.2938000e+02]
 [ 9.9798744e-01  5.5798680e-02 -2.3854760e-02 -1.1680000e+03]
 [ 0.0000000e+00  0.0000000e+00  0.0000000e+00  1.0000000e+00]]
[-0128.69, +0084.31, -1092.94]
2000, 2000, 2000
[[-4.6988500e-02  9.5738534e-01  2.8412188e-01  1.9500000e+00]
 [ 3.9352700e-02 -2.8220530e-01  9.5823980e-01  1.2944000e+02]
 [ 9.9787940e-01  5.6439880e-02 -2.4116040e-02 -1.1679900e+03]
 [ 0.0000000e+00  0.0000000e+00  0.0000000e+00  1.0000000e+00]]
[-0128.79, +0084.31, -1097.78]
2125, 2125, 2125
[[-4.6886980e-02  9.5767746e-01  2.8355900e-01  1.9200000e+00]
 [ 3.9509460e-02 -2.8174842e-01  9.5851500e-01  1.2951000e+02]
 [ 9.9799340e-01  5.6266200e-02 -2.4471400e-02 -1.1680100e+03]
 [ 0.0000000e+00  0.0000000e+00  0.0000000e+00  1.0000000e+00]]
[-0129.38, +0083.36, -1102.69]
2250, 2250, 2250
[[-4.5822500e-02  9.5771808e-01  2.8287444e-01  1.9000000e+00]
 [ 4.0675680e-02 -2.8082410e-01  9.5847636e-01  1.2959000e+02]
 [ 9.9779124e-01  5.5745160e-02 -2.5678240e-02 -1.1680000e+03]
 [ 0.0000000e+00  0.0000000e+00  0.0000000e+00  1.0000000e+00]]
[-0130.12, +0082.53, -1107.61]
2125, 2125, 2125
[[-4.6431620e-02  9.5741238e-01  2.8457766e-01  1.9700000e+00]
 [ 3.7754580e-02 -2.8289092e-01  9.5826726e-01  1.2937000e+02]
 [ 9.9809694e-01  5.5345140e-02 -2.2873540e-02 -1.1680100e+03]
 [ 0.0000000e+00  0.0000000e+00  0.0000000e+00  1.0000000e+00]]
[-0130.72, +0084.45, -1102.34]
2000, 2000, 2000
[[-4.6660240e-02  9.5714988e-01  2.8495592e-01  2.0200000e+00]
 [ 3.8017080e-02 -2.8311954e-01  9.5801928e-01  1.2933000e+02]
 [ 9.9794312e-01  5.5770480e-02 -2.2873540e-02 -1.1680100e+03]
 [ 0.0000000e+00  0.0000000e+00  0.0000000e+00  1.0000000e+00]]
[-0133.25, +0084.33, -1098.02]
1875, 1875, 1875
[[-4.7701140e-02  9.5706928e-01  2.8537228e-01  1.9400000e+00]
 [ 3.8369120e-02 -2.8358122e-01  9.5798488e-01  1.2932000e+02]
 [ 9.9797132e-01  5.6794480e-02 -2.3003920e-02 -1.1680500e+03]
 [ 0.0000000e+00  0.0000000e+00  0.0000000e+00  1.0000000e+00]]
[-0133.96, +0083.98, -1093.27]
1750, 1750, 1750
[[-4.6888900e-02  9.5700160e-01  2.8524550e-01  1.9600000e+00]
 [ 3.8165360e-02 -2.8334820e-01  9.5788352e-01  1.2928000e+02]
 [ 9.9787798e-01  5.6083600e-02 -2.2873540e-02 -1.1680300e+03]
 [ 0.0000000e+00  0.0000000e+00  0.0000000e+00  1.0000000e+00]]
[-0134.38, +0083.57, -1088.35]
1625, 1625, 1625
[[-4.6991700e-02  9.5705226e-01  2.8554202e-01  1.9600000e+00]
 [ 3.7665820e-02 -2.8380564e-01  9.5794434e-01  1.2924000e+02]
 [ 9.9803034e-01  5.5919980e-02 -2.2518900e-02 -1.1680500e+03]
 [ 0.0000000e+00  0.0000000e+00  0.0000000e+00  1.0000000e+00]]
[-0133.37, +0083.01, -1083.43]
1500, 1500, 1500
[[-4.7626600e-02  9.5680466e-01  2.8572322e-01  1.9100000e+00]
 [ 3.7783220e-02 -2.8381444e-01  9.5773874e-01  1.2926000e+02]
 [ 9.9784034e-01  5.6708980e-02 -2.2247400e-02 -1.1680900e+03]
 [ 0.0000000e+00  0.0000000e+00  0.0000000e+00  1.0000000e+00]]
[-0132.34, +0082.34, -1078.72]
1375, 1375, 1375
[[-4.6866000e-02  9.5679380e-01  2.8590360e-01  1.9200000e+00]
 [ 3.7475400e-02 -2.8403442e-01  9.5769196e-01  1.2921000e+02]
 [ 9.9789320e-01  5.5892040e-02 -2.2164420e-02 -1.1680800e+03]
 [ 0.0000000e+00  0.0000000e+00  0.0000000e+00  1.0000000e+00]]
[-0133.20, +0081.98, -1074.05]
1250, 1250, 1250
[[-4.7094820e-02  9.5684834e-01  2.8621884e-01  1.9300000e+00]
 [ 3.7598060e-02 -2.8448770e-01  9.5774868e-01  1.2918000e+02]
 [ 9.9803124e-01  5.6012520e-02 -2.2388880e-02 -1.1680800e+03]
 [ 0.0000000e+00  0.0000000e+00  0.0000000e+00  1.0000000e+00]]
[-0134.08, +0082.68, -1069.46]
1125, 1125, 1125
[[-4.8114260e-02  9.5675166e-01  2.8659480e-01  1.9200000e+00]
 [ 3.6537300e-02 -2.8496386e-01  9.5772984e-01  1.2916000e+02]
 [ 9.9808584e-01  5.6636400e-02 -2.1136960e-02 -1.1681200e+03]
 [ 0.0000000e+00  0.0000000e+00  0.0000000e+00  1.0000000e+00]]
[-0135.17, +0081.99, -1064.83]
1000, 1000, 1000
[[-4.7354020e-02  9.5662636e-01  2.8686420e-01  1.9400000e+00]
 [ 3.6343640e-02 -2.8518352e-01  9.5757060e-01  1.2910000e+02]
 [ 9.9805020e-01  5.5931400e-02 -2.1054500e-02 -1.1680800e+03]
 [ 0.0000000e+00  0.0000000e+00  0.0000000e+00  1.0000000e+00]]
[-0135.85, +0082.56, -1059.92]
875, 875, 875
[[-4.6875400e-02  9.5646088e-01  2.8732396e-01  1.9800000e+00]
 [ 3.5788360e-02 -2.8563700e-01  9.5739352e-01  1.2899000e+02]
 [ 9.9804392e-01  5.5369160e-02 -2.0571240e-02 -1.1680900e+03]
 [ 0.0000000e+00  0.0000000e+00  0.0000000e+00  1.0000000e+00]]
[-0137.39, +0082.23, -1055.12]
750, 750, 750
[[-4.6449940e-02  9.5614886e-01  2.8806488e-01  2.0300000e+00]
 [ 3.5154820e-02 -2.8631970e-01  9.5707784e-01  1.2899000e+02]
 [ 9.9798104e-01  5.4892720e-02 -1.9912000e-02 -1.1681000e+03]
 [ 0.0000000e+00  0.0000000e+00  0.0000000e+00  1.0000000e+00]]
[-0137.67, +0082.34, -1050.25]
875, 875, 875
[[-4.6365200e-02  9.5664936e-01  2.8684452e-01  2.0400000e+00]
 [ 3.6001200e-02 -2.8517440e-01  9.5754760e-01  1.2906000e+02]
 [ 9.9807900e-01  5.4913520e-02 -2.0972560e-02 -1.1680400e+03]
 [ 0.0000000e+00  0.0000000e+00  0.0000000e+00  1.0000000e+00]]
[-0136.79, +0080.59, -1055.14]
1000, 1000, 1000
[[-4.6667080e-02  9.5656228e-01  2.8675652e-01  1.9700000e+00]
 [ 3.6761720e-02 -2.8494546e-01  9.5746582e-01  1.2911000e+02]
 [ 9.9794252e-01  5.5505180e-02 -2.1503380e-02 -1.1680400e+03]
 [ 0.0000000e+00  0.0000000e+00  0.0000000e+00  1.0000000e+00]]
[-0135.61, +0081.27, -1060.17]
1125, 1125, 1125
[[-4.6386340e-02  9.5683116e-01  2.8638906e-01  1.9400000e+00]
 [ 3.6894360e-02 -2.8471220e-01  9.5770812e-01  1.2916000e+02]
 [ 9.9808986e-01  5.5137720e-02 -2.1904900e-02 -1.1680600e+03]
 [ 0.0000000e+00  0.0000000e+00  0.0000000e+00  1.0000000e+00]]
[-0134.54, +0081.41, -1064.91]
1250, 1250, 1250
[[-4.6157520e-02  9.5677664e-01  2.8607388e-01  1.9600000e+00]
 [ 3.6771840e-02 -2.8425888e-01  9.5765144e-01  1.2921000e+02]
 [ 9.9795172e-01  5.5017360e-02 -2.1680400e-02 -1.1680700e+03]
 [ 0.0000000e+00  0.0000000e+00  0.0000000e+00  1.0000000e+00]]
[-0132.91, +0081.50, -1069.43]
1375, 1375, 1375
[[-4.6179780e-02  9.5695860e-01  2.8561842e-01  1.9100000e+00]
 [ 3.7665000e-02 -2.8379716e-01  9.5781140e-01  1.2922000e+02]
 [ 9.9796242e-01  5.5241000e-02 -2.2613380e-02 -1.1680500e+03]
 [ 0.0000000e+00  0.0000000e+00  0.0000000e+00  1.0000000e+00]]
[-0131.73, +0083.58, -1074.21]
1500, 1500, 1500
[[-4.7220480e-02  9.5695536e-01  2.8542544e-01  1.8600000e+00]
 [ 3.7408160e-02 -2.8358562e-01  9.5787222e-01  1.2926000e+02]
 [ 9.9791376e-01  5.6169380e-02 -2.2070100e-02 -1.1680800e+03]
 [ 0.0000000e+00  0.0000000e+00  0.0000000e+00  1.0000000e+00]]
[-0130.70, +0084.08, -1078.87]
1625, 1625, 1625
[[-4.7346340e-02  9.5709934e-01  2.8515250e-01  1.8700000e+00]
 [ 3.7712900e-02 -2.8335684e-01  9.5801234e-01  1.2932000e+02]
 [ 9.9796234e-01  5.6309500e-02 -2.2424740e-02 -1.1680800e+03]
 [ 0.0000000e+00  0.0000000e+00  0.0000000e+00  1.0000000e+00]]
[-0130.12, +0085.82, -1083.53]
1750, 1750, 1750
[[-4.7472400e-02  9.5724332e-01  2.8487956e-01  1.8500000e+00]
 [ 3.8017640e-02 -2.8312810e-01  9.5815238e-01  1.2932000e+02]
 [ 9.9801092e-01  5.6449540e-02 -2.2779540e-02 -1.1680800e+03]
 [ 0.0000000e+00  0.0000000e+00  0.0000000e+00  1.0000000e+00]]
[-0130.13, +0084.56, -1088.42]
1875, 1875, 1875
[[-4.6735300e-02  9.5730020e-01  2.8469330e-01  1.8600000e+00]
 [ 3.8717560e-02 -2.8288680e-01  9.5815292e-01  1.2940000e+02]
 [ 9.9798542e-01  5.5967800e-02 -2.3630260e-02 -1.1680600e+03]
 [ 0.0000000e+00  0.0000000e+00  0.0000000e+00  1.0000000e+00]]
[-0128.86, +0084.13, -1093.01]
2000, 2000, 2000
[[-4.6684260e-02  9.5747182e-01  2.8420890e-01  1.8000000e+00]
 [ 3.8592900e-02 -2.8243380e-01  9.5832250e-01  1.2943000e+02]
 [ 9.9801682e-01  5.5849260e-02 -2.3583300e-02 -1.1680800e+03]
 [ 0.0000000e+00  0.0000000e+00  0.0000000e+00  1.0000000e+00]]
[-0129.01, +0084.55, -1097.95]
2125, 2125, 2125
[[-4.5897280e-02  9.5763664e-01  2.8322056e-01  1.8500000e+00]
 [ 3.8876960e-02 -2.8129170e-01  9.5844368e-01  1.2949000e+02]
 [ 9.9788296e-01  5.5297120e-02 -2.3938420e-02 -1.1680800e+03]
 [ 0.0000000e+00  0.0000000e+00  0.0000000e+00  1.0000000e+00]]
[-0129.51, +0083.32, -1102.76]
2250, 2250, 2250
[[-4.6101000e-02  9.5793110e-01  2.8268450e-01  1.7600000e+00]
 [ 3.9882500e-02 -2.8083138e-01  9.5871602e-01  1.2961000e+02]
 [ 9.9797390e-01  5.5632980e-02 -2.5051380e-02 -1.1681200e+03]
 [ 0.0000000e+00  0.0000000e+00  0.0000000e+00  1.0000000e+00]]
[-0130.37, +0082.51, -1107.76]
2125, 2125, 2125
[[-4.6557840e-02  9.5746764e-01  2.8419024e-01  1.8200000e+00]
 [ 3.7970760e-02 -2.8243792e-01  9.5832668e-01  1.2937000e+02]
 [ 9.9803136e-01  5.5565480e-02 -2.3003920e-02 -1.1681400e+03]
 [ 0.0000000e+00  0.0000000e+00  0.0000000e+00  1.0000000e+00]]
[-0130.62, +0084.26, -1102.60]
2000, 2000, 2000
[[-4.6203040e-02  9.5721764e-01  2.8455412e-01  1.8400000e+00]
 [ 3.7949320e-02 -2.8266234e-01  9.5806636e-01  1.2932000e+02]
 [ 9.9789604e-01  5.5368680e-02 -2.2873540e-02 -1.1681100e+03]
 [ 0.0000000e+00  0.0000000e+00  0.0000000e+00  1.0000000e+00]]
[-0133.71, +0084.55, -1098.20]
1875, 1875, 1875
[[-4.6482900e-02  9.5715198e-01  2.8494766e-01  1.8600000e+00]
 [ 3.7790540e-02 -2.8311954e-01  9.5801718e-01  1.2929000e+02]
 [ 9.9795138e-01  5.5543940e-02 -2.2696200e-02 -1.1681100e+03]
 [ 0.0000000e+00  0.0000000e+00  0.0000000e+00  1.0000000e+00]]
[-0134.31, +0083.88, -1093.47]
1750, 1750, 1750
[[-4.6357000e-02  9.5712230e-01  2.8513210e-01  1.8600000e+00]
 [ 3.7371340e-02 -2.8334820e-01  9.5798938e-01  1.2926000e+02]
 [ 9.9799138e-01  5.5291700e-02 -2.2341640e-02 -1.1681100e+03]
 [ 0.0000000e+00  0.0000000e+00  0.0000000e+00  1.0000000e+00]]
[-0134.34, +0083.66, -1088.47]
1625, 1625, 1625
[[-4.6179780e-02  9.5712442e-01  2.8512394e-01  1.8900000e+00]
 [ 3.7144780e-02 -2.8334820e-01  9.5798726e-01  1.2924000e+02]
 [ 9.9799954e-01  5.5065140e-02 -2.2164420e-02 -1.1681200e+03]
 [ 0.0000000e+00  0.0000000e+00  0.0000000e+00  1.0000000e+00]]
[-0133.90, +0082.81, -1083.58]
1500, 1500, 1500
[[-4.5877060e-02  9.5718548e-01  2.8541482e-01  1.9000000e+00]
 [ 3.6587480e-02 -2.8380136e-01  9.5803772e-01  1.2923000e+02]
 [ 9.9816182e-01  5.4505720e-02 -2.1857460e-02 -1.1681200e+03]
 [ 0.0000000e+00  0.0000000e+00  0.0000000e+00  1.0000000e+00]]
[-0132.50, +0082.12, -1078.69]
1375, 1375, 1375
[[-4.6105800e-02  9.5692284e-01  2.8579268e-01  1.9100000e+00]
 [ 3.6850120e-02 -2.8403010e-01  9.5778954e-01  1.2919000e+02]
 [ 9.9800844e-01  5.4930980e-02 -2.1857460e-02 -1.1681400e+03]
 [ 0.0000000e+00  0.0000000e+00  0.0000000e+00  1.0000000e+00]]
[-0133.31, +0081.93, -1074.15]
1250, 1250, 1250
[[-4.5700000e-02  9.5702156e-01  2.8590108e-01  1.9100000e+00]
 [ 3.6881000e-02 -2.8425040e-01  9.5785980e-01  1.2916000e+02]
 [ 9.9813300e-01  5.4454920e-02 -2.2129440e-02 -1.1680900e+03]
 [ 0.0000000e+00  0.0000000e+00  0.0000000e+00  1.0000000e+00]]
[-0133.83, +0082.52, -1069.46]
1125, 1125, 1125
[[-4.5678500e-02  9.5683980e-01  2.8635690e-01  2.0000000e+00]
 [ 3.5987640e-02 -2.8471220e-01  9.5769948e-01  1.2909000e+02]
 [ 9.9812202e-01  5.4231000e-02 -2.1197060e-02 -1.1681100e+03]
 [ 0.0000000e+00  0.0000000e+00  0.0000000e+00  1.0000000e+00]]
[-0135.01, +0082.03, -1064.85]
1000, 1000, 1000
[[-4.6469520e-02  9.5663796e-01  2.8682400e-01  1.9700000e+00]
 [ 3.5210040e-02 -2.8518352e-01  9.5755900e-01  1.2905000e+02]
 [ 9.9809040e-01  5.4797800e-02 -2.0170000e-02 -1.1681500e+03]
 [ 0.0000000e+00  0.0000000e+00  0.0000000e+00  1.0000000e+00]]
[-0136.26, +0082.24, -1059.99]
875, 875, 875
[[-4.5834740e-02  9.5646330e-01  2.8751760e-01  2.0000000e+00]
 [ 3.6044100e-02 -2.8584802e-01  9.5733312e-01  1.2901000e+02]
 [ 9.9809280e-01  5.4441120e-02 -2.1115720e-02 -1.1681200e+03]
 [ 0.0000000e+00  0.0000000e+00  0.0000000e+00  1.0000000e+00]]
[-0137.24, +0082.05, -1055.08]
