945, 1029, 1206
[[-2.2484520e-01  6.1222888e-01 -7.5787136e-01  9.5890000e+01]
 [-4.7760800e-03  7.7721048e-01  6.2918624e-01  1.4095000e+02]
 [ 9.7425376e-01  1.4516864e-01 -1.7179968e-01 -1.1802900e+03]
 [ 0.0000000e+00  0.0000000e+00  0.0000000e+00  1.0000000e+00]]
[+0056.23, -0017.94, -1077.94]
1025, 1027, 1111
[[-2.2541508e-01  6.1208520e-01 -7.5765248e-01  9.5840000e+01]
 [-3.7952000e-03  7.7736054e-01  6.2897130e-01  1.4092000e+02]
 [ 9.7399752e-01  1.4481370e-01 -1.7284938e-01 -1.1802600e+03]
 [ 0.0000000e+00  0.0000000e+00  0.0000000e+00  1.0000000e+00]]
[+0062.82, -0000.71, -1072.71]
1844, 1838, 1229
[[-2.2784298e-01  6.1036248e-01 -7.5841766e-01  9.5590000e+01]
 [-3.6108800e-03  7.7854320e-01  6.2753064e-01  1.4094000e+02]
 [ 9.7351254e-01  1.4582656e-01 -1.7514282e-01 -1.1802900e+03]
 [ 0.0000000e+00  0.0000000e+00  0.0000000e+00  1.0000000e+00]]
[+0122.90, +0043.42, -1100.06]
1652, 2165, 998
[[-2.2666170e-01  6.1060758e-01 -7.5863436e-01  9.5660000e+01]
 [-3.8893800e-03  7.7846102e-01  6.2764396e-01  1.4102000e+02]
 [ 9.7383396e-01  1.4529436e-01 -1.7404372e-01 -1.1803000e+03]
 [ 0.0000000e+00  0.0000000e+00  0.0000000e+00  1.0000000e+00]]
[+0161.09, +0021.55, -1120.42]
2233, 2063, 2026
[[-2.2989348e-01  6.0899052e-01 -7.5895792e-01  9.5380000e+01]
 [-3.6516800e-03  7.7943132e-01  6.2643948e-01  1.4082000e+02]
 [ 9.7307412e-01  1.4686832e-01 -1.7693316e-01 -1.1803000e+03]
 [ 0.0000000e+00  0.0000000e+00  0.0000000e+00  1.0000000e+00]]
[+0073.51, +0021.18, -1111.54]
1317, 2039, 1329
[[-2.2581504e-01  6.1189632e-01 -7.5768608e-01  9.5910000e+01]
 [-4.1139200e-03  7.7742048e-01  6.2889528e-01  1.4087000e+02]
 [ 9.7390368e-01  1.4528968e-01 -1.7297952e-01 -1.1802700e+03]
 [ 0.0000000e+00  0.0000000e+00  0.0000000e+00  1.0000000e+00]]
[+0133.46, -0018.55, -1101.00]
2052, 974, 784
[[-2.2682536e-01  6.1287068e-01 -7.5660788e-01  9.5960000e+01]
 [-3.4478800e-03  7.7658782e-01  6.2992958e-01  1.4093000e+02]
 [ 9.7368068e-01  1.4564578e-01 -1.7398218e-01 -1.1802100e+03]
 [ 0.0000000e+00  0.0000000e+00  0.0000000e+00  1.0000000e+00]]
[+0091.68, +0104.24, -1145.61]
2104, 1681, 1620
[[-2.2796680e-01  6.1073800e-01 -7.5798840e-01  9.5670000e+01]
 [-4.0685600e-03  7.7812400e-01  6.2802792e-01  1.4078000e+02]
 [ 9.7341192e-01  1.4640600e-01 -1.7484744e-01 -1.1802800e+03]
 [ 0.0000000e+00  0.0000000e+00  0.0000000e+00  1.0000000e+00]]
[+0077.06, +0048.45, -1106.78]
954, 2036, 1066
[[-2.2434034e-01  6.1254240e-01 -7.5762636e-01  9.6000000e+01]
 [-3.9926400e-03  7.7709056e-01  6.2930880e-01  1.4094000e+02]
 [ 9.7426380e-01  1.4435136e-01 -1.7183474e-01 -1.1802900e+03]
 [ 0.0000000e+00  0.0000000e+00  0.0000000e+00  1.0000000e+00]]
[+0160.12, -0036.49, -1120.57]
793, 1451, 1802
[[-2.2491034e-01  6.1220896e-01 -7.5780768e-01  9.5940000e+01]
 [-3.4115200e-03  7.7740526e-01  6.2894124e-01  1.4080000e+02]
 [ 9.7419744e-01  1.4414892e-01 -1.7271944e-01 -1.1802500e+03]
 [ 0.0000000e+00  0.0000000e+00  0.0000000e+00  1.0000000e+00]]
[+0062.99, -0075.97, -1136.12]
