1220, 1220, 1220
[[-5.8725460e-02  9.9765002e-01  2.7317600e-02  5.6000000e-01]
 [ 4.5734300e-02 -2.4399700e-02  9.9841360e-01  1.6182000e+02]
 [ 9.9697552e-01  6.0131360e-02 -4.3948800e-02 -1.1686300e+03]
 [ 0.0000000e+00  0.0000000e+00  0.0000000e+00  1.0000000e+00]]
[-0114.21, +0081.93, -1066.35]
2000, 800, 800
[[-5.8317780e-02  9.9777478e-01  2.7422340e-02  5.4000000e-01]
 [ 4.6232580e-02 -2.4595080e-02  9.9848606e-01  1.6182000e+02]
 [ 9.9708026e-01  5.9643540e-02 -4.4551860e-02 -1.1686600e+03]
 [ 0.0000000e+00  0.0000000e+00  0.0000000e+00  1.0000000e+00]]
[-0035.77, +0149.21, -1135.99]
2000, 1700, 1700
[[-5.8953360e-02  9.9757384e-01  2.5639640e-02  4.1000000e-01]
 [ 4.6184560e-02 -2.2577280e-02  9.9833272e-01  1.6198000e+02]
 [ 9.9683396e-01  6.0395920e-02 -4.4392080e-02 -1.1686600e+03]
 [ 0.0000000e+00  0.0000000e+00  0.0000000e+00  1.0000000e+00]]
[-0091.19, +0102.09, -1091.14]
2000, 1400, 1400
[[-5.8941000e-02  9.9776070e-01  2.6424900e-02  4.7000000e-01]
 [ 4.5810900e-02 -2.3590180e-02  9.9852574e-01  1.6191000e+02]
 [ 9.9705870e-01  6.0215260e-02 -4.4170180e-02 -1.1686900e+03]
 [ 0.0000000e+00  0.0000000e+00  0.0000000e+00  1.0000000e+00]]
[-0068.65, +0121.48, -1096.93]
2000, 1100, 1100
[[-5.9152900e-02  9.9767058e-01  2.6962960e-02  5.0000000e-01]
 [ 4.6926420e-02 -2.3989220e-02  9.9840336e-01  1.6188000e+02]
 [ 9.9693104e-01  6.0537360e-02 -4.5188680e-02 -1.1686600e+03]
 [ 0.0000000e+00  0.0000000e+00  0.0000000e+00  1.0000000e+00]]
[-0050.75, +0137.39, -1112.13]
1220, 1220, 1220
[[-5.8729300e-02  9.9765712e-01  2.7123740e-02  5.3000000e-01]
 [ 4.5928160e-02 -2.4195840e-02  9.9841168e-01  1.6182000e+02]
 [ 9.9696842e-01  6.0129440e-02 -4.4156500e-02 -1.1686400e+03]
 [ 0.0000000e+00  0.0000000e+00  0.0000000e+00  1.0000000e+00]]
[-0114.28, +0080.84, -1066.29]
