950, 950, 950
[[-8.2972320e-02  9.5651388e-01 -2.7908692e-01 -9.5700000e+00]
 [ 5.6531720e-02  2.8427376e-01  9.5696892e-01  1.4887000e+02]
 [ 9.9479268e-01  6.3769480e-02 -7.7557920e-02 -1.1676600e+03]
 [ 0.0000000e+00  0.0000000e+00  0.0000000e+00  1.0000000e+00]]
[-0099.07, +0043.15, -1051.72]
763, 2070, 2060
[[-8.3338100e-02  9.5441070e-01 -2.8538430e-01 -1.0080000e+01]
 [ 5.7402060e-02  2.9086030e-01  9.5479842e-01  1.4906000e+02]
 [ 9.9450942e-01  6.3523500e-02 -7.8790760e-02 -1.1677400e+03]
 [ 0.0000000e+00  0.0000000e+00  0.0000000e+00  1.0000000e+00]]
[-0129.53, -0034.44, -1148.36]
1240, 973, 1949
[[-8.2591060e-02  9.5610660e-01 -2.8012108e-01 -9.6500000e+00]
 [ 5.4511080e-02  2.8528120e-01  9.5669544e-01  1.4875000e+02]
 [ 9.9480460e-01  6.4014000e-02 -7.5489700e-02 -1.1677400e+03]
 [ 0.0000000e+00  0.0000000e+00  0.0000000e+00  1.0000000e+00]]
[-0167.31, +0063.62, -1116.16]
904, 1896, 1936
[[-8.2222600e-02  9.5591396e-01 -2.8099428e-01 -9.6500000e+00]
 [ 5.5040200e-02  2.8613030e-01  9.5643270e-01  1.4883000e+02]
 [ 9.9483660e-01  6.3414780e-02 -7.5970340e-02 -1.1677100e+03]
 [ 0.0000000e+00  0.0000000e+00  0.0000000e+00  1.0000000e+00]]
[-0133.71, -0028.56, -1130.29]
1118, 1457, 774
[[-8.2690720e-02  9.5642508e-01 -2.7935148e-01 -9.5200000e+00]
 [ 5.4745080e-02  2.8443638e-01  9.5700072e-01  1.4876000e+02]
 [ 9.9488148e-01  6.4019280e-02 -7.5754340e-02 -1.1677300e+03]
 [ 0.0000000e+00  0.0000000e+00  0.0000000e+00  1.0000000e+00]]
[-0039.86, +0013.97, -1072.73]
1872, 1197, 1361
[[-8.3382600e-02  9.5608214e-01 -2.8026902e-01 -9.6800000e+00]
 [ 5.5208500e-02  2.8545110e-01  9.5666270e-01  1.4879000e+02]
 [ 9.9478430e-01  6.4485980e-02 -7.6451140e-02 -1.1677400e+03]
 [ 0.0000000e+00  0.0000000e+00  0.0000000e+00  1.0000000e+00]]
[-0077.33, +0101.57, -1092.89]
794, 1880, 1008
[[-8.2280520e-02  9.5636966e-01 -2.7977486e-01 -9.5100000e+00]
 [ 5.4391940e-02  2.8477470e-01  9.5694202e-01  1.4881000e+02]
 [ 9.9496654e-01  6.3667780e-02 -7.5345780e-02 -1.1677700e+03]
 [ 0.0000000e+00  0.0000000e+00  0.0000000e+00  1.0000000e+00]]
[-0062.31, -0043.90, -1112.74]
790, 1674, 2203
[[-8.3397120e-02  9.5560448e-01 -2.8167808e-01 -9.7800000e+00]
 [ 5.6046080e-02  2.8697568e-01  9.5611712e-01  1.4882000e+02]
 [ 9.9467648e-01  6.4196480e-02 -7.7317440e-02 -1.1677500e+03]
 [ 0.0000000e+00  0.0000000e+00  0.0000000e+00  1.0000000e+00]]
[-0157.21, -0014.01, -1151.59]
919, 1626, 877
[[-8.2040340e-02  9.5652566e-01 -2.7949876e-01 -9.5200000e+00]
 [ 5.4547940e-02  2.8443798e-01  9.5706932e-01  1.4876000e+02]
 [ 9.9503036e-01  6.3370520e-02 -7.5442320e-02 -1.1677200e+03]
 [ 0.0000000e+00  0.0000000e+00  0.0000000e+00  1.0000000e+00]]
[-0054.55, -0017.36, -1083.53]
1840, 1861, 1155
[[-8.3523880e-02  9.5591800e-01 -2.8073428e-01 -9.6900000e+00]
 [ 5.5468600e-02  2.8595900e-01  9.5648600e-01  1.4886000e+02]
 [ 9.9474328e-01  6.4521400e-02 -7.6763880e-02 -1.1677500e+03]
 [ 0.0000000e+00  0.0000000e+00  0.0000000e+00  1.0000000e+00]]
[-0029.45, +0044.87, -1096.62]
1470, 2112, 1995
[[-8.4075840e-02  9.5566784e-01 -2.8159640e-01 -9.7800000e+00]
 [ 5.5260800e-02  2.8680126e-01  9.5628016e-01  1.4887000e+02]
 [ 9.9475816e-01  6.4996000e-02 -7.6813140e-02 -1.1677600e+03]
 [ 0.0000000e+00  0.0000000e+00  0.0000000e+00  1.0000000e+00]]
[-0111.94, -0006.17, -1104.29]
1037, 1648, 797
[[-8.2550400e-02  9.5636376e-01 -2.7958632e-01 -9.5700000e+00]
 [ 5.3749200e-02  2.8460120e-01  9.5700500e-01  1.4874000e+02]
 [ 9.9494280e-01  6.4155320e-02 -7.4769040e-02 -1.1677700e+03]
 [ 0.0000000e+00  0.0000000e+00  0.0000000e+00  1.0000000e+00]]
[-0040.04, -0007.47, -1084.83]
1932, 773, 1756
[[-8.4854500e-02  9.5595090e-01 -2.8009440e-01 -9.8000000e+00]
 [ 5.5290900e-02  2.8544582e-01  9.5662488e-01  1.4880000e+02]
 [ 9.9460440e-01  6.5925120e-02 -7.6908680e-02 -1.1677900e+03]
 [ 0.0000000e+00  0.0000000e+00  0.0000000e+00  1.0000000e+00]]
[-0124.58, +0122.38, -1137.98]
2152, 1751, 1586
[[-8.4797940e-02  9.5573626e-01 -2.8114298e-01 -9.8700000e+00]
 [ 5.6178020e-02  2.8646510e-01  9.5632666e-01  1.4891000e+02]
 [ 9.9464426e-01  6.5458780e-02 -7.7871400e-02 -1.1677800e+03]
 [ 0.0000000e+00  0.0000000e+00  0.0000000e+00  1.0000000e+00]]
[-0060.03, +0075.42, -1095.87]
1873, 1779, 1866
[[-8.4245620e-02  9.5575986e-01 -2.8098162e-01 -9.8600000e+00]
 [ 5.5650060e-02  2.8629532e-01  9.5636046e-01  1.4887000e+02]
 [ 9.9465102e-01  6.5156340e-02 -7.7149300e-02 -1.1677900e+03]
 [ 0.0000000e+00  0.0000000e+00  0.0000000e+00  1.0000000e+00]]
[-0102.11, +0046.64, -1086.94]
1587, 1406, 850
[[-8.2421160e-02  9.5639610e-01 -2.7974530e-01 -9.6700000e+00]
 [ 5.5182700e-02  2.8477782e-01  9.5691558e-01  1.4882000e+02]
 [ 9.9494010e-01  6.3553580e-02 -7.6162980e-02 -1.1677600e+03]
 [ 0.0000000e+00  0.0000000e+00  0.0000000e+00  1.0000000e+00]]
[-0031.06, +0059.76, -1084.26]
1478, 822, 958
[[-8.3751700e-02  9.5635916e-01 -2.7951612e-01 -9.6900000e+00]
 [ 5.4595000e-02  2.8460120e-01  9.5700960e-01  1.4875000e+02]
 [ 9.9487260e-01  6.5001120e-02 -7.5970340e-02 -1.1677800e+03]
 [ 0.0000000e+00  0.0000000e+00  0.0000000e+00  1.0000000e+00]]
[-0078.10, +0105.65, -1079.06]
1125, 1386, 2025
[[-8.3863560e-02  9.5588960e-01 -2.8073596e-01 -9.8500000e+00]
 [ 5.5015960e-02  2.8595564e-01  9.5651440e-01  1.4884000e+02]
 [ 9.9474160e-01  6.4974040e-02 -7.6427560e-02 -1.1678100e+03]
 [ 0.0000000e+00  0.0000000e+00  0.0000000e+00  1.0000000e+00]]
[-0163.60, +0020.66, -1115.87]
1690, 1067, 1884
[[-8.3863560e-02  9.5583998e-01 -2.8041050e-01 -9.8400000e+00]
 [ 5.5306100e-02  2.8578750e-01  9.5645230e-01  1.4882000e+02]
 [ 9.9458602e-01  6.5036140e-02 -7.6595700e-02 -1.1678000e+03]
 [ 0.0000000e+00  0.0000000e+00  0.0000000e+00  1.0000000e+00]]
[-0138.53, +0092.66, -1109.68]
1603, 1892, 1635
[[-8.4174820e-02  9.5590212e-01 -2.8070662e-01 -9.8100000e+00]
 [ 5.5580280e-02  2.8595736e-01  9.5650188e-01  1.4889000e+02]
 [ 9.9471398e-01  6.5085720e-02 -7.7076820e-02 -1.1678100e+03]
 [ 0.0000000e+00  0.0000000e+00  0.0000000e+00  1.0000000e+00]]
[-0083.46, +0019.34, -1082.38]
1213, 1327, 1077
[[-8.3312080e-02  9.5625952e-01 -2.7978872e-01 -9.7100000e+00]
 [ 5.5343680e-02  2.8494464e-01  9.5682592e-01  1.4882000e+02]
 [ 9.9481208e-01  6.4393280e-02 -7.6547280e-02 -1.1677700e+03]
 [ 0.0000000e+00  0.0000000e+00  0.0000000e+00  1.0000000e+00]]
[-0075.68, +0033.87, -1062.09]
1759, 1403, 1051
[[-8.3792960e-02  9.5598216e-01 -2.8013544e-01 -9.7700000e+00]
 [ 5.5236240e-02  2.8544942e-01  9.5659362e-01  1.4886000e+02]
 [ 9.9464904e-01  6.4965420e-02 -7.6523380e-02 -1.1677900e+03]
 [ 0.0000000e+00  0.0000000e+00  0.0000000e+00  1.0000000e+00]]
[-0041.99, +0075.81, -1086.82]
2133, 791, 1154
[[-8.4854500e-02  9.5607120e-01 -2.8000940e-01 -9.8500000e+00]
 [ 5.5411200e-02  2.8527768e-01  9.5673084e-01  1.4880000e+02]
 [ 9.9468940e-01  6.5819160e-02 -7.7076820e-02 -1.1677900e+03]
 [ 0.0000000e+00  0.0000000e+00  0.0000000e+00  1.0000000e+00]]
[-0068.35, +0132.52, -1139.57]
1859, 1362, 1620
[[-8.4443940e-02  9.5593084e-01 -2.8031306e-01 -9.8400000e+00]
 [ 5.5142840e-02  2.8561580e-01  9.5658772e-01  1.4886000e+02]
 [ 9.9465494e-01  6.5551720e-02 -7.6668100e-02 -1.1678100e+03]
 [ 0.0000000e+00  0.0000000e+00  0.0000000e+00  1.0000000e+00]]
[-0098.80, +0081.92, -1087.22]
1648, 2170, 2013
[[-8.4940100e-02  9.5553642e-01 -2.8181316e-01 -9.9600000e+00]
 [ 5.6232420e-02  2.8714070e-01  9.5612764e-01  1.4895000e+02]
 [ 9.9463884e-01  6.5515640e-02 -7.8016840e-02 -1.1677700e+03]
 [ 0.0000000e+00  0.0000000e+00  0.0000000e+00  1.0000000e+00]]
[-0104.95, +0000.91, -1101.15]
980, 1430, 1820
[[-8.365200e-02  9.561960e-01 -2.799956e-01 -9.740000e+00]
 [ 5.468600e-02  2.851095e-01  9.568323e-01  1.488100e+02]
 [ 9.948456e-01  6.486770e-02 -7.604250e-02 -1.167810e+03]
 [ 0.000000e+00  0.000000e+00  0.000000e+00  1.000000e+00]]
[-0151.64, +0003.79, -1103.93]
1064, 1378, 2038
[[-8.4344680e-02  9.5580290e-01 -2.8058718e-01 -9.8500000e+00]
 [ 5.5438900e-02  2.8595564e-01  9.5643210e-01  1.4885000e+02]
 [ 9.9459282e-01  6.5396100e-02 -7.6908680e-02 -1.1678000e+03]
 [ 0.0000000e+00  0.0000000e+00  0.0000000e+00  1.0000000e+00]]
[-0165.66, +0016.64, -1120.48]
1187, 1311, 1333
[[-8.3892420e-02  9.5598988e-01 -2.7994622e-01 -9.7500000e+00]
 [ 5.4819880e-02  2.8527768e-01  9.5664308e-01  1.4881000e+02]
 [ 9.9462622e-01  6.5226920e-02 -7.6114740e-02 -1.1677700e+03]
 [ 0.0000000e+00  0.0000000e+00  0.0000000e+00  1.0000000e+00]]
[-0107.48, +0031.16, -1066.16]
1808, 1532, 952
[[-8.4203400e-02  9.5601674e-01 -2.8044758e-01 -9.8000000e+00]
 [ 5.4888820e-02  2.8561580e-01  9.5667086e-01  1.4887000e+02]
 [ 9.9478946e-01  6.5298620e-02 -7.6427560e-02 -1.1678000e+03]
 [ 0.0000000e+00  0.0000000e+00  0.0000000e+00  1.0000000e+00]]
[-0025.11, +0068.77, -1097.17]
882, 1930, 1695
[[-8.4005000e-02  9.5588100e-01 -2.8091100e-01 -9.8000000e+00]
 [ 5.5601400e-02  2.8612718e-01  9.5646566e-01  1.4889000e+02]
 [ 9.9475020e-01  6.4881340e-02 -7.7076820e-02 -1.1678000e+03]
 [ 0.0000000e+00  0.0000000e+00  0.0000000e+00  1.0000000e+00]]
[-0117.04, -0037.44, -1123.05]
1552, 961, 2215
[[-8.4868980e-02  9.5582096e-01 -2.8071724e-01 -9.9500000e+00]
 [ 5.6983840e-02  2.8613030e-01  9.5635672e-01  1.4883000e+02]
 [ 9.9455956e-01  6.5357680e-02 -7.8616720e-02 -1.1677700e+03]
 [ 0.0000000e+00  0.0000000e+00  0.0000000e+00  1.0000000e+00]]
[-0163.71, +0080.49, -1141.26]
1657, 1249, 1956
[[-8.5137540e-02  9.5593422e-01 -2.8044388e-01 -9.8900000e+00]
 [ 5.6461580e-02  2.8578918e-01  9.5652708e-01  1.4884000e+02]
 [ 9.9462108e-01  6.5739880e-02 -7.8207720e-02 -1.1677600e+03]
 [ 0.0000000e+00  0.0000000e+00  0.0000000e+00  1.0000000e+00]]
[-0138.65, +0076.64, -1102.09]
1192, 1979, 1162
[[-8.3652000e-02  9.5600540e-01 -2.8049100e-01 -9.7600000e+00]
 [ 5.4155400e-02  2.8561392e-01  9.5668220e-01  1.4888000e+02]
 [ 9.9483100e-01  6.5017800e-02 -7.5538080e-02 -1.1678200e+03]
 [ 0.0000000e+00  0.0000000e+00  0.0000000e+00  1.0000000e+00]]
[-0053.66, -0019.01, -1098.99]
774, 2168, 1116
[[-8.3212740e-02  9.5594078e-01 -2.8055828e-01 -9.6900000e+00]
 [ 5.5109420e-02  2.8578918e-01  9.5652052e-01  1.4892000e+02]
 [ 9.9473548e-01  6.4387720e-02 -7.6282920e-02 -1.1677700e+03]
 [ 0.0000000e+00  0.0000000e+00  0.0000000e+00  1.0000000e+00]]
[-0061.90, -0048.39, -1139.63]
833, 1946, 987
[[-8.3581640e-02  9.5621796e-01 -2.7980544e-01 -9.7000000e+00]
 [ 5.4495840e-02  2.8493948e-01  9.5686748e-01  1.4884000e+02]
 [ 9.9482364e-01  6.4902880e-02 -7.5802120e-02 -1.1677700e+03]
 [ 0.0000000e+00  0.0000000e+00  0.0000000e+00  1.0000000e+00]]
[-0058.91, -0038.24, -1112.91]
1452, 1997, 1370
[[-8.4174820e-02  9.5581720e-01 -2.8058632e-01 -9.8300000e+00]
 [ 5.5665200e-02  2.8595736e-01  9.5641780e-01  1.4888000e+02]
 [ 9.9459368e-01  6.5169800e-02 -7.7076820e-02 -1.1678200e+03]
 [ 0.0000000e+00  0.0000000e+00  0.0000000e+00  1.0000000e+00]]
[-0060.67, +0003.54, -1088.74]
888, 910, 1101
[[-8.2240260e-02  9.5661170e-01 -2.7870960e-01 -9.6000000e+00]
 [ 5.4125100e-02  2.8375782e-01  9.5721112e-01  1.4874000e+02]
 [ 9.9491480e-01  6.3849120e-02 -7.4962080e-02 -1.1677600e+03]
 [ 0.0000000e+00  0.0000000e+00  0.0000000e+00  1.0000000e+00]]
[-0123.70, +0039.42, -1057.71]
1658, 1917, 1217
[[-8.4104100e-02  9.5600900e-01 -2.8063680e-01 -9.8100000e+00]
 [ 5.5305240e-02  2.8578750e-01  9.5662132e-01  1.4890000e+02]
 [ 9.9481232e-01  6.5037000e-02 -7.6836240e-02 -1.1678000e+03]
 [ 0.0000000e+00  0.0000000e+00  0.0000000e+00  1.0000000e+00]]
[-0038.94, +0025.29, -1090.38]
1311, 2158, 1927
[[-8.4656100e-02  9.5563842e-01 -2.8158394e-01 -9.9300000e+00]
 [ 5.4976900e-02  2.8679766e-01  9.5630958e-01  1.4894000e+02]
 [ 9.9474210e-01  6.5617700e-02 -7.6717800e-02 -1.1678200e+03]
 [ 0.0000000e+00  0.0000000e+00  0.0000000e+00  1.0000000e+00]]
[-0108.51, -0019.15, -1112.28]
2240, 756, 929
[[-8.5124100e-02  9.5609966e-01 -2.7961598e-01 -9.8300000e+00]
 [ 5.4974020e-02  2.8493564e-01  9.5681666e-01  1.4882000e+02]
 [ 9.9463034e-01  6.6285020e-02 -7.6668100e-02 -1.1678200e+03]
 [ 0.0000000e+00  0.0000000e+00  0.0000000e+00  1.0000000e+00]]
[-0052.11, +0129.78, -1152.98]
1047, 2044, 1810
[[-8.4075840e-02  9.5573872e-01 -2.8118600e-01 -9.8500000e+00]
 [ 5.5671200e-02  2.8646510e-01  9.5632420e-01  1.4893000e+02]
 [ 9.9468728e-01  6.4951960e-02 -7.7149300e-02 -1.1678000e+03]
 [ 0.0000000e+00  0.0000000e+00  0.0000000e+00  1.0000000e+00]]
[-0114.50, -0031.17, -1121.05]
1201, 1812, 1585
[[-8.4613920e-02  9.5603684e-01 -2.8022900e-01 -9.7900000e+00]
 [ 5.5036840e-02  2.8544582e-01  9.5670800e-01  1.4886000e+02]
 [ 9.9473900e-01  6.5672000e-02 -7.6668100e-02 -1.1678000e+03]
 [ 0.0000000e+00  0.0000000e+00  0.0000000e+00  1.0000000e+00]]
[-0102.50, -0005.32, -1086.91]
1586, 1140, 777
[[-8.3751700e-02  9.5627412e-01 -2.7939594e-01 -9.7000000e+00]
 [ 5.4680040e-02  2.8460120e-01  9.5692548e-01  1.4881000e+02]
 [ 9.9475242e-01  6.5085240e-02 -7.5970340e-02 -1.1678000e+03]
 [ 0.0000000e+00  0.0000000e+00  0.0000000e+00  1.0000000e+00]]
[-0033.52, +0084.69, -1086.07]
1874, 1008, 1070
[[-8.4132880e-02  9.5607396e-01 -2.8005224e-01 -9.8000000e+00]
 [ 5.4903960e-02  2.8527768e-01  9.5672808e-01  1.4881000e+02]
 [ 9.9473224e-01  6.5311920e-02 -7.6355200e-02 -1.1678000e+03]
 [ 0.0000000e+00  0.0000000e+00  0.0000000e+00  1.0000000e+00]]
[-0058.42, +0115.17, -1104.29]
2106, 1455, 1806
[[-8.5591560e-02  9.5574754e-01 -2.8108426e-01 -9.9800000e+00]
 [ 5.7080140e-02  2.8646670e-01  9.5631538e-01  1.4890000e+02]
 [ 9.9458714e-01  6.5908180e-02 -7.9002900e-02 -1.1677600e+03]
 [ 0.0000000e+00  0.0000000e+00  0.0000000e+00  1.0000000e+00]]
[-0096.85, +0094.79, -1102.23]
2231, 1361, 2084
[[-8.8002760e-02  9.5514970e-01 -2.8189266e-01 -1.0220000e+01]
 [ 5.7670340e-02  2.8764284e-01  9.5583510e-01  1.4892000e+02]
 [ 9.9420750e-01  6.8085660e-02 -8.0237960e-02 -1.1677500e+03]
 [ 0.0000000e+00  0.0000000e+00  0.0000000e+00  1.0000000e+00]]
[-0115.40, +0097.57, -1117.67]
1797, 905, 803
[[-8.3200900e-02  9.5645308e-01 -2.7894376e-01 -9.6700000e+00]
 [ 5.4476840e-02  2.8409454e-01  9.5708668e-01  1.4875000e+02]
 [ 9.9480872e-01  6.4654040e-02 -7.5586000e-02 -1.1678100e+03]
 [ 0.0000000e+00  0.0000000e+00  0.0000000e+00  1.0000000e+00]]
[-0044.53, +0113.12, -1105.18]
1298, 1311, 2242
[[-8.4628200e-02  9.5570132e-01 -2.8081656e-01 -9.9400000e+00]
 [ 5.6694480e-02  2.8629852e-01  9.5625004e-01  1.4886000e+02]
 [ 9.9448916e-01  6.5294640e-02 -7.8207720e-02 -1.1677700e+03]
 [ 0.0000000e+00  0.0000000e+00  0.0000000e+00  1.0000000e+00]]
[-0168.37, +0040.76, -1129.30]
924, 1346, 991
[[-8.2620520e-02  9.5641190e-01 -2.7936634e-01 -9.6500000e+00]
 [ 5.4349700e-02  2.8443470e-01  9.5701390e-01  1.4879000e+02]
 [ 9.9489466e-01  6.4076300e-02 -7.5345780e-02 -1.1678000e+03]
 [ 0.0000000e+00  0.0000000e+00  0.0000000e+00  1.0000000e+00]]
[-0080.98, +0000.39, -1063.99]
1117, 821, 2103
[[-8.3792960e-02  9.5610240e-01 -2.8005048e-01 -9.8400000e+00]
 [ 5.5356480e-02  2.8528120e-01  9.5669964e-01  1.4878000e+02]
 [ 9.9473400e-01  6.4859400e-02 -7.6691600e-02 -1.1678100e+03]
 [ 0.0000000e+00  0.0000000e+00  0.0000000e+00  1.0000000e+00]]
[-0180.39, +0061.80, -1147.50]
2225, 959, 1127
[[-8.5505800e-02  9.5593460e-01 -2.8006660e-01 -9.8800000e+00]
 [ 5.5402760e-02  2.8544390e-01  9.5664118e-01  1.4883000e+02]
 [ 9.9457468e-01  6.6489500e-02 -7.7221860e-02 -1.1678200e+03]
 [ 0.0000000e+00  0.0000000e+00  0.0000000e+00  1.0000000e+00]]
[-0057.73, +0125.18, -1136.50]
1981, 1839, 1346
[[-8.4344680e-02  9.5588784e-01 -2.8070748e-01 -9.8300000e+00]
 [ 5.5353960e-02  2.8595564e-01  9.5651616e-01  1.4887000e+02]
 [ 9.9471312e-01  6.5312040e-02 -7.6908680e-02 -1.1677900e+03]
 [ 0.0000000e+00  0.0000000e+00  0.0000000e+00  1.0000000e+00]]
[-0045.69, +0051.93, -1092.77]
2021, 823, 932
[[-8.3992080e-02  9.5627320e-01 -2.7938176e-01 -9.7500000e+00]
 [ 5.4849200e-02  2.8460120e-01  9.5692640e-01  1.4877000e+02]
 [ 9.9473824e-01  6.5254400e-02 -7.6210720e-02 -1.1678100e+03]
 [ 0.0000000e+00  0.0000000e+00  0.0000000e+00  1.0000000e+00]]
[-0053.50, +0126.34, -1128.88]
1082, 1287, 1242
[[-8.4232500e-02  9.5608170e-01 -2.7986310e-01 -9.7700000e+00]
 [ 5.4487620e-02  2.8510574e-01  9.5677750e-01  1.4880000e+02]
 [ 9.9470934e-01  6.5573380e-02 -7.5946600e-02 -1.1678300e+03]
 [ 0.0000000e+00  0.0000000e+00  0.0000000e+00  1.0000000e+00]]
[-0105.03, +0022.24, -1063.90]
909, 1095, 2060
[[-8.4033460e-02  9.5601660e-01 -2.7991598e-01 -9.8200000e+00]
 [ 5.5610520e-02  2.8528120e-01  9.5661636e-01  1.4880000e+02]
 [ 9.9459950e-01  6.5112600e-02 -7.6932100e-02 -1.1678000e+03]
 [ 0.0000000e+00  0.0000000e+00  0.0000000e+00  1.0000000e+00]]
[-0179.95, +0025.61, -1138.32]
1234, 1207, 1663
[[-8.3792960e-02  9.5601744e-01 -2.7993024e-01 -9.7900000e+00]
 [ 5.5441440e-02  2.8528120e-01  9.5661552e-01  1.4881000e+02]
 [ 9.9461376e-01  6.4943520e-02 -7.6691600e-02 -1.1678000e+03]
 [ 0.0000000e+00  0.0000000e+00  0.0000000e+00  1.0000000e+00]]
[-0140.60, +0044.62, -1082.66]
2125, 768, 1204
[[-8.4783940e-02  9.5600806e-01 -2.7969908e-01 -9.8600000e+00]
 [ 5.5306180e-02  2.8510766e-01  9.5668204e-01  1.4879000e+02]
 [ 9.9454724e-01  6.5938520e-02 -7.6836240e-02 -1.1678000e+03]
 [ 0.0000000e+00  0.0000000e+00  0.0000000e+00  1.0000000e+00]]
[-0073.68, +0133.67, -1140.61]
891, 1623, 924
[[-8.2620520e-02  9.5629180e-01 -2.7945136e-01 -9.6600000e+00]
 [ 5.4229600e-02  2.8460300e-01  9.5690780e-01  1.4881000e+02]
 [ 9.9480964e-01  6.4182400e-02 -7.5177480e-02 -1.1678000e+03]
 [ 0.0000000e+00  0.0000000e+00  0.0000000e+00  1.0000000e+00]]
[-0061.12, -0021.63, -1083.29]
1261, 1953, 752
[[-8.4713460e-02  9.5620000e-01 -2.7974958e-01 -9.7200000e+00]
 [ 5.4946080e-02  2.8493760e-01  9.5688544e-01  1.4889000e+02]
 [ 9.9476590e-01  6.5805600e-02 -7.6595700e-02 -1.1678000e+03]
 [ 0.0000000e+00  0.0000000e+00  0.0000000e+00  1.0000000e+00]]
[-0016.41, -0005.71, -1114.78]
868, 1377, 883
[[-8.2690720e-02  9.5654520e-01 -2.7926648e-01 -9.6600000e+00]
 [ 5.4865200e-02  2.8426800e-01  9.5710680e-01  1.4879000e+02]
 [ 9.9496648e-01  6.3913200e-02 -7.5922720e-02 -1.1677900e+03]
 [ 0.0000000e+00  0.0000000e+00  0.0000000e+00  1.0000000e+00]]
[-0072.32, -0007.53, -1067.16]
1220, 1347, 1580
[[-8.4613920e-02  9.5595184e-01 -2.8010872e-01 -9.8100000e+00]
 [ 5.5121840e-02  2.8544582e-01  9.5662394e-01  1.4882000e+02]
 [ 9.9461872e-01  6.5756060e-02 -7.6668100e-02 -1.1678100e+03]
 [ 0.0000000e+00  0.0000000e+00  0.0000000e+00  1.0000000e+00]]
[-0128.32, +0031.18, -1077.13]
1496, 1763, 2244
[[-8.5038720e-02  9.5557952e-01 -2.8141872e-01 -9.9900000e+00]
 [ 5.6021280e-02  2.8680126e-01  9.5619958e-01  1.4888000e+02]
 [ 9.9458048e-01  6.5755620e-02 -7.7776020e-02 -1.1677800e+03]
 [ 0.0000000e+00  0.0000000e+00  0.0000000e+00  1.0000000e+00]]
[-0145.78, +0024.80, -1111.79]
1296, 1761, 2234
[[-8.4415440e-02  9.5586588e-01 -2.8089756e-01 -9.8900000e+00]
 [ 5.5544040e-02  2.8612550e-01  9.5648078e-01  1.4888000e+02]
 [ 9.9473508e-01  6.5276660e-02 -7.7149300e-02 -1.1678200e+03]
 [ 0.0000000e+00  0.0000000e+00  0.0000000e+00  1.0000000e+00]]
[-0149.94, +0009.39, -1119.41]
1765, 871, 1098
[[-8.4572740e-02  9.5620866e-01 -2.7957476e-01 -9.7700000e+00]
 [ 5.4360660e-02  2.8476550e-01  9.5693388e-01  1.4877000e+02]
 [ 9.9475724e-01  6.5897880e-02 -7.5946600e-02 -1.1677800e+03]
 [ 0.0000000e+00  0.0000000e+00  0.0000000e+00  1.0000000e+00]]
[-0073.47, +0120.59, -1101.65]
1247, 824, 1761
[[-8.3892420e-02  9.5611010e-01 -2.7986122e-01 -9.8100000e+00]
 [ 5.4940100e-02  2.8510950e-01  9.5674910e-01  1.4876000e+02]
 [ 9.9471122e-01  6.5120900e-02 -7.6282920e-02 -1.1678000e+03]
 [ 0.0000000e+00  0.0000000e+00  0.0000000e+00  1.0000000e+00]]
[-0164.25, +0078.03, -1111.59]
1899, 1099, 783
[[-8.4472960e-02  9.5611592e-01 -2.7964360e-01 -9.7700000e+00]
 [ 5.4862000e-02  2.8493760e-01  9.5680040e-01  1.4882000e+02]
 [ 9.9465992e-01  6.5720560e-02 -7.6355200e-02 -1.1677900e+03]
 [ 0.0000000e+00  0.0000000e+00  0.0000000e+00  1.0000000e+00]]
[-0027.28, +0106.09, -1114.82]
1977, 1831, 1884
[[-8.5137540e-02  9.5558708e-01 -2.8122962e-01 -9.9800000e+00]
 [ 5.5604920e-02  2.8662968e-01  9.5624948e-01  1.4892000e+02]
 [ 9.9455762e-01  6.6017480e-02 -7.7367220e-02 -1.1678000e+03]
 [ 0.0000000e+00  0.0000000e+00  0.0000000e+00  1.0000000e+00]]
[-0093.76, +0056.79, -1089.08]
1799, 2245, 2148
[[-8.5421860e-02  9.5549916e-01 -2.8198954e-01 -1.0010000e+01]
 [ 5.6364840e-02  2.8730872e-01  9.5610732e-01  1.4897000e+02]
 [ 9.9464554e-01  6.5875320e-02 -7.8330580e-02 -1.1677900e+03]
 [ 0.0000000e+00  0.0000000e+00  0.0000000e+00  1.0000000e+00]]
[-0105.58, +0009.73, -1102.63]
1845, 1266, 908
[[-8.4021780e-02  9.5619762e-01 -2.7961828e-01 -9.7400000e+00]
 [ 5.3627020e-02  2.8476342e-01  9.5694492e-01  1.4879000e+02]
 [ 9.9479868e-01  6.5616680e-02 -7.5057360e-02 -1.1678100e+03]
 [ 0.0000000e+00  0.0000000e+00  0.0000000e+00  1.0000000e+00]]
[-0033.54, +0090.92, -1099.61]
1675, 2151, 1477
[[-8.3764420e-02  9.5576154e-01 -2.8101014e-01 -9.8700000e+00]
 [ 5.5312140e-02  2.8629532e-01  9.5635878e-01  1.4894000e+02]
 [ 9.9467954e-01  6.4818420e-02 -7.6668100e-02 -1.1678100e+03]
 [ 0.0000000e+00  0.0000000e+00  0.0000000e+00  1.0000000e+00]]
[-0056.41, +0004.52, -1096.52]
1511, 1342, 1637
[[-8.4373380e-02  9.5595278e-01 -2.8012300e-01 -9.8300000e+00]
 [ 5.4952780e-02  2.8544582e-01  9.5662300e-01  1.4883000e+02]
 [ 9.9463300e-01  6.5587000e-02 -7.6427560e-02 -1.1677800e+03]
 [ 0.0000000e+00  0.0000000e+00  0.0000000e+00  1.0000000e+00]]
[-0119.22, +0058.22, -1079.21]
1764, 1120, 1579
[[-8.4713460e-02  9.5604452e-01 -2.8003992e-01 -9.8500000e+00]
 [ 5.4620520e-02  2.8527384e-01  9.5675752e-01  1.4882000e+02]
 [ 9.9471608e-01  6.5933520e-02 -7.6259460e-02 -1.1678100e+03]
 [ 0.0000000e+00  0.0000000e+00  0.0000000e+00  1.0000000e+00]]
[-0107.41, +0098.07, -1093.15]
1441, 1529, 1321
[[-8.3312080e-02  9.5610408e-01 -2.8007884e-01 -9.7700000e+00]
 [ 5.5018320e-02  2.8528120e-01  9.5669796e-01  1.4884000e+02]
 [ 9.9476236e-01  6.4521240e-02 -7.6210720e-02 -1.1677800e+03]
 [ 0.0000000e+00  0.0000000e+00  0.0000000e+00  1.0000000e+00]]
[-0079.77, +0036.31, -1070.48]
1851, 1193, 1848
[[-8.5137540e-02  9.5589876e-01 -2.8064918e-01 -9.9400000e+00]
 [ 5.6256280e-02  2.8595736e-01  9.5650524e-01  1.4886000e+02]
 [ 9.9465654e-01  6.5761720e-02 -7.8039540e-02 -1.1677700e+03]
 [ 0.0000000e+00  0.0000000e+00  0.0000000e+00  1.0000000e+00]]
[-0124.84, +0095.94, -1106.03]
1602, 2172, 1390
[[-8.4174820e-02  9.5574644e-01 -2.8099676e-01 -9.8600000e+00]
 [ 5.5254760e-02  2.8629360e-01  9.5637388e-01  1.4893000e+02]
 [ 9.9466444e-01  6.5213720e-02 -7.6740580e-02 -1.1678100e+03]
 [ 0.0000000e+00  0.0000000e+00  0.0000000e+00  1.0000000e+00]]
[-0049.58, -0000.97, -1100.96]
2043, 1778, 1949
[[-8.5350660e-02  9.5562788e-01 -2.8118366e-01 -1.0020000e+01]
 [ 5.6790760e-02  2.8663484e-01  9.5620868e-01  1.4891000e+02]
 [ 9.9451682e-01  6.5845160e-02 -7.8593860e-02 -1.1677900e+03]
 [ 0.0000000e+00  0.0000000e+00  0.0000000e+00  1.0000000e+00]]
[-0101.50, +0069.96, -1094.20]
1686, 894, 894
[[-8.3271060e-02  9.5634616e-01 -2.7901382e-01 -9.7000000e+00]
 [ 5.4752080e-02  2.8426464e-01  9.5696744e-01  1.4874000e+02]
 [ 9.9471046e-01  6.4703120e-02 -7.5826260e-02 -1.1677700e+03]
 [ 0.0000000e+00  0.0000000e+00  0.0000000e+00  1.0000000e+00]]
[-0056.60, +0110.94, -1094.12]
1414, 1623, 851
[[-8.3482020e-02  9.5624536e-01 -2.7978954e-01 -9.7400000e+00]
 [ 5.5117440e-02  2.8494300e-01  9.5684008e-01  1.4884000e+02]
 [ 9.9481126e-01  6.4619520e-02 -7.6378980e-02 -1.1677600e+03]
 [ 0.0000000e+00  0.0000000e+00  0.0000000e+00  1.0000000e+00]]
[-0028.30, +0028.39, -1084.90]
1752, 971, 1747
[[-8.4995860e-02  9.5606282e-01 -2.8018418e-01 -9.8800000e+00]
 [ 5.5996580e-02  2.8544942e-01  9.5668202e-01  1.4881000e+02]
 [ 9.9469778e-01  6.5726620e-02 -7.7726280e-02 -1.1677800e+03]
 [ 0.0000000e+00  0.0000000e+00  0.0000000e+00  1.0000000e+00]]
[-0129.66, +0105.86, -1111.95]
961, 1541, 1528
[[-8.3411620e-02  9.5602690e-01 -2.7976936e-01 -9.7300000e+00]
 [ 5.4686900e-02  2.8510950e-01  9.5666320e-01  1.4882000e+02]
 [ 9.9461936e-01  6.4866800e-02 -7.5802120e-02 -1.1678000e+03]
 [ 0.0000000e+00  0.0000000e+00  0.0000000e+00  1.0000000e+00]]
[-0123.43, -0008.40, -1086.81]
1862, 766, 1960
[[-8.5279540e-02  9.5596166e-01 -2.8041332e-01 -9.9800000e+00]
 [ 5.7252220e-02  2.8579230e-01  9.5649964e-01  1.4878000e+02]
 [ 9.9459364e-01  6.5625320e-02 -7.9025800e-02 -1.1677400e+03]
 [ 0.0000000e+00  0.0000000e+00  0.0000000e+00  1.0000000e+00]]
[-0139.73, +0112.24, -1143.78]
2008, 1065, 1866
[[-8.5958900e-02  9.5590350e-01 -2.8041660e-01 -9.9500000e+00]
 [ 5.6347020e-02  2.8578574e-01  9.5655780e-01  1.4885000e+02]
 [ 9.9459036e-01  6.6530520e-02 -7.8353000e-02 -1.1677900e+03]
 [ 0.0000000e+00  0.0000000e+00  0.0000000e+00  1.0000000e+00]]
[-0118.50, +0110.03, -1120.73]
1836, 1356, 803
[[-8.3822020e-02  9.5625222e-01 -2.7958608e-01 -9.7200000e+00]
 [ 5.4870180e-02  2.8477126e-01  9.5689032e-01  1.4882000e+02]
 [ 9.9477432e-01  6.5050080e-02 -7.6210720e-02 -1.1678000e+03]
 [ 0.0000000e+00  0.0000000e+00  0.0000000e+00  1.0000000e+00]]
[-0022.20, +0080.00, -1103.45]
1773, 2186, 2214
[[-8.604658e-02  9.552840e-01 -2.820993e-01 -1.004000e+01]
 [ 5.725200e-02  2.876480e-01  9.558696e-01  1.489900e+02]
 [ 9.944193e-01  6.630960e-02 -7.929458e-02 -1.167760e+03]
 [ 0.000000e+00  0.000000e+00  0.000000e+00  1.000000e+00]]
[-0114.38, +0010.58, -1104.66]
1593, 1259, 2124
[[-8.4344680e-02  9.5592320e-01 -2.8050224e-01 -9.8700000e+00]
 [ 5.5559200e-02  2.8578750e-01  9.5653810e-01  1.4884000e+02]
 [ 9.9467776e-01  6.5290100e-02 -7.7076820e-02 -1.1678100e+03]
 [ 0.0000000e+00  0.0000000e+00  0.0000000e+00  1.0000000e+00]]
[-0153.30, +0065.86, -1113.90]
2183, 2078, 1424
[[-8.5011300e-02  9.5546524e-01 -2.8167748e-01 -9.9700000e+00]
 [ 5.6712520e-02  2.8714230e-01  9.5602996e-01  1.4901000e+02]
 [ 9.9450476e-01  6.5542120e-02 -7.8425760e-02 -1.1678000e+03]
 [ 0.0000000e+00  0.0000000e+00  0.0000000e+00  1.0000000e+00]]
[-0039.07, +0051.35, -1104.20]
1743, 2076, 1446
[[-8.4825960e-02  9.5573034e-01 -2.8096906e-01 -9.8700000e+00]
 [ 5.5366340e-02  2.8629180e-01  9.5638998e-01  1.4890000e+02]
 [ 9.9463494e-01  6.5777980e-02 -7.7053800e-02 -1.1677900e+03]
 [ 0.0000000e+00  0.0000000e+00  0.0000000e+00  1.0000000e+00]]
[-0054.71, +0015.87, -1092.43]
1681, 1152, 869
[[-8.3101000e-02  9.5637506e-01 -2.7954342e-01 -9.7400000e+00]
 [ 5.4482900e-02  2.8460300e-01  9.5699370e-01  1.4879000e+02]
 [ 9.9490170e-01  6.4436580e-02 -7.5657960e-02 -1.1678000e+03]
 [ 0.0000000e+00  0.0000000e+00  0.0000000e+00  1.0000000e+00]]
[-0041.57, +0087.63, -1087.08]
857, 2080, 1456
[[-8.3934240e-02  9.5593832e-01 -2.8051568e-01 -9.7900000e+00]
 [ 5.5616480e-02  2.8578918e-01  9.5652298e-01  1.4890000e+02]
 [ 9.9469288e-01  6.4894780e-02 -7.7004420e-02 -1.1677800e+03]
 [ 0.0000000e+00  0.0000000e+00  0.0000000e+00  1.0000000e+00]]
[-0089.46, -0045.84, -1128.46]
823, 2217, 1074
[[-8.3693700e-02  9.5602406e-01 -2.8065018e-01 -9.7400000e+00]
 [ 5.5362540e-02  2.8578918e-01  9.5660626e-01  1.4895000e+02]
 [ 9.9482738e-01  6.4641660e-02 -7.6763880e-02 -1.1677900e+03]
 [ 0.0000000e+00  0.0000000e+00  0.0000000e+00  1.0000000e+00]]
[-0055.50, -0045.48, -1141.91]
1913, 1323, 1920
[[-8.5548180e-02  9.5564264e-01 -2.8080546e-01 -9.9700000e+00]
 [ 5.5958160e-02  2.8629180e-01  9.5630872e-01  1.4887000e+02]
 [ 9.9447134e-01  6.6368880e-02 -7.7776020e-02 -1.1677900e+03]
 [ 0.0000000e+00  0.0000000e+00  0.0000000e+00  1.0000000e+00]]
[-0122.51, +0090.87, -1104.38]
1489, 1163, 2136
[[-8.4585300e-02  9.5592234e-01 -2.8048792e-01 -9.9000000e+00]
 [ 5.5728220e-02  2.8578750e-01  9.5653896e-01  1.4882000e+02]
 [ 9.9466344e-01  6.5459120e-02 -7.7317440e-02 -1.1678000e+03]
 [ 0.0000000e+00  0.0000000e+00  0.0000000e+00  1.0000000e+00]]
[-0162.73, +0064.91, -1123.29]
851, 754, 2217
[[-8.3241640e-02  9.5609082e-01 -2.8009382e-01 -9.8000000e+00]
 [ 5.4622980e-02  2.8527948e-01  9.5671122e-01  1.4874000e+02]
 [ 9.9477562e-01  6.4578420e-02 -7.5802120e-02 -1.1678000e+03]
 [ 0.0000000e+00  0.0000000e+00  0.0000000e+00  1.0000000e+00]]
[-0184.27, +0046.47, -1169.83]
1399, 1481, 2149
[[-8.424562e-02  9.559156e-01 -2.806915e-01 -9.900000e+00]
 [ 5.597560e-02  2.859590e-01  9.564884e-01  1.488400e+02]
 [ 9.947005e-01  6.502840e-02 -7.748562e-02 -1.167790e+03]
 [ 0.000000e+00  0.000000e+00  0.000000e+00  1.000000e+00]]
[-0153.30, +0037.31, -1109.62]
1220, 825, 1571
[[-8.3751700e-02  9.5635916e-01 -2.7951612e-01 -9.7600000e+00]
 [ 5.4595000e-02  2.8460120e-01  9.5700960e-01  1.4873000e+02]
 [ 9.9487260e-01  6.5001120e-02 -7.5970340e-02 -1.1677900e+03]
 [ 0.0000000e+00  0.0000000e+00  0.0000000e+00  1.0000000e+00]]
[-0151.56, +0079.23, -1092.95]
2180, 1745, 2143
[[-8.6868100e-02  9.5532444e-01 -2.8166078e-01 -1.0100000e+01]
 [ 5.7547560e-02  2.8730872e-01  9.5594436e-01  1.4893000e+02]
 [ 9.9431678e-01  6.7056360e-02 -7.9776820e-02 -1.1677500e+03]
 [ 0.0000000e+00  0.0000000e+00  0.0000000e+00  1.0000000e+00]]
[-0110.43, +0074.53, -1103.37]
1661, 1336, 962
[[-8.4232500e-02  9.5611688e-01 -2.7965784e-01 -9.7500000e+00]
 [ 5.4692880e-02  2.8493760e-01  9.5679944e-01  1.4880000e+02]
 [ 9.9467416e-01  6.5551440e-02 -7.6114740e-02 -1.1677900e+03]
 [ 0.0000000e+00  0.0000000e+00  0.0000000e+00  1.0000000e+00]]
[-0042.53, +0071.37, -1082.23]
1083, 1619, 1484
[[-8.4033460e-02  9.5606626e-01 -2.8024146e-01 -9.8000000e+00]
 [ 5.5320340e-02  2.8544942e-01  9.5667858e-01  1.4884000e+02]
 [ 9.9475506e-01  6.5050380e-02 -7.6763880e-02 -1.1678100e+03]
 [ 0.0000000e+00  0.0000000e+00  0.0000000e+00  1.0000000e+00]]
[-0110.30, -0005.41, -1082.17]
1416, 1889, 1519
[[-8.3693700e-02  9.5598872e-01 -2.8085536e-01 -9.8500000e+00]
 [ 5.5157360e-02  2.8595736e-01  9.5658428e-01  1.4888000e+02]
 [ 9.9486272e-01  6.4663640e-02 -7.6595700e-02 -1.1678000e+03]
 [ 0.0000000e+00  0.0000000e+00  0.0000000e+00  1.0000000e+00]]
[-0082.14, +0006.16, -1083.11]
2011, 2121, 1564
[[-8.5378320e-02  9.5555068e-01 -2.8142052e-01 -9.9700000e+00]
 [ 5.5568520e-02  2.8679766e-01  9.5622842e-01  1.4897000e+02]
 [ 9.9457868e-01  6.6208380e-02 -7.7440020e-02 -1.1678200e+03]
 [ 0.0000000e+00  0.0000000e+00  0.0000000e+00  1.0000000e+00]]
[-0050.32, +0037.23, -1096.11]
2101, 1721, 779
[[-8.4514580e-02  9.5582394e-01 -2.8038282e-01 -9.8500000e+00]
 [ 5.5417860e-02  2.8578574e-01  9.5646834e-01  1.4890000e+02]
 [ 9.9455658e-01  6.5600460e-02 -7.6908680e-02 -1.1677900e+03]
 [ 0.0000000e+00  0.0000000e+00  0.0000000e+00  1.0000000e+00]]
[-0009.20, +0068.86, -1130.29]
1179, 940, 1833
[[-8.4613920e-02  9.5595184e-01 -2.8010872e-01 -9.8500000e+00]
 [ 5.5121840e-02  2.8544582e-01  9.5662394e-01  1.4877000e+02]
 [ 9.9461872e-01  6.5756060e-02 -7.6668100e-02 -1.1678200e+03]
 [ 0.0000000e+00  0.0000000e+00  0.0000000e+00  1.0000000e+00]]
[-0168.71, +0060.60, -1111.02]
1326, 2240, 1788
[[-8.5208500e-02  9.5568550e-01 -2.8133470e-01 -9.9100000e+00]
 [ 5.5915300e-02  2.8663148e-01  9.5631998e-01  1.4897000e+02]
 [ 9.9466450e-01  6.5876020e-02 -7.7776020e-02 -1.1677900e+03]
 [ 0.0000000e+00  0.0000000e+00  0.0000000e+00  1.0000000e+00]]
[-0091.35, -0021.44, -1111.81]
2175, 2183, 2214
[[-8.6385860e-02  9.5516988e-01 -2.8198044e-01 -1.0110000e+01]
 [ 5.6883960e-02  2.8764464e-01  9.5581492e-01  1.4895000e+02]
 [ 9.9429708e-01  6.6846440e-02 -7.8958660e-02 -1.1677800e+03]
 [ 0.0000000e+00  0.0000000e+00  0.0000000e+00  1.0000000e+00]]
[-0099.98, +0045.89, -1100.02]
1590, 1677, 799
[[-8.3751700e-02  9.5620384e-01 -2.7980638e-01 -9.7200000e+00]
 [ 5.4269600e-02  2.8493760e-01  9.5688160e-01  1.4881000e+02]
 [ 9.9482270e-01  6.5129120e-02 -7.5633940e-02 -1.1678000e+03]
 [ 0.0000000e+00  0.0000000e+00  0.0000000e+00  1.0000000e+00]]
[-0018.70, +0038.57, -1096.69]
1480, 1306, 843
[[-8.3892420e-02  9.5614532e-01 -2.7965600e-01 -9.7400000e+00]
 [ 5.5145320e-02  2.8494128e-01  9.5677100e-01  1.4880000e+02]
 [ 9.9467600e-01  6.5099000e-02 -7.6451140e-02 -1.1677800e+03]
 [ 0.0000000e+00  0.0000000e+00  0.0000000e+00  1.0000000e+00]]
[-0039.85, +0060.03, -1075.92]
800, 851, 758
[[-8.1690340e-02  9.5679024e-01 -2.7825692e-01 -9.5400000e+00]
 [ 5.3921280e-02  2.8325080e-01  9.5737236e-01  1.4869000e+02]
 [ 9.9497084e-01  6.3417480e-02 -7.4578900e-02 -1.1678000e+03]
 [ 0.0000000e+00  0.0000000e+00  0.0000000e+00  1.0000000e+00]]
[-0091.71, +0035.34, -1045.80]
2240, 931, 1485
[[-8.5307400e-02  9.5588432e-01 -2.8065004e-01 -9.9600000e+00]
 [ 5.6029960e-02  2.8595564e-01  9.5651968e-01  1.4881000e+02]
 [ 9.9465568e-01  6.5988040e-02 -7.7871400e-02 -1.1678000e+03]
 [ 0.0000000e+00  0.0000000e+00  0.0000000e+00  1.0000000e+00]]
[-0085.39, +0125.92, -1135.87]
1215, 2110, 1142
[[-8.3623060e-02  9.5604602e-01 -2.8046002e-01 -9.7800000e+00]
 [ 5.5172380e-02  2.8561932e-01  9.5664158e-01  1.4890000e+02]
 [ 9.9480542e-01  6.4676980e-02 -7.6523380e-02 -1.1678000e+03]
 [ 0.0000000e+00  0.0000000e+00  0.0000000e+00  1.0000000e+00]]
[-0046.16, -0023.33, -1111.70]
756, 2041, 1369
[[-8.3071700e-02  9.5614014e-01 -2.7988782e-01 -9.6200000e+00]
 [ 5.5054380e-02  2.8511294e-01  9.5671906e-01  1.4880000e+02]
 [ 9.9474126e-01  6.4330220e-02 -7.6138600e-02 -1.1677600e+03]
 [ 0.0000000e+00  0.0000000e+00  0.0000000e+00  1.0000000e+00]]
[-0088.13, -0048.75, -1130.94]
765, 1241, 2157
[[-8.4613920e-02  9.5591656e-01 -2.8031400e-01 -9.8800000e+00]
 [ 5.4916560e-02  2.8561392e-01  9.5660200e-01  1.4883000e+02]
 [ 9.9465400e-01  6.5778000e-02 -7.6500000e-02 -1.1678000e+03]
 [ 0.0000000e+00  0.0000000e+00  0.0000000e+00  1.0000000e+00]]
[-0176.08, +0006.96, -1154.36]
1608, 1749, 1271
[[-8.3835220e-02  9.5596610e-01 -2.8049984e-01 -9.8200000e+00]
 [ 5.6238100e-02  2.8579230e-01  9.5649520e-01  1.4887000e+02]
 [ 9.9468016e-01  6.4611200e-02 -7.7581480e-02 -1.1677700e+03]
 [ 0.0000000e+00  0.0000000e+00  0.0000000e+00  1.0000000e+00]]
[-0053.70, +0035.61, -1080.13]
857, 1269, 1125
[[-8.2860740e-02  9.5632602e-01 -2.7923220e-01 -9.6600000e+00]
 [ 5.4603900e-02  2.8443470e-01  9.5693060e-01  1.4877000e+02]
 [ 9.9476052e-01  6.4329640e-02 -7.5586000e-02 -1.1677800e+03]
 [ 0.0000000e+00  0.0000000e+00  0.0000000e+00  1.0000000e+00]]
[-0104.90, -0000.16, -1065.56]
1846, 1419, 2017
[[-8.5038720e-02  9.5577096e-01 -2.8092328e-01 -9.9600000e+00]
 [ 5.6552240e-02  2.8629696e-01  9.5634936e-01  1.4888000e+02]
 [ 9.9459432e-01  6.5605840e-02 -7.8280320e-02 -1.1677600e+03]
 [ 0.0000000e+00  0.0000000e+00  0.0000000e+00  1.0000000e+00]]
[-0130.61, +0077.85, -1103.09]
1804, 1709, 838
[[-8.3962900e-02  9.5596794e-01 -2.8013632e-01 -9.7700000e+00]
 [ 5.5009980e-02  2.8544766e-01  9.5660784e-01  1.4886000e+02]
 [ 9.9464816e-01  6.5191680e-02 -7.6355200e-02 -1.1678100e+03]
 [ 0.0000000e+00  0.0000000e+00  0.0000000e+00  1.0000000e+00]]
[-0011.93, +0053.91, -1108.99]
1558, 880, 1238
[[-8.4472960e-02  9.5623616e-01 -2.7955856e-01 -9.7500000e+00]
 [ 5.4982240e-02  2.8476942e-01  9.5690638e-01  1.4878000e+02]
 [ 9.9474496e-01  6.5614580e-02 -7.6523380e-02 -1.1677800e+03]
 [ 0.0000000e+00  0.0000000e+00  0.0000000e+00  1.0000000e+00]]
[-0099.91, +0104.32, -1084.82]
2075, 969, 1967
[[-8.6796660e-02  9.5543112e-01 -2.8159152e-01 -1.0150000e+01]
 [ 5.7272880e-02  2.8713902e-01  9.5606408e-01  1.4892000e+02]
 [ 9.9441552e-01  6.7008080e-02 -7.9535680e-02 -1.1677300e+03]
 [ 0.0000000e+00  0.0000000e+00  0.0000000e+00  1.0000000e+00]]
[-0125.58, +0112.34, -1134.78]
1448, 1374, 1803
[[-8.4344680e-02  9.5592320e-01 -2.8050224e-01 -9.8500000e+00]
 [ 5.5559200e-02  2.8578750e-01  9.5653810e-01  1.4884000e+02]
 [ 9.9467776e-01  6.5290100e-02 -7.7076820e-02 -1.1677800e+03]
 [ 0.0000000e+00  0.0000000e+00  0.0000000e+00  1.0000000e+00]]
[-0134.40, +0049.18, -1087.03]
1146, 1817, 2022
[[-8.4048100e-02  9.5570908e-01 -2.8156544e-01 -9.9200000e+00]
 [ 5.6277800e-02  2.8680606e-01  9.5623892e-01  1.4885000e+02]
 [ 9.9473200e-01  6.4654600e-02 -7.7798800e-02 -1.1677600e+03]
 [ 0.0000000e+00  0.0000000e+00  0.0000000e+00  1.0000000e+00]]
[-0141.43, -0008.82, -1116.64]
1586, 2008, 1668
[[-8.3835220e-02  9.5589526e-01 -2.8091020e-01 -9.8100000e+00]
 [ 5.5827740e-02  2.8612878e-01  9.5645140e-01  1.4896000e+02]
 [ 9.9475100e-01  6.4655000e-02 -7.7245000e-02 -1.1677900e+03]
 [ 0.0000000e+00  0.0000000e+00  0.0000000e+00  1.0000000e+00]]
[-0079.24, +0010.94, -1087.22]
1272, 1145, 1338
[[-8.3552500e-02  9.5606798e-01 -2.8026986e-01 -9.8200000e+00]
 [ 5.4982220e-02  2.8544942e-01  9.5667686e-01  1.4876000e+02]
 [ 9.9478346e-01  6.4712260e-02 -7.6282920e-02 -1.1677700e+03]
 [ 0.0000000e+00  0.0000000e+00  0.0000000e+00  1.0000000e+00]]
[-0111.83, +0055.51, -1066.87]
1980, 2107, 831
[[-8.4967720e-02  9.5575734e-01 -2.8093854e-01 -9.8700000e+00]
 [ 5.6156940e-02  2.8629532e-01  9.5636298e-01  1.4916000e+02]
 [ 9.9460794e-01  6.5663220e-02 -7.7871400e-02 -1.1677900e+03]
 [ 0.0000000e+00  0.0000000e+00  0.0000000e+00  1.0000000e+00]]
[-0009.10, +0036.44, -1127.67]
1369, 2144, 2091
[[-8.4628200e-02  9.5563028e-01 -2.8122704e-01 -9.9600000e+00]
 [ 5.6284000e-02  2.8663484e-01  9.5620628e-01  1.4891000e+02]
 [ 9.9456020e-01  6.5338400e-02 -7.7871400e-02 -1.1677800e+03]
 [ 0.0000000e+00  0.0000000e+00  0.0000000e+00  1.0000000e+00]]
[-0120.49, -0011.18, -1114.47]
1273, 1451, 1285
[[-8.3581640e-02  9.5644362e-01 -2.7910482e-01 -9.7300000e+00]
 [ 5.5231620e-02  2.8426636e-01  9.5703918e-01  1.4877000e+02]
 [ 9.9480318e-01  6.4731180e-02 -7.6475240e-02 -1.1677800e+03]
 [ 0.0000000e+00  0.0000000e+00  0.0000000e+00  1.0000000e+00]]
[-0088.74, +0028.05, -1067.05]
1266, 1782, 2237
[[-8.5307400e-02  9.5588432e-01 -2.8065004e-01 -9.9600000e+00]
 [ 5.6029960e-02  2.8595564e-01  9.5651968e-01  1.4883000e+02]
 [ 9.9465568e-01  6.5988040e-02 -7.7871400e-02 -1.1677900e+03]
 [ 0.0000000e+00  0.0000000e+00  0.0000000e+00  1.0000000e+00]]
[-0151.05, +0006.38, -1122.85]
1148, 1127, 1281
[[-8.3030800e-02  9.5662236e-01 -2.7865268e-01 -9.7100000e+00]
 [ 5.5028280e-02  2.8375950e-01  9.5720046e-01  1.4872000e+02]
 [ 9.9485956e-01  6.4300020e-02 -7.6091140e-02 -1.1677500e+03]
 [ 0.0000000e+00  0.0000000e+00  0.0000000e+00  1.0000000e+00]]
[-0114.15, +0044.38, -1063.73]
1460, 2141, 1048
[[-8.3863560e-02  9.5603088e-01 -2.7991516e-01 -9.8100000e+00]
 [ 5.5836760e-02  2.8528284e-01  9.5660208e-01  1.4889000e+02]
 [ 9.9460032e-01  6.4886360e-02 -7.7100360e-02 -1.1677900e+03]
 [ 0.0000000e+00  0.0000000e+00  0.0000000e+00  1.0000000e+00]]
[-0028.06, -0003.64, -1112.70]
1690, 1483, 1157
[[-8.3751700e-02  9.5630926e-01 -2.7919072e-01 -9.7800000e+00]
 [ 5.4885260e-02  2.8443294e-01  9.5694736e-01  1.4881000e+02]
 [ 9.9471728e-01  6.5063360e-02 -7.6138600e-02 -1.1678100e+03]
 [ 0.0000000e+00  0.0000000e+00  0.0000000e+00  1.0000000e+00]]
[-0052.12, +0064.97, -1079.95]
1417, 875, 1967
[[-8.3892420e-02  9.5633598e-01 -2.7916056e-01 -9.8100000e+00]
 [ 5.5675980e-02  2.8443638e-01  9.5692064e-01  1.4876000e+02]
 [ 9.9469056e-01  6.4949360e-02 -7.6956040e-02 -1.1677800e+03]
 [ 0.0000000e+00  0.0000000e+00  0.0000000e+00  1.0000000e+00]]
[-0164.17, +0083.14, -1127.48]
1165, 1417, 2028
[[-8.4203400e-02  9.5615786e-01 -2.7962662e-01 -9.7500000e+00]
 [ 5.5709780e-02  2.8494300e-01  9.5675846e-01  1.4877000e+02]
 [ 9.9464834e-01  6.5211020e-02 -7.7100360e-02 -1.1677900e+03]
 [ 0.0000000e+00  0.0000000e+00  0.0000000e+00  1.0000000e+00]]
[-0161.31, +0020.86, -1113.76]
2166, 1382, 1999
[[-8.5888020e-02  9.5596074e-01 -2.8002128e-01 -9.9900000e+00]
 [ 5.6362460e-02  2.8544766e-01  9.5661504e-01  1.4887000e+02]
 [ 9.9453312e-01  6.6544160e-02 -7.8280320e-02 -1.1677600e+03]
 [ 0.0000000e+00  0.0000000e+00  0.0000000e+00  1.0000000e+00]]
[-0111.20, +0098.10, -1112.58]
1895, 1862, 1991
[[-8.4344680e-02  9.5611422e-01 -2.8000682e-01 -9.8800000e+00]
 [ 5.6089980e-02  2.8528284e-01  9.5668782e-01  1.4885000e+02]
 [ 9.9469198e-01  6.5140380e-02 -7.7581480e-02 -1.1677800e+03]
 [ 0.0000000e+00  0.0000000e+00  0.0000000e+00  1.0000000e+00]]
[-0106.46, +0040.47, -1090.51]
1054, 1809, 2096
[[-8.4274000e-02  9.5610072e-01 -2.8002196e-01 -9.8700000e+00]
 [ 5.5694640e-02  2.8528120e-01  9.5670132e-01  1.4883000e+02]
 [ 9.9470548e-01  6.5197560e-02 -7.7172640e-02 -1.1677800e+03]
 [ 0.0000000e+00  0.0000000e+00  0.0000000e+00  1.0000000e+00]]
[-0146.67, -0011.87, -1127.99]
836, 1100, 916
[[-8.1620580e-02  9.5696694e-01 -2.7777640e-01 -9.4700000e+00]
 [ 5.4055940e-02  2.8274358e-01  9.5753520e-01  1.4868000e+02]
 [ 9.9499920e-01  6.3324400e-02 -7.4676000e-02 -1.1677500e+03]
 [ 0.0000000e+00  0.0000000e+00  0.0000000e+00  1.0000000e+00]]
[-0092.81, +0012.97, -1054.64]
1450, 1064, 774
[[-8.3060820e-02  9.5680696e-01 -2.7798280e-01 -9.6100000e+00]
 [ 5.4746960e-02  2.8308062e-01  9.5741240e-01  1.4874000e+02]
 [ 9.9486520e-01  6.4468400e-02 -7.5779200e-02 -1.1677800e+03]
 [ 0.0000000e+00  0.0000000e+00  0.0000000e+00  1.0000000e+00]]
[-0042.75, +0081.65, -1075.81]
828, 1156, 1953
[[-8.3751700e-02  9.5646458e-01 -2.7890046e-01 -9.7200000e+00]
 [ 5.5210660e-02  2.8409630e-01  9.5707518e-01  1.4874000e+02]
 [ 9.9476718e-01  6.4935540e-02 -7.6475240e-02 -1.1677900e+03]
 [ 0.0000000e+00  0.0000000e+00  0.0000000e+00  1.0000000e+00]]
[-0176.72, +0012.39, -1131.42]
757, 1196, 1815
[[-8.3271060e-02  9.5653650e-01 -2.7851842e-01 -9.6300000e+00]
 [ 5.5282580e-02  2.8375950e-01  9.5711706e-01  1.4874000e+02]
 [ 9.9472530e-01  6.4553500e-02 -7.6331400e-02 -1.1677700e+03]
 [ 0.0000000e+00  0.0000000e+00  0.0000000e+00  1.0000000e+00]]
[-0168.61, +0002.23, -1119.41]
1887, 1356, 1608
[[-8.4472960e-02  9.5630656e-01 -2.7914800e-01 -9.8000000e+00]
 [ 5.5392800e-02  2.8443294e-01  9.5695006e-01  1.4883000e+02]
 [ 9.9467456e-01  6.5570900e-02 -7.6859860e-02 -1.1678200e+03]
 [ 0.0000000e+00  0.0000000e+00  0.0000000e+00  1.0000000e+00]]
[-0091.87, +0090.06, -1090.03]
890, 2248, 933
[[-8.2661460e-02  9.5631042e-01 -2.7961108e-01 -9.6900000e+00]
 [ 5.5436780e-02  2.8477782e-01  9.5683212e-01  1.4889000e+02]
 [ 9.9480588e-01  6.3806920e-02 -7.6403280e-02 -1.1677800e+03]
 [ 0.0000000e+00  0.0000000e+00  0.0000000e+00  1.0000000e+00]]
[-0042.98, -0039.37, -1142.91]
1076, 1566, 1578
[[-8.3511360e-02  9.5646544e-01 -2.7891464e-01 -9.7300000e+00]
 [ 5.5041440e-02  2.8409630e-01  9.5707432e-01  1.4877000e+02]
 [ 9.9478136e-01  6.4766320e-02 -7.6234900e-02 -1.1678000e+03]
 [ 0.0000000e+00  0.0000000e+00  0.0000000e+00  1.0000000e+00]]
[-0123.65, +0000.27, -1084.99]
1153, 1795, 1533
[[-8.3652000e-02  9.5649220e-01 -2.7888460e-01 -9.7300000e+00]
 [ 5.5832200e-02  2.8409958e-01  9.5704756e-01  1.4885000e+02]
 [ 9.9475460e-01  6.4652440e-02 -7.7052420e-02 -1.1677700e+03]
 [ 0.0000000e+00  0.0000000e+00  0.0000000e+00  1.0000000e+00]]
[-0099.91, -0010.67, -1087.65]
1759, 1144, 1831
[[-8.3792960e-02  9.5624352e-01 -2.7922968e-01 -9.8600000e+00]
 [ 5.6177280e-02  2.8460792e-01  9.5678692e-01  1.4876000e+02]
 [ 9.9459288e-01  6.4772120e-02 -7.7364880e-02 -1.1677900e+03]
 [ 0.0000000e+00  0.0000000e+00  0.0000000e+00  1.0000000e+00]]
[-0130.20, +0093.81, -1104.81]
841, 861, 1856
[[-8.3200900e-02  9.5652320e-01 -2.7853340e-01 -9.7200000e+00]
 [ 5.4887200e-02  2.8375782e-01  9.5713036e-01  1.4868000e+02]
 [ 9.9473860e-01  6.4610360e-02 -7.5922720e-02 -1.1678000e+03]
 [ 0.0000000e+00  0.0000000e+00  0.0000000e+00  1.0000000e+00]]
[-0183.96, +0038.10, -1127.84]
1633, 2024, 1894
[[-8.4995860e-02  9.5582214e-01 -2.8035410e-01 -9.9400000e+00]
 [ 5.5755900e-02  2.8578574e-01  9.5647014e-01  1.4886000e+02]
 [ 9.9452786e-01  6.5938500e-02 -7.7389960e-02 -1.1678000e+03]
 [ 0.0000000e+00  0.0000000e+00  0.0000000e+00  1.0000000e+00]]
[-0100.17, +0014.24, -1091.23]
1510, 1696, 959
[[-8.3271060e-02  9.5646630e-01 -2.7892878e-01 -9.7400000e+00]
 [ 5.4872220e-02  2.8409630e-01  9.5707346e-01  1.4876000e+02]
 [ 9.9479550e-01  6.4597100e-02 -7.5994600e-02 -1.1677900e+03]
 [ 0.0000000e+00  0.0000000e+00  0.0000000e+00  1.0000000e+00]]
[-0032.55, +0033.21, -1085.71]
1401, 1697, 2178
[[-8.4005000e-02  9.5602260e-01 -2.8009020e-01 -9.9100000e+00]
 [ 5.6422200e-02  2.8545422e-01  9.5655318e-01  1.4881000e+02]
 [ 9.9460860e-01  6.4793820e-02 -7.7749780e-02 -1.1677800e+03]
 [ 0.0000000e+00  0.0000000e+00  0.0000000e+00  1.0000000e+00]]
[-0150.19, +0022.50, -1111.99]
963, 1371, 788
[[-8.2100500e-02  9.5684530e-01 -2.7783370e-01 -9.6100000e+00]
 [ 5.4274700e-02  2.8291212e-01  9.5743078e-01  1.4871000e+02]
 [ 9.9488630e-01  6.3769220e-02 -7.4987380e-02 -1.1678200e+03]
 [ 0.0000000e+00  0.0000000e+00  0.0000000e+00  1.0000000e+00]]
[-0054.34, +0003.66, -1066.87]
1430, 1914, 2079
[[-8.5066660e-02  9.5604098e-01 -2.8037422e-01 -9.9300000e+00]
 [ 5.6186620e-02  2.8561932e-01  9.5664662e-01  1.4884000e+02]
 [ 9.9471962e-01  6.5691220e-02 -7.7966980e-02 -1.1677700e+03]
 [ 0.0000000e+00  0.0000000e+00  0.0000000e+00  1.0000000e+00]]
[-0131.37, +0007.81, -1104.56]
1865, 1372, 1601
[[-8.3962900e-02  9.5619396e-01 -2.7943568e-01 -9.8600000e+00]
 [ 5.5745880e-02  2.8477470e-01  9.5677944e-01  1.4880000e+02]
 [ 9.9462736e-01  6.5020080e-02 -7.7028160e-02 -1.1678000e+03]
 [ 0.0000000e+00  0.0000000e+00  0.0000000e+00  1.0000000e+00]]
[-0091.88, +0088.23, -1088.58]
987, 1810, 1971
[[-8.4373380e-02  9.5607304e-01 -2.8003800e-01 -9.8600000e+00]
 [ 5.5073040e-02  2.8527768e-01  9.5672900e-01  1.4882000e+02]
 [ 9.9471800e-01  6.5481000e-02 -7.6595700e-02 -1.1678200e+03]
 [ 0.0000000e+00  0.0000000e+00  0.0000000e+00  1.0000000e+00]]
[-0142.26, -0018.93, -1124.99]
1901, 1957, 2190
[[-8.5619140e-02  9.5574116e-01 -2.8091048e-01 -1.0030000e+01]
 [ 5.6268520e-02  2.8629360e-01  9.5637916e-01  1.4888000e+02]
 [ 9.9457816e-01  6.6227480e-02 -7.8184900e-02 -1.1677800e+03]
 [ 0.0000000e+00  0.0000000e+00  0.0000000e+00  1.0000000e+00]]
[-0117.98, +0041.18, -1098.39]
766, 1297, 1787
[[-8.2340520e-02  9.5661968e-01 -2.7852020e-01 -9.6500000e+00]
 [ 5.3708680e-02  2.8358588e-01  9.5726000e-01  1.4872000e+02]
 [ 9.9489200e-01  6.4110200e-02 -7.4553640e-02 -1.1678100e+03]
 [ 0.0000000e+00  0.0000000e+00  0.0000000e+00  1.0000000e+00]]
[-0162.40, -0004.05, -1116.19]
1023, 1058, 1144
[[-8.3371040e-02  9.5654412e-01 -2.7832908e-01 -9.6900000e+00]
 [ 5.4866280e-02  2.8358768e-01  9.5716628e-01  1.4870000e+02]
 [ 9.9470268e-01  6.4814680e-02 -7.5922720e-02 -1.1677900e+03]
 [ 0.0000000e+00  0.0000000e+00  0.0000000e+00  1.0000000e+00]]
[-0110.09, +0039.65, -1058.67]
1044, 1752, 1823
[[-8.4232500e-02  9.5630746e-01 -2.7916228e-01 -9.7500000e+00]
 [ 5.5223620e-02  2.8443294e-01  9.5694916e-01  1.4880000e+02]
 [ 9.9468884e-01  6.5401720e-02 -7.6619400e-02 -1.1677900e+03]
 [ 0.0000000e+00  0.0000000e+00  0.0000000e+00  1.0000000e+00]]
[-0133.58, -0014.74, -1107.99]
1152, 1506, 1108
[[-8.3030800e-02  9.5650224e-01 -2.7873772e-01 -9.6600000e+00]
 [ 5.4908160e-02  2.8392792e-01  9.5709444e-01  1.4875000e+02]
 [ 9.9477452e-01  6.4406040e-02 -7.5922720e-02 -1.1677700e+03]
 [ 0.0000000e+00  0.0000000e+00  0.0000000e+00  1.0000000e+00]]
[-0073.36, +0011.80, -1068.12]
1104, 1872, 1882
[[-8.4274000e-02  9.5613604e-01 -2.7981672e-01 -9.8200000e+00]
 [ 5.5899880e-02  2.8511294e-01  9.5672316e-01  1.4880000e+02]
 [ 9.9467016e-01  6.5175720e-02 -7.7340900e-02 -1.1677800e+03]
 [ 0.0000000e+00  0.0000000e+00  0.0000000e+00  1.0000000e+00]]
[-0129.36, -0017.71, -1111.94]
862, 2000, 1815
[[-8.3411620e-02  9.5638744e-01 -2.7951436e-01 -9.7200000e+00]
 [ 5.5047440e-02  2.8460472e-01  9.5698132e-01  1.4879000e+02]
 [ 9.9487436e-01  6.4548680e-02 -7.6306900e-02 -1.1677700e+03]
 [ 0.0000000e+00  0.0000000e+00  0.0000000e+00  1.0000000e+00]]
[-0121.00, -0037.51, -1133.51]
1332, 1434, 1787
[[-8.3171280e-02  9.5633844e-01 -2.7920316e-01 -9.7400000e+00]
 [ 5.5168440e-02  2.8443638e-01  9.5691818e-01  1.4873000e+02]
 [ 9.9473316e-01  6.4441820e-02 -7.6234900e-02 -1.1677900e+03]
 [ 0.0000000e+00  0.0000000e+00  0.0000000e+00  1.0000000e+00]]
[-0135.30, +0035.63, -1086.35]
1598, 1650, 1638
[[-8.3722440e-02  9.5627976e-01 -2.7957016e-01 -9.7700000e+00]
 [ 5.5491760e-02  2.8477470e-01  9.5686278e-01  1.4879000e+02]
 [ 9.9476184e-01  6.4766780e-02 -7.6787700e-02 -1.1677800e+03]
 [ 0.0000000e+00  0.0000000e+00  0.0000000e+00  1.0000000e+00]]
[-0095.47, +0042.41, -1077.62]
1513, 1246, 1868
[[-8.3652000e-02  9.5630160e-01 -2.7938000e-01 -9.8000000e+00]
 [ 5.5301600e-02  2.8460472e-01  9.5689800e-01  1.4872000e+02]
 [ 9.9474000e-01  6.4802000e-02 -7.6547280e-02 -1.1678100e+03]
 [ 0.0000000e+00  0.0000000e+00  0.0000000e+00  1.0000000e+00]]
[-0142.94, +0066.04, -1096.52]
1165, 1559, 1189
[[-8.3200900e-02  9.5660826e-01 -2.7865352e-01 -9.7100000e+00]
 [ 5.4802140e-02  2.8375782e-01  9.5721456e-01  1.4876000e+02]
 [ 9.9485872e-01  6.4526160e-02 -7.5922720e-02 -1.1678100e+03]
 [ 0.0000000e+00  0.0000000e+00  0.0000000e+00  1.0000000e+00]]
[-0079.25, +0007.37, -1070.43]
1166, 898, 1334
[[-8.2790580e-02  9.5653814e-01 -2.7854666e-01 -9.6900000e+00]
 [ 5.4944060e-02  2.8375950e-01  9.5711542e-01  1.4871000e+02]
 [ 9.9475354e-01  6.4214980e-02 -7.5850920e-02 -1.1677700e+03]
 [ 0.0000000e+00  0.0000000e+00  0.0000000e+00  1.0000000e+00]]
[-0132.29, +0068.91, -1071.75]
816, 1493, 1892
[[-8.3482020e-02  9.5631580e-01 -2.7937918e-01 -9.7600000e+00]
 [ 5.5527800e-02  2.8460636e-01  9.5688380e-01  1.4876000e+02]
 [ 9.9474082e-01  6.4575800e-02 -7.6715620e-02 -1.1677800e+03]
 [ 0.0000000e+00  0.0000000e+00  0.0000000e+00  1.0000000e+00]]
[-0158.27, -0012.72, -1125.90]
2118, 939, 1937
[[-8.7262500e-02  9.5555850e-01 -2.8094100e-01 -1.0190000e+01]
 [ 5.5918500e-02  2.8645382e-01  9.5633548e-01  1.4884000e+02]
 [ 9.9443100e-01  6.7914520e-02 -7.8308680e-02 -1.1678000e+03]
 [ 0.0000000e+00  0.0000000e+00  0.0000000e+00  1.0000000e+00]]
[-0122.15, +0115.03, -1135.72]
2248, 2130, 1735
[[-8.5832500e-02  9.5559066e-01 -2.8135988e-01 -1.0040000e+01]
 [ 5.6923260e-02  2.8680294e-01  9.5618844e-01  1.4901000e+02]
 [ 9.9452332e-01  6.6204840e-02 -7.8907600e-02 -1.1677600e+03]
 [ 0.0000000e+00  0.0000000e+00  0.0000000e+00  1.0000000e+00]]
[-0058.45, +0051.48, -1098.90]
1080, 1783, 1468
[[-8.3171280e-02  9.5626812e-01 -2.7961348e-01 -9.7800000e+00]
 [ 5.4758120e-02  2.8477302e-01  9.5687442e-01  1.4885000e+02]
 [ 9.9480348e-01  6.4485580e-02 -7.5898260e-02 -1.1677700e+03]
 [ 0.0000000e+00  0.0000000e+00  0.0000000e+00  1.0000000e+00]]
[-0099.29, -0014.67, -1088.72]
1332, 1622, 991
[[-8.3511360e-02  9.5615488e-01 -2.7949512e-01 -9.7700000e+00]
 [ 5.4390720e-02  2.8476942e-01  9.5681852e-01  1.4883000e+02]
 [ 9.9468152e-01  6.5022120e-02 -7.5561780e-02 -1.1677900e+03]
 [ 0.0000000e+00  0.0000000e+00  0.0000000e+00  1.0000000e+00]]
[-0045.97, +0021.71, -1076.48]
1632, 1765, 916
[[-8.4373380e-02  9.5595278e-01 -2.8012300e-01 -9.8600000e+00]
 [ 5.4952780e-02  2.8544582e-01  9.5662300e-01  1.4885000e+02]
 [ 9.9463300e-01  6.5587000e-02 -7.6427560e-02 -1.1678000e+03]
 [ 0.0000000e+00  0.0000000e+00  0.0000000e+00  1.0000000e+00]]
[-0020.15, +0036.75, -1097.10]
1602, 968, 2059
[[-8.4033460e-02  9.5610156e-01 -2.8003624e-01 -9.9100000e+00]
 [ 5.5525560e-02  2.8528120e-01  9.5670048e-01  1.4879000e+02]
 [ 9.9471976e-01  6.5028480e-02 -7.6932100e-02 -1.1677900e+03]
 [ 0.0000000e+00  0.0000000e+00  0.0000000e+00  1.0000000e+00]]
[-0157.44, +0087.61, -1129.80]
1816, 1034, 912
[[-8.4572740e-02  9.5627894e-01 -2.7916416e-01 -9.8300000e+00]
 [ 5.4771260e-02  2.8442918e-01  9.5697768e-01  1.4881000e+02]
 [ 9.9468696e-01  6.5854080e-02 -7.6282920e-02 -1.1678100e+03]
 [ 0.0000000e+00  0.0000000e+00  0.0000000e+00  1.0000000e+00]]
[-0043.93, +0108.25, -1101.62]
1040, 1676, 1117
[[-8.3992080e-02  9.5623804e-01 -2.7958700e-01 -9.8000000e+00]
 [ 5.4643960e-02  2.8476942e-01  9.5690450e-01  1.4885000e+02]
 [ 9.9477340e-01  6.5276300e-02 -7.6042500e-02 -1.1678000e+03]
 [ 0.0000000e+00  0.0000000e+00  0.0000000e+00  1.0000000e+00]]
[-0070.61, -0013.93, -1081.05]
1557, 2194, 1521
[[-8.5038720e-02  9.5585584e-01 -2.8104368e-01 -9.9800000e+00]
 [ 5.6467360e-02  2.8629696e-01  9.5643344e-01  1.4897000e+02]
 [ 9.9471472e-01  6.5521760e-02 -7.8280320e-02 -1.1678000e+03]
 [ 0.0000000e+00  0.0000000e+00  0.0000000e+00  1.0000000e+00]]
[-0061.90, -0003.74, -1099.43]
2145, 1828, 2195
[[-8.6073480e-02  9.5555420e-01 -2.8155064e-01 -1.0140000e+01]
 [ 5.6886800e-02  2.8697100e-01  9.5616740e-01  1.4893000e+02]
 [ 9.9454436e-01  6.6395600e-02 -7.8980520e-02 -1.1677700e+03]
 [ 0.0000000e+00  0.0000000e+00  0.0000000e+00  1.0000000e+00]]
[-0114.13, +0068.76, -1103.01]
1216, 1854, 1585
[[-8.4373380e-02  9.5607304e-01 -2.8003800e-01 -9.8700000e+00]
 [ 5.5073040e-02  2.8527768e-01  9.5672900e-01  1.4887000e+02]
 [ 9.9471800e-01  6.5481000e-02 -7.6595700e-02 -1.1678100e+03]
 [ 0.0000000e+00  0.0000000e+00  0.0000000e+00  1.0000000e+00]]
[-0098.92, -0008.54, -1088.91]
1378, 2025, 1865
[[-8.4557200e-02  9.5580804e-01 -2.8074688e-01 -9.9800000e+00]
 [ 5.6419560e-02  2.8612878e-01  9.5636964e-01  1.4893000e+02]
 [ 9.9458768e-01  6.5246040e-02 -7.7966980e-02 -1.1678000e+03]
 [ 0.0000000e+00  0.0000000e+00  0.0000000e+00  1.0000000e+00]]
[-0108.82, -0006.52, -1099.38]
1645, 826, 1383
[[-8.4062440e-02  9.5628652e-01 -2.7936664e-01 -9.8500000e+00]
 [ 5.5244560e-02  2.8460300e-01  9.5691308e-01  1.4878000e+02]
 [ 9.9472492e-01  6.5197360e-02 -7.6619400e-02 -1.1678000e+03]
 [ 0.0000000e+00  0.0000000e+00  0.0000000e+00  1.0000000e+00]]
[-0109.23, +0115.30, -1099.66]
1669, 987, 1661
[[-8.4373380e-02  9.5610830e-01 -2.7983274e-01 -9.9100000e+00]
 [ 5.5278300e-02  2.8510950e-01  9.5675090e-01  1.4885000e+02]
 [ 9.9468274e-01  6.5459100e-02 -7.6763880e-02 -1.1677900e+03]
 [ 0.0000000e+00  0.0000000e+00  0.0000000e+00  1.0000000e+00]]
[-0126.26, +0100.57, -1101.39]
911, 915, 2056
[[-8.3071700e-02  9.5629554e-01 -2.7959772e-01 -9.8200000e+00]
 [ 5.5379700e-02  2.8477630e-01  9.5684700e-01  1.4879000e+02]
 [ 9.9479100e-01  6.4202280e-02 -7.6475240e-02 -1.1677800e+03]
 [ 0.0000000e+00  0.0000000e+00  0.0000000e+00  1.0000000e+00]]
[-0184.14, +0039.65, -1144.12]
1015, 2211, 1235
[[-8.4585300e-02  9.5580202e-01 -2.8057286e-01 -9.8700000e+00]
 [ 5.5607900e-02  2.8595564e-01  9.5643298e-01  1.4896000e+02]
 [ 9.9457850e-01  6.5565100e-02 -7.7149300e-02 -1.1677900e+03]
 [ 0.0000000e+00  0.0000000e+00  0.0000000e+00  1.0000000e+00]]
[-0060.44, -0038.05, -1127.04]
820, 1784, 875
[[-8.2790580e-02  9.5650308e-01 -2.7875180e-01 -9.6500000e+00]
 [ 5.4738920e-02  2.8392792e-01  9.5709360e-01  1.4880000e+02]
 [ 9.9478860e-01  6.4236800e-02 -7.5682500e-02 -1.1678100e+03]
 [ 0.0000000e+00  0.0000000e+00  0.0000000e+00  1.0000000e+00]]
[-0055.16, -0034.07, -1101.81]
940, 1157, 1260
[[-8.3581640e-02  9.5635860e-01 -2.7898464e-01 -9.7700000e+00]
 [ 5.5316640e-02  2.8426636e-01  9.5695500e-01  1.4878000e+02]
 [ 9.9468300e-01  6.4815360e-02 -7.6475240e-02 -1.1677900e+03]
 [ 0.0000000e+00  0.0000000e+00  0.0000000e+00  1.0000000e+00]]
[-0122.64, +0019.80, -1065.65]
1455, 1639, 1949
[[-8.4755200e-02  9.5597872e-01 -2.8007824e-01 -9.9400000e+00]
 [ 5.5912480e-02  2.8544942e-01  9.5659706e-01  1.4886000e+02]
 [ 9.9459184e-01  6.5641660e-02 -7.7485620e-02 -1.1677800e+03]
 [ 0.0000000e+00  0.0000000e+00  0.0000000e+00  1.0000000e+00]]
[-0134.09, +0030.16, -1093.38]
1114, 2097, 2060
[[-8.3807400e-02  9.5546914e-01 -2.8174938e-01 -1.0010000e+01]
 [ 5.5868220e-02  2.8714230e-01  9.5602606e-01  1.4894000e+02]
 [ 9.9457666e-01  6.4697820e-02 -7.7221860e-02 -1.1678300e+03]
 [ 0.0000000e+00  0.0000000e+00  0.0000000e+00  1.0000000e+00]]
[-0125.56, -0022.80, -1127.34]
1845, 826, 1223
[[-8.3992080e-02  9.5627320e-01 -2.7938176e-01 -9.8300000e+00]
 [ 5.4849200e-02  2.8460120e-01  9.5692640e-01  1.4877000e+02]
 [ 9.9473824e-01  6.5254400e-02 -7.6210720e-02 -1.1678000e+03]
 [ 0.0000000e+00  0.0000000e+00  0.0000000e+00  1.0000000e+00]]
[-0084.11, +0127.16, -1112.68]
1535, 1166, 1962
[[-8.4033460e-02  9.5610156e-01 -2.8003624e-01 -9.9100000e+00]
 [ 5.5525560e-02  2.8528120e-01  9.5670048e-01  1.4882000e+02]
 [ 9.9471976e-01  6.5028480e-02 -7.6932100e-02 -1.1678200e+03]
 [ 0.0000000e+00  0.0000000e+00  0.0000000e+00  1.0000000e+00]]
[-0151.73, +0070.01, -1107.74]
2107, 1226, 1000
[[-8.3722440e-02  9.5615954e-01 -2.7965514e-01 -9.8900000e+00]
 [ 5.5371540e-02  2.8494300e-01  9.5675678e-01  1.4886000e+02]
 [ 9.9467686e-01  6.4872780e-02 -7.6619400e-02 -1.1678000e+03]
 [ 0.0000000e+00  0.0000000e+00  0.0000000e+00  1.0000000e+00]]
[-0036.27, +0107.44, -1120.33]
820, 1464, 1156
[[-8.3030800e-02  9.5643208e-01 -2.7914804e-01 -9.7300000e+00]
 [ 5.4497840e-02  2.8426464e-01  9.5705072e-01  1.4880000e+02]
 [ 9.9484468e-01  6.4449760e-02 -7.5586000e-02 -1.1677900e+03]
 [ 0.0000000e+00  0.0000000e+00  0.0000000e+00  1.0000000e+00]]
[-0098.76, -0019.94, -1077.99]
998, 1148, 1147
[[-8.3271060e-02  9.5639610e-01 -2.7933914e-01 -9.7700000e+00]
 [ 5.4461860e-02  2.8443294e-01  9.5702970e-01  1.4878000e+02]
 [ 9.9486570e-01  6.4640860e-02 -7.5657960e-02 -1.1677900e+03]
 [ 0.0000000e+00  0.0000000e+00  0.0000000e+00  1.0000000e+00]]
[-0108.06, +0027.98, -1059.79]
803, 1601, 2197
[[-8.3863560e-02  9.5588960e-01 -2.8073596e-01 -9.9000000e+00]
 [ 5.5015960e-02  2.8595564e-01  9.5651440e-01  1.4886000e+02]
 [ 9.9474160e-01  6.4974040e-02 -7.6427560e-02 -1.1678500e+03]
 [ 0.0000000e+00  0.0000000e+00  0.0000000e+00  1.0000000e+00]]
[-0161.22, -0009.69, -1150.65]
1231, 1219, 811
[[-8.3101000e-02  9.5651554e-01 -2.7872278e-01 -9.7200000e+00]
 [ 5.5303540e-02  2.8392956e-01  9.5708114e-01  1.4878000e+02]
 [ 9.9476122e-01  6.4349140e-02 -7.6331400e-02 -1.1677600e+03]
 [ 0.0000000e+00  0.0000000e+00  0.0000000e+00  1.0000000e+00]]
[-0049.57, +0046.48, -1064.01]
2061, 1667, 973
[[-8.4684520e-02  9.5608554e-01 -2.8000850e-01 -9.9100000e+00]
 [ 5.5637460e-02  2.8527948e-01  9.5671650e-01  1.4890000e+02]
 [ 9.9469030e-01  6.5592900e-02 -7.7245000e-02 -1.1678100e+03]
 [ 0.0000000e+00  0.0000000e+00  0.0000000e+00  1.0000000e+00]]
[-0019.61, +0074.42, -1114.93]
1451, 1866, 1623
[[-8.4373380e-02  9.5615804e-01 -2.8015826e-01 -9.8800000e+00]
 [ 5.4988040e-02  2.8527768e-01  9.5681308e-01  1.4887000e+02]
 [ 9.9483826e-01  6.5396920e-02 -7.6595700e-02 -1.1678300e+03]
 [ 0.0000000e+00  0.0000000e+00  0.0000000e+00  1.0000000e+00]]
[-0093.25, +0007.99, -1083.72]
789, 834, 1151
[[-8.2170340e-02  9.5670348e-01 -2.7810910e-01 -9.6300000e+00]
 [ 5.4345000e-02  2.8325080e-01  9.5728980e-01  1.4871000e+02]
 [ 9.9482302e-01  6.3840360e-02 -7.5058900e-02 -1.1678100e+03]
 [ 0.0000000e+00  0.0000000e+00  0.0000000e+00  1.0000000e+00]]
[-0140.24, +0036.18, -1063.05]
2058, 1190, 757
[[-8.3921800e-02  9.5645038e-01 -2.7890134e-01 -9.7900000e+00]
 [ 5.4984500e-02  2.8409454e-01  9.5708938e-01  1.4882000e+02]
 [ 9.9476630e-01  6.5161700e-02 -7.6306900e-02 -1.1678000e+03]
 [ 0.0000000e+00  0.0000000e+00  0.0000000e+00  1.0000000e+00]]
[-0020.10, +0103.55, -1129.92]
1257, 2228, 1470
[[-8.4514580e-02  9.5578860e-01 -2.8058808e-01 -9.9000000e+00]
 [ 5.5212600e-02  2.8595384e-01  9.5644640e-01  1.4895000e+02]
 [ 9.9459192e-01  6.5622400e-02 -7.6740580e-02 -1.1678300e+03]
 [ 0.0000000e+00  0.0000000e+00  0.0000000e+00  1.0000000e+00]]
[-0068.98, -0026.61, -1113.44]
1229, 1826, 1252
[[-8.3751700e-02  9.5635916e-01 -2.7951612e-01 -9.7900000e+00]
 [ 5.4595000e-02  2.8460120e-01  9.5700960e-01  1.4884000e+02]
 [ 9.9487260e-01  6.5001120e-02 -7.5970340e-02 -1.1678300e+03]
 [ 0.0000000e+00  0.0000000e+00  0.0000000e+00  1.0000000e+00]]
[-0069.65, -0003.76, -1082.74]
1853, 1017, 1761
[[-8.4373380e-02  9.5610830e-01 -2.7983274e-01 -9.9000000e+00]
 [ 5.5278300e-02  2.8510950e-01  9.5675090e-01  1.4882000e+02]
 [ 9.9468274e-01  6.5459100e-02 -7.6763880e-02 -1.1678100e+03]
 [ 0.0000000e+00  0.0000000e+00  0.0000000e+00  1.0000000e+00]]
[-0123.56, +0108.65, -1114.01]
1531, 924, 2236
[[-8.4755200e-02  9.5585840e-01 -2.8016320e-01 -9.9800000e+00]
 [ 5.5792160e-02  2.8561760e-01  9.5649112e-01  1.4880000e+02]
 [ 9.9450688e-01  6.5747600e-02 -7.7317440e-02 -1.1677900e+03]
 [ 0.0000000e+00  0.0000000e+00  0.0000000e+00  1.0000000e+00]]
[-0165.74, +0080.07, -1145.80]
1191, 1851, 890
[[-8.3071700e-02  9.5641572e-01 -2.7951276e-01 -9.7700000e+00]
 [ 5.5499880e-02  2.8460792e-01  9.5695304e-01  1.4884000e+02]
 [ 9.9487596e-01  6.4096240e-02 -7.6643620e-02 -1.1677700e+03]
 [ 0.0000000e+00  0.0000000e+00  0.0000000e+00  1.0000000e+00]]
[-0033.12, -0008.38, -1097.55]
1665, 1654, 993
[[-8.3892420e-02  9.5626554e-01 -2.7957100e-01 -9.8300000e+00]
 [ 5.5265540e-02  2.8477302e-01  9.5687700e-01  1.4885000e+02]
 [ 9.9476100e-01  6.4993000e-02 -7.6619400e-02 -1.1678000e+03]
 [ 0.0000000e+00  0.0000000e+00  0.0000000e+00  1.0000000e+00]]
[-0031.92, +0049.12, -1088.44]
1269, 2079, 1680
[[-8.4075840e-02  9.5584504e-01 -2.8057040e-01 -9.9100000e+00]
 [ 5.6286800e-02  2.8596056e-01  9.5638996e-01  1.4889000e+02]
 [ 9.9458096e-01  6.4886200e-02 -7.7653840e-02 -1.1677900e+03]
 [ 0.0000000e+00  0.0000000e+00  0.0000000e+00  1.0000000e+00]]
[-0093.92, -0020.56, -1103.43]
1248, 1725, 2211
[[-8.4075840e-02  9.5584504e-01 -2.8057040e-01 -9.9700000e+00]
 [ 5.6286800e-02  2.8596056e-01  9.5638996e-01  1.4885000e+02]
 [ 9.9458096e-01  6.4886200e-02 -7.7653840e-02 -1.1677800e+03]
 [ 0.0000000e+00  0.0000000e+00  0.0000000e+00  1.0000000e+00]]
[-0154.28, +0009.04, -1122.72]
1359, 1731, 1028
[[-8.4062440e-02  9.5625132e-01 -2.7957188e-01 -9.8000000e+00]
 [ 5.5039320e-02  2.8477126e-01  9.5689122e-01  1.4884000e+02]
 [ 9.9476012e-01  6.5219220e-02 -7.6451140e-02 -1.1678000e+03]
 [ 0.0000000e+00  0.0000000e+00  0.0000000e+00  1.0000000e+00]]
[-0043.68, +0015.64, -1081.66]
1382, 1998, 1087
[[-8.4373380e-02  9.5598804e-01 -2.7991774e-01 -9.8400000e+00]
 [ 5.5158040e-02  2.8527768e-01  9.5664492e-01  1.4889000e+02]
 [ 9.9459774e-01  6.5565080e-02 -7.6595700e-02 -1.1678200e+03]
 [ 0.0000000e+00  0.0000000e+00  0.0000000e+00  1.0000000e+00]]
[-0037.05, -0002.41, -1099.27]
1703, 790, 2245
[[-8.67700e-02  9.55112e-01 -2.81814e-01 -1.03200e+01]
 [ 5.79280e-02  2.87648e-01  9.55704e-01  1.48850e+02]
 [ 9.94134e-01  6.69840e-02 -8.00180e-02 -1.16775e+03]
 [ 0.00000e+00  0.00000e+00  0.00000e+00  1.00000e+00]]
[-0157.96, +0092.98, -1151.82]
1019, 1080, 2181
[[-8.3722440e-02  9.5596884e-01 -2.8015052e-01 -9.8600000e+00]
 [ 5.4840920e-02  2.8544766e-01  9.5660694e-01  1.4880000e+02]
 [ 9.9466236e-01  6.5022620e-02 -7.6114740e-02 -1.1678100e+03]
 [ 0.0000000e+00  0.0000000e+00  0.0000000e+00  1.0000000e+00]]
[-0177.23, +0035.39, -1139.48]
1093, 1112, 1963
[[-8.4132880e-02  9.5607396e-01 -2.8005224e-01 -9.8500000e+00]
 [ 5.4903960e-02  2.8527768e-01  9.5672808e-01  1.4882000e+02]
 [ 9.9473224e-01  6.5311920e-02 -7.6355200e-02 -1.1678100e+03]
 [ 0.0000000e+00  0.0000000e+00  0.0000000e+00  1.0000000e+00]]
[-0169.04, +0038.14, -1114.22]
2231, 1338, 1708
[[-8.4585300e-02  9.5576664e-01 -2.8077812e-01 -1.0010000e+01]
 [ 5.5402640e-02  2.8612374e-01  9.5641104e-01  1.4890000e+02]
 [ 9.9461388e-01  6.5587040e-02 -7.6981200e-02 -1.1678300e+03]
 [ 0.0000000e+00  0.0000000e+00  0.0000000e+00  1.0000000e+00]]
[-0086.43, +0106.43, -1112.40]
1065, 1846, 1875
[[-8.3835220e-02  9.5589526e-01 -2.8091020e-01 -9.9100000e+00]
 [ 5.5827740e-02  2.8612878e-01  9.5645140e-01  1.4890000e+02]
 [ 9.9475100e-01  6.4655000e-02 -7.7245000e-02 -1.1678200e+03]
 [ 0.0000000e+00  0.0000000e+00  0.0000000e+00  1.0000000e+00]]
[-0130.87, -0018.96, -1112.82]
1627, 1106, 1986
[[-8.4486280e-02  9.5582990e-01 -2.8055682e-01 -9.9700000e+00]
 [ 5.6229500e-02  2.8595900e-01  9.5640510e-01  1.4885000e+02]
 [ 9.9456582e-01  6.5281500e-02 -7.7726280e-02 -1.1677900e+03]
 [ 0.0000000e+00  0.0000000e+00  0.0000000e+00  1.0000000e+00]]
[-0149.24, +0083.33, -1114.21]
818, 1770, 2065
[[-8.3523880e-02  9.5576238e-01 -2.8102434e-01 -9.8900000e+00]
 [ 5.5143180e-02  2.8629532e-01  9.5635794e-01  1.4889000e+02]
 [ 9.9469374e-01  6.4649460e-02 -7.6427560e-02 -1.1678300e+03]
 [ 0.0000000e+00  0.0000000e+00  0.0000000e+00  1.0000000e+00]]
[-0149.32, -0021.71, -1142.43]
1571, 1974, 1063
[[-8.3863560e-02  9.5588960e-01 -2.8073596e-01 -9.8700000e+00]
 [ 5.5015960e-02  2.8595564e-01  9.5651440e-01  1.4892000e+02]
 [ 9.9474160e-01  6.4974040e-02 -7.6427560e-02 -1.1678000e+03]
 [ 0.0000000e+00  0.0000000e+00  0.0000000e+00  1.0000000e+00]]
[-0028.18, +0015.01, -1099.39]
1328, 1791, 1248
[[-8.3722440e-02  9.5613880e-01 -2.8039096e-01 -9.8300000e+00]
 [ 5.4670960e-02  2.8544766e-01  9.5677510e-01  1.4886000e+02]
 [ 9.9490280e-01  6.4854460e-02 -7.6114740e-02 -1.1678100e+03]
 [ 0.0000000e+00  0.0000000e+00  0.0000000e+00  1.0000000e+00]]
[-0066.52, +0005.96, -1079.66]
1123, 1480, 1489
[[-8.3482020e-02  9.5605472e-01 -2.8028488e-01 -9.8400000e+00]
 [ 5.4586880e-02  2.8544766e-01  9.5669012e-01  1.4882000e+02]
 [ 9.9479672e-01  6.4769480e-02 -7.5874320e-02 -1.1678100e+03]
 [ 0.0000000e+00  0.0000000e+00  0.0000000e+00  1.0000000e+00]]
[-0117.07, +0010.18, -1076.43]
2124, 915, 1313
[[-8.5605300e-02  9.5590682e-01 -2.8008304e-01 -9.9300000e+00]
 [ 5.4781180e-02  2.8543982e-01  9.5666896e-01  1.4883000e+02]
 [ 9.9458704e-01  6.6772960e-02 -7.6645120e-02 -1.1678400e+03]
 [ 0.0000000e+00  0.0000000e+00  0.0000000e+00  1.0000000e+00]]
[-0075.83, +0127.92, -1129.30]
1521, 2210, 1299
[[-8.3764420e-02  9.5576154e-01 -2.8101014e-01 -9.8700000e+00]
 [ 5.5312140e-02  2.8629532e-01  9.5635878e-01  1.4898000e+02]
 [ 9.9467954e-01  6.4818420e-02 -7.6668100e-02 -1.1678000e+03]
 [ 0.0000000e+00  0.0000000e+00  0.0000000e+00  1.0000000e+00]]
[-0045.15, -0007.63, -1107.32]
1541, 1097, 1899
[[-8.3962900e-02  9.5596794e-01 -2.8013632e-01 -9.8900000e+00]
 [ 5.5009980e-02  2.8544766e-01  9.5660784e-01  1.4883000e+02]
 [ 9.9464816e-01  6.5191680e-02 -7.6355200e-02 -1.1678100e+03]
 [ 0.0000000e+00  0.0000000e+00  0.0000000e+00  1.0000000e+00]]
[-0148.84, +0077.38, -1106.50]
880, 1667, 920
[[-8.2550400e-02  9.5643384e-01 -2.7917608e-01 -9.6700000e+00]
 [ 5.4159440e-02  2.8426464e-01  9.5704896e-01  1.4884000e+02]
 [ 9.9487272e-01  6.4111360e-02 -7.5105600e-02 -1.1678100e+03]
 [ 0.0000000e+00  0.0000000e+00  0.0000000e+00  1.0000000e+00]]
[-0059.09, -0026.33, -1088.46]
1209, 1489, 2029
[[-8.4344680e-02  9.5595856e-01 -2.8029700e-01 -9.9000000e+00]
 [ 5.5764440e-02  2.8561932e-01  9.5656000e-01  1.4885000e+02]
 [ 9.9464240e-01  6.5268200e-02 -7.7245000e-02 -1.1677900e+03]
 [ 0.0000000e+00  0.0000000e+00  0.0000000e+00  1.0000000e+00]]
[-0156.67, +0020.24, -1110.64]
1645, 1467, 1259
[[-8.4543400e-02  9.5617904e-01 -2.7995392e-01 -9.8300000e+00]
 [ 5.4967040e-02  2.8510766e-01  9.5684926e-01  1.4885000e+02]
 [ 9.9480208e-01  6.5601260e-02 -7.6595700e-02 -1.1678400e+03]
 [ 0.0000000e+00  0.0000000e+00  0.0000000e+00  1.0000000e+00]]
[-0064.52, +0062.27, -1075.89]
820, 827, 1272
[[-8.2550400e-02  9.5650392e-01 -2.7876584e-01 -9.6700000e+00]
 [ 5.4569680e-02  2.8392792e-01  9.5709276e-01  1.4873000e+02]
 [ 9.9480264e-01  6.4067560e-02 -7.5442320e-02 -1.1677900e+03]
 [ 0.0000000e+00  0.0000000e+00  0.0000000e+00  1.0000000e+00]]
[-0151.45, +0039.29, -1071.53]
1427, 1953, 767
[[-8.3863560e-02  9.5623608e-01 -2.7995048e-01 -9.7800000e+00]
 [ 5.5872080e-02  2.8511454e-01  9.5679222e-01  1.4890000e+02]
 [ 9.9480552e-01  6.4696220e-02 -7.7268660e-02 -1.1677700e+03]
 [ 0.0000000e+00  0.0000000e+00  0.0000000e+00  1.0000000e+00]]
[-0011.51, +0008.02, -1114.83]
1111, 1715, 1016
[[-8.3411620e-02  9.5635226e-01 -2.7971954e-01 -9.7700000e+00]
 [ 5.4842260e-02  2.8477302e-01  9.5695942e-01  1.4883000e+02]
 [ 9.9490954e-01  6.4570580e-02 -7.6138600e-02 -1.1677900e+03]
 [ 0.0000000e+00  0.0000000e+00  0.0000000e+00  1.0000000e+00]]
[-0057.15, -0006.43, -1081.61]
799, 1060, 762
[[-8.1590080e-02  9.5678224e-01 -2.7844648e-01 -9.5100000e+00]
 [ 5.4337760e-02  2.8342254e-01  9.5732356e-01  1.4870000e+02]
 [ 9.9499352e-01  6.3156440e-02 -7.4987380e-02 -1.1677600e+03]
 [ 0.0000000e+00  0.0000000e+00  0.0000000e+00  1.0000000e+00]]
[-0077.55, +0012.67, -1051.93]
1274, 1685, 1932
[[-8.3623060e-02  9.5592578e-01 -2.8054496e-01 -9.8800000e+00]
 [ 5.5052140e-02  2.8578750e-01  9.5653552e-01  1.4887000e+02]
 [ 9.9472048e-01  6.4783040e-02 -7.6355200e-02 -1.1678000e+03]
 [ 0.0000000e+00  0.0000000e+00  0.0000000e+00  1.0000000e+00]]
[-0138.69, +0009.86, -1099.68]
2247, 1439, 1037
[[-8.4755200e-02  9.5601408e-01 -2.7987296e-01 -9.8400000e+00]
 [ 5.6117760e-02  2.8528120e-01  9.5661888e-01  1.4888000e+02]
 [ 9.9455648e-01  6.5619840e-02 -7.7653840e-02 -1.1677800e+03]
 [ 0.0000000e+00  0.0000000e+00  0.0000000e+00  1.0000000e+00]]
[-0030.74, +0097.02, -1123.81]
1716, 831, 1384
[[-8.3962900e-02  9.5627894e-01 -2.7955592e-01 -9.9500000e+00]
 [ 5.5660900e-02  2.8477470e-01  9.5686360e-01  1.4880000e+02]
 [ 9.9474760e-01  6.4935920e-02 -7.7028160e-02 -1.1678900e+03]
 [ 0.0000000e+00  0.0000000e+00  0.0000000e+00  1.0000000e+00]]
[-0108.20, +0115.20, -1102.72]
1348, 2071, 1722
[[-8.4726980e-02  9.5575818e-01 -2.8095294e-01 -1.0070000e+01]
 [ 5.5987980e-02  2.8629532e-01  9.5636214e-01  1.4894000e+02]
 [ 9.9462234e-01  6.5494260e-02 -7.7630660e-02 -1.1679200e+03]
 [ 0.0000000e+00  0.0000000e+00  0.0000000e+00  1.0000000e+00]]
[-0095.51, -0014.33, -1099.95]
1124, 951, 941
[[-8.3441160e-02  9.5653724e-01 -2.7904980e-01 -9.8700000e+00]
 [ 5.4561000e-02  2.8409454e-01  9.5717174e-01  1.4878000e+02]
 [ 9.9491476e-01  6.4739100e-02 -7.5826260e-02 -1.1679000e+03]
 [ 0.0000000e+00  0.0000000e+00  0.0000000e+00  1.0000000e+00]]
[-0086.99, +0061.77, -1055.60]
1508, 955, 1346
[[-8.4713460e-02  9.5623522e-01 -2.7954428e-01 -9.9700000e+00]
 [ 5.5151380e-02  2.8476942e-01  9.5690732e-01  1.4884000e+02]
 [ 9.9473068e-01  6.5783720e-02 -7.6763880e-02 -1.1679100e+03]
 [ 0.0000000e+00  0.0000000e+00  0.0000000e+00  1.0000000e+00]]
[-0108.82, +0096.26, -1082.33]
2170, 1888, 2043
[[-8.6966400e-02  9.5529584e-01 -2.8167728e-01 -1.0270000e+01]
 [ 5.6925920e-02  2.8730520e-01  9.5597296e-01  1.4898000e+02]
 [ 9.9432976e-01  6.7340320e-02 -7.9199760e-02 -1.1678900e+03]
 [ 0.0000000e+00  0.0000000e+00  0.0000000e+00  1.0000000e+00]]
[-0098.10, +0064.45, -1096.88]
1976, 1829, 1629
[[-8.4925140e-02  9.5592900e-01 -2.8028442e-01 -1.0040000e+01]
 [ 5.5480920e-02  2.8561580e-01  9.5658956e-01  1.4893000e+02]
 [ 9.9462630e-01  6.5889800e-02 -7.7149300e-02 -1.1679100e+03]
 [ 0.0000000e+00  0.0000000e+00  0.0000000e+00  1.0000000e+00]]
[-0070.62, +0053.26, -1086.86]
2172, 1987, 1261
[[-8.5619140e-02  9.5558524e-01 -2.8120074e-01 -1.0150000e+01]
 [ 5.5942760e-02  2.8662968e-01  9.5625132e-01  1.4904000e+02]
 [ 9.9452874e-01  6.6355320e-02 -7.7848820e-02 -1.1679000e+03]
 [ 0.0000000e+00  0.0000000e+00  0.0000000e+00  1.0000000e+00]]
[-0030.78, +0057.50, -1108.96]
1778, 811, 2212
[[-8.7136180e-02  9.5528112e-01 -2.8167822e-01 -1.0370000e+01]
 [ 5.6699520e-02  2.8730332e-01  9.5598768e-01  1.4883000e+02]
 [ 9.9432882e-01  6.7566720e-02 -7.9031860e-02 -1.1678900e+03]
 [ 0.0000000e+00  0.0000000e+00  0.0000000e+00  1.0000000e+00]]
[-0154.60, +0097.31, -1150.10]
2218, 1177, 1308
[[-8.6638900e-02  9.5572492e-01 -2.8050556e-01 -1.0120000e+01]
 [ 5.5321400e-02  2.8594584e-01  9.5651008e-01  1.4891000e+02]
 [ 9.9450140e-01  6.7541600e-02 -7.7512900e-02 -1.1679200e+03]
 [ 0.0000000e+00  0.0000000e+00  0.0000000e+00  1.0000000e+00]]
[-0061.36, +0115.18, -1121.03]
1880, 1379, 1656
[[-8.5335780e-02  9.5575800e-01 -2.8056132e-01 -1.0080000e+01]
 [ 5.5098000e-02  2.8595000e-01  9.5647700e-01  1.4890000e+02]
 [ 9.9456132e-01  6.6413000e-02 -7.6885780e-02 -1.1679300e+03]
 [ 0.0000000e+00  0.0000000e+00  0.0000000e+00  1.0000000e+00]]
[-0100.84, +0080.77, -1088.16]
1227, 1443, 1152
[[-8.3071700e-02  9.5610492e-01 -2.8009296e-01 -9.7700000e+00]
 [ 5.4849240e-02  2.8528120e-01  9.5669712e-01  1.4880000e+02]
 [ 9.9477648e-01  6.4352160e-02 -7.5970340e-02 -1.1677700e+03]
 [ 0.0000000e+00  0.0000000e+00  0.0000000e+00  1.0000000e+00]]
[-0077.52, +0023.61, -1065.60]
1876, 2080, 1874
[[-8.5350660e-02  9.5555672e-01 -2.8159426e-01 -1.0020000e+01]
 [ 5.6380160e-02  2.8697100e-01  9.5616488e-01  1.4897000e+02]
 [ 9.9458798e-01  6.5888960e-02 -7.8257700e-02 -1.1678000e+03]
 [ 0.0000000e+00  0.0000000e+00  0.0000000e+00  1.0000000e+00]]
[-0086.03, +0028.49, -1090.28]
1508, 798, 811
[[-8.3441160e-02  9.5645218e-01 -2.7892966e-01 -9.7700000e+00]
 [ 5.4646060e-02  2.8409454e-01  9.5708758e-01  1.4872000e+02]
 [ 9.9479462e-01  6.4823260e-02 -7.5826260e-02 -1.1678100e+03]
 [ 0.0000000e+00  0.0000000e+00  0.0000000e+00  1.0000000e+00]]
[-0059.95, +0109.36, -1084.35]
1599, 1318, 1232
[[-8.4373380e-02  9.5607304e-01 -2.8003800e-01 -9.8700000e+00]
 [ 5.5073040e-02  2.8527768e-01  9.5672900e-01  1.4888000e+02]
 [ 9.9471800e-01  6.5481000e-02 -7.6595700e-02 -1.1678500e+03]
 [ 0.0000000e+00  0.0000000e+00  0.0000000e+00  1.0000000e+00]]
[-0072.79, +0070.04, -1073.42]
2110, 1778, 1272
[[-8.5279540e-02  9.5561420e-01 -2.8119898e-01 -1.0000000e+01]
 [ 5.6395480e-02  2.8663320e-01  9.5622236e-01  1.4895000e+02]
 [ 9.9453050e-01  6.5902600e-02 -7.8184900e-02 -1.1678300e+03]
 [ 0.0000000e+00  0.0000000e+00  0.0000000e+00  1.0000000e+00]]
[-0035.20, +0070.02, -1103.55]
1267, 1472, 1155
[[-8.4302900e-02  9.5617998e-01 -2.7996816e-01 -9.8400000e+00]
 [ 5.4797940e-02  2.8510766e-01  9.5684832e-01  1.4885000e+02]
 [ 9.9481632e-01  6.5432160e-02 -7.6355200e-02 -1.1678400e+03]
 [ 0.0000000e+00  0.0000000e+00  0.0000000e+00  1.0000000e+00]]
[-0073.78, +0025.42, -1066.97]
901, 974, 1085
[[-8.2620520e-02  9.5656708e-01 -2.7907620e-01 -9.7100000e+00]
 [ 5.4674920e-02  2.8409798e-01  9.5714190e-01  1.4878000e+02]
 [ 9.9494460e-01  6.3948300e-02 -7.5682500e-02 -1.1678300e+03]
 [ 0.0000000e+00  0.0000000e+00  0.0000000e+00  1.0000000e+00]]
[-0117.30, +0034.39, -1057.00]
2133, 2013, 1076
[[-8.5619140e-02  9.5523790e-01 -2.8198660e-01 -1.0030000e+01]
 [ 5.5085900e-02  2.8746918e-01  9.5597332e-01  1.4909000e+02]
 [ 9.9446540e-01  6.6633320e-02 -7.7009320e-02 -1.1678700e+03]
 [ 0.0000000e+00  0.0000000e+00  0.0000000e+00  1.0000000e+00]]
[-0019.24, +0052.65, -1117.49]
1786, 1494, 1845
[[-8.3835220e-02  9.5593068e-01 -2.8070502e-01 -9.9600000e+00]
 [ 5.6032920e-02  2.8596056e-01  9.5647332e-01  1.4889000e+02]
 [ 9.9471558e-01  6.4633080e-02 -7.7413220e-02 -1.1678000e+03]
 [ 0.0000000e+00  0.0000000e+00  0.0000000e+00  1.0000000e+00]]
[-0119.62, +0065.63, -1089.85]
814, 803, 2200
[[-8.3382600e-02  9.5599720e-01 -2.8014880e-01 -9.8800000e+00]
 [ 5.5293440e-02  2.8545110e-01  9.5657858e-01  1.4879000e+02]
 [ 9.9466408e-01  6.4570100e-02 -7.6451140e-02 -1.1678300e+03]
 [ 0.0000000e+00  0.0000000e+00  0.0000000e+00  1.0000000e+00]]
[-0185.00, +0040.56, -1167.89]
1177, 1498, 1124
[[-8.3101000e-02  9.5609966e-01 -2.7991862e-01 -9.8200000e+00]
 [ 5.4037460e-02  2.8510766e-01  9.5675954e-01  1.4887000e+02]
 [ 9.9476678e-01  6.4670740e-02 -7.5153300e-02 -1.1678400e+03]
 [ 0.0000000e+00  0.0000000e+00  0.0000000e+00  1.0000000e+00]]
[-0073.85, +0014.04, -1067.66]
953, 1053, 1308
[[-8.3271060e-02  9.5624086e-01 -2.7962936e-01 -9.8200000e+00]
 [ 5.4136540e-02  2.8476942e-01  9.5690168e-01  1.4879000e+02]
 [ 9.9481576e-01  6.4768880e-02 -7.5321480e-02 -1.1678200e+03]
 [ 0.0000000e+00  0.0000000e+00  0.0000000e+00  1.0000000e+00]]
[-0133.31, +0031.74, -1067.59]
795, 1014, 1354
[[-8.3681460e-02  9.5626092e-01 -2.7941102e-01 -9.8400000e+00]
 [ 5.4284680e-02  2.8459932e-01  9.5693868e-01  1.4882000e+02]
 [ 9.9476562e-01  6.5142280e-02 -7.5561780e-02 -1.1678800e+03]
 [ 0.0000000e+00  0.0000000e+00  0.0000000e+00  1.0000000e+00]]
[-0149.46, +0017.29, -1077.08]
1321, 2069, 2001
[[-8.5520400e-02  9.5545736e-01 -2.8147468e-01 -1.0100000e+01]
 [ 5.6238640e-02  2.8696928e-01  9.5609536e-01  1.4898000e+02]
 [ 9.9446668e-01  6.6199360e-02 -7.8089680e-02 -1.1678800e+03]
 [ 0.0000000e+00  0.0000000e+00  0.0000000e+00  1.0000000e+00]]
[-0119.61, -0012.20, -1111.24]
878, 927, 795
[[-8.2550400e-02  9.5665904e-01 -2.7847568e-01 -9.7300000e+00]
 [ 5.4894880e-02  2.8359104e-01  9.5722064e-01  1.4877000e+02]
 [ 9.9485264e-01  6.3939680e-02 -7.5779200e-02 -1.1678600e+03]
 [ 0.0000000e+00  0.0000000e+00  0.0000000e+00  1.0000000e+00]]
[-0086.56, +0036.72, -1048.57]
763, 1102, 1477
[[-8.3892420e-02  9.5626554e-01 -2.7957100e-01 -9.8400000e+00]
 [ 5.5265540e-02  2.8477302e-01  9.5687700e-01  1.4881000e+02]
 [ 9.9476100e-01  6.4993000e-02 -7.6619400e-02 -1.1678600e+03]
 [ 0.0000000e+00  0.0000000e+00  0.0000000e+00  1.0000000e+00]]
[-0155.40, +0005.32, -1089.55]
1740, 2247, 1898
[[-8.6725300e-02  9.5526110e-01 -2.8189740e-01 -1.0180000e+01]
 [ 5.6551660e-02  2.8747310e-01  9.5595012e-01  1.4903000e+02]
 [ 9.9438012e-01  6.7193400e-02 -7.8790760e-02 -1.1678800e+03]
 [ 0.0000000e+00  0.0000000e+00  0.0000000e+00  1.0000000e+00]]
[-0086.33, +0007.69, -1097.68]
1582, 2157, 1037
[[-8.4443940e-02  9.5589554e-01 -2.8051832e-01 -9.9600000e+00]
 [ 5.4937580e-02  2.8578390e-01  9.5656576e-01  1.4893000e+02]
 [ 9.9469024e-01  6.5573680e-02 -7.6500000e-02 -1.1678700e+03]
 [ 0.0000000e+00  0.0000000e+00  0.0000000e+00  1.0000000e+00]]
[-0025.98, +0006.47, -1111.78]
1130, 1979, 751
[[-8.2831360e-02  9.5629632e-01 -2.7961184e-01 -9.7100000e+00]
 [ 5.5210560e-02  2.8477630e-01  9.5684622e-01  1.4882000e+02]
 [ 9.9480512e-01  6.4033140e-02 -7.6234900e-02 -1.1677800e+03]
 [ 0.0000000e+00  0.0000000e+00  0.0000000e+00  1.0000000e+00]]
[-0024.84, -0013.73, -1114.55]
1051, 1410, 1991
[[-8.4854500e-02  9.5615620e-01 -2.8012970e-01 -9.9500000e+00]
 [ 5.5326200e-02  2.8527768e-01  9.5681492e-01  1.4894000e+02]
 [ 9.9480970e-01  6.5735080e-02 -7.7076820e-02 -1.1679200e+03]
 [ 0.0000000e+00  0.0000000e+00  0.0000000e+00  1.0000000e+00]]
[-0163.45, +0012.57, -1117.44]
1969, 1848, 1282
[[-8.5236560e-02  9.5575044e-01 -2.8075032e-01 -1.0010000e+01]
 [ 5.5514280e-02  2.8612190e-01  9.5642724e-01  1.4897000e+02]
 [ 9.9458424e-01  6.6151320e-02 -7.7294500e-02 -1.1679100e+03]
 [ 0.0000000e+00  0.0000000e+00  0.0000000e+00  1.0000000e+00]]
[-0036.65, +0056.36, -1096.64]
838, 924, 1388
[[-8.3511360e-02  9.5627504e-01 -2.7941008e-01 -9.8400000e+00]
 [ 5.4510880e-02  2.8460120e-01  9.5692456e-01  1.4879000e+02]
 [ 9.9476656e-01  6.4916080e-02 -7.5730000e-02 -1.1679100e+03]
 [ 0.0000000e+00  0.0000000e+00  0.0000000e+00  1.0000000e+00]]
[-0155.81, +0032.08, -1078.85]
1466, 1003, 1566
[[-8.4514580e-02  9.5601492e-01 -2.7988734e-01 -9.9700000e+00]
 [ 5.5948680e-02  2.8528120e-01  9.5661804e-01  1.4885000e+02]
 [ 9.9457086e-01  6.5450760e-02 -7.7413220e-02 -1.1678800e+03]
 [ 0.0000000e+00  0.0000000e+00  0.0000000e+00  1.0000000e+00]]
[-0129.35, +0085.30, -1087.71]
1447, 2045, 1035
[[-8.4684520e-02  9.5589460e-01 -2.8050404e-01 -9.9400000e+00]
 [ 5.5106600e-02  2.8578390e-01  9.5656670e-01  1.4893000e+02]
 [ 9.9467596e-01  6.5742700e-02 -7.6740580e-02 -1.1679100e+03]
 [ 0.0000000e+00  0.0000000e+00  0.0000000e+00  1.0000000e+00]]
[-0028.02, +0001.92, -1106.05]
1228, 1625, 899
[[-8.3921800e-02  9.5613978e-01 -2.7948194e-01 -9.8700000e+00]
 [ 5.4333660e-02  2.8476750e-01  9.5683362e-01  1.4887000e+02]
 [ 9.9466642e-01  6.5417460e-02 -7.5633940e-02 -1.1679400e+03]
 [ 0.0000000e+00  0.0000000e+00  0.0000000e+00  1.0000000e+00]]
[-0041.91, +0011.48, -1078.87]
1200, 1007, 922
[[-8.4091940e-02  9.5640108e-01 -2.7910752e-01 -9.8700000e+00]
 [ 5.4553080e-02  2.8426096e-01  9.5708172e-01  1.4882000e+02]
 [ 9.9480048e-01  6.5409720e-02 -7.5970340e-02 -1.1679000e+03]
 [ 0.0000000e+00  0.0000000e+00  0.0000000e+00  1.0000000e+00]]
[-0077.85, +0064.37, -1058.32]
1897, 832, 1456
[[-8.4613920e-02  9.5622768e-01 -2.7973344e-01 -9.8400000e+00]
 [ 5.5567680e-02  2.8494128e-01  9.5685776e-01  1.4881000e+02]
 [ 9.9475344e-01  6.5522240e-02 -7.7172640e-02 -1.1678200e+03]
 [ 0.0000000e+00  0.0000000e+00  0.0000000e+00  1.0000000e+00]]
[-0102.22, +0126.31, -1120.36]
1374, 1253, 1196
[[-8.3071700e-02  9.5617536e-01 -2.7968268e-01 -9.7600000e+00]
 [ 5.5259520e-02  2.8494464e-01  9.5674096e-01  1.4882000e+02]
 [ 9.9470604e-01  6.4308320e-02 -7.6306900e-02 -1.1677800e+03]
 [ 0.0000000e+00  0.0000000e+00  0.0000000e+00  1.0000000e+00]]
[-0084.35, +0054.46, -1064.92]
2091, 1980, 1934
[[-8.6172020e-02  9.5540544e-01 -2.8165188e-01 -1.0170000e+01]
 [ 5.6144640e-02  2.8713542e-01  9.5608976e-01  1.4902000e+02]
 [ 9.9447228e-01  6.6785440e-02 -7.8235600e-02 -1.1678800e+03]
 [ 0.0000000e+00  0.0000000e+00  0.0000000e+00  1.0000000e+00]]
[-0087.21, +0053.11, -1092.40]
1701, 1487, 1043
[[-8.413288e-02  9.561092e-01 -2.798470e-01 -9.930000e+00]
 [ 5.510920e-02  2.851095e-01  9.567500e-01  1.488800e+02]
 [ 9.946970e-01  6.529000e-02 -7.652338e-02 -1.167890e+03]
 [ 0.000000e+00  0.000000e+00  0.000000e+00  1.000000e+00]]
[-0043.05, +0062.20, -1083.26]
1587, 1557, 1349
[[-8.4684520e-02  9.5580962e-01 -2.8038374e-01 -9.9800000e+00]
 [ 5.5191580e-02  2.8578390e-01  9.5648266e-01  1.4890000e+02]
 [ 9.9455566e-01  6.5826740e-02 -7.6740580e-02 -1.1679000e+03]
 [ 0.0000000e+00  0.0000000e+00  0.0000000e+00  1.0000000e+00]]
[-0074.84, +0045.66, -1073.77]
892, 2060, 822
[[-8.3241640e-02  9.5616122e-01 -2.7968350e-01 -9.8000000e+00]
 [ 5.5033300e-02  2.8494300e-01  9.5675510e-01  1.4892000e+02]
 [ 9.9470522e-01  6.4534540e-02 -7.6138600e-02 -1.1678800e+03]
 [ 0.0000000e+00  0.0000000e+00  0.0000000e+00  1.0000000e+00]]
[-0035.75, -0037.73, -1131.47]
1241, 1202, 787
[[-8.3921800e-02  9.5645038e-01 -2.7890134e-01 -9.8200000e+00]
 [ 5.4984500e-02  2.8409454e-01  9.5708938e-01  1.4883000e+02]
 [ 9.9476630e-01  6.5161700e-02 -7.6306900e-02 -1.1679000e+03]
 [ 0.0000000e+00  0.0000000e+00  0.0000000e+00  1.0000000e+00]]
[-0047.23, +0047.68, -1064.89]
2027, 1762, 1909
[[-8.6582820e-02  9.5554598e-01 -2.8134792e-01 -1.0140000e+01]
 [ 5.6413020e-02  2.8679766e-01  9.5623312e-01  1.4897000e+02]
 [ 9.9450608e-01  6.7052880e-02 -7.8644520e-02 -1.1678700e+03]
 [ 0.0000000e+00  0.0000000e+00  0.0000000e+00  1.0000000e+00]]
[-0097.42, +0067.05, -1092.06]
1708, 1039, 1192
[[-8.4162180e-02  9.5613880e-01 -2.7946776e-01 -9.9100000e+00]
 [ 5.4502800e-02  2.8476750e-01  9.5683460e-01  1.4883000e+02]
 [ 9.9465224e-01  6.5586600e-02 -7.5874320e-02 -1.1679000e+03]
 [ 0.0000000e+00  0.0000000e+00  0.0000000e+00  1.0000000e+00]]
[-0079.06, +0100.03, -1085.46]
794, 792, 1661
[[-8.4091940e-02  9.5628090e-01 -2.7919260e-01 -9.8500000e+00]
 [ 5.4432900e-02  2.8442918e-01  9.5697572e-01  1.4877000e+02]
 [ 9.9471540e-01  6.5515720e-02 -7.5802120e-02 -1.1678800e+03]
 [ 0.0000000e+00  0.0000000e+00  0.0000000e+00  1.0000000e+00]]
[-0181.74, +0039.65, -1112.32]
1773, 2033, 1684
[[-8.5619140e-02  9.5550032e-01 -2.8108032e-01 -1.0090000e+01]
 [ 5.6027680e-02  2.8662968e-01  9.5616732e-01  1.4895000e+02]
 [ 9.9440832e-01  6.6439320e-02 -7.7848820e-02 -1.1679000e+03]
 [ 0.0000000e+00  0.0000000e+00  0.0000000e+00  1.0000000e+00]]
[-0073.54, +0024.72, -1087.45]
1825, 1863, 871
[[-8.5024520e-02  9.5593656e-01 -2.8009536e-01 -9.9700000e+00]
 [ 5.5064640e-02  2.8544390e-01  9.5663922e-01  1.4892000e+02]
 [ 9.9460344e-01  6.6151380e-02 -7.6740580e-02 -1.1679000e+03]
 [ 0.0000000e+00  0.0000000e+00  0.0000000e+00  1.0000000e+00]]
[-0011.48, +0044.37, -1113.80]
861, 1175, 1975
[[-8.4472960e-02  9.5608072e-01 -2.7984888e-01 -9.9300000e+00]
 [ 5.4656720e-02  2.8510574e-01  9.5677848e-01  1.4885000e+02]
 [ 9.9469512e-01  6.5742480e-02 -7.6187060e-02 -1.1679000e+03]
 [ 0.0000000e+00  0.0000000e+00  0.0000000e+00  1.0000000e+00]]
[-0176.33, +0014.77, -1130.87]
1856, 1279, 2042
[[-8.6539680e-02  9.5571756e-01 -2.8069436e-01 -1.0120000e+01]
 [ 5.5737560e-02  2.8611798e-01  9.5646012e-01  1.4891000e+02]
 [ 9.9452436e-01  6.7279880e-02 -7.7921700e-02 -1.1679000e+03]
 [ 0.0000000e+00  0.0000000e+00  0.0000000e+00  1.0000000e+00]]
[-0136.31, +0086.96, -1112.46]
1253, 1579, 1282
[[-8.4302900e-02  9.5605974e-01 -2.8005318e-01 -9.9200000e+00]
 [ 5.4677700e-02  2.8527580e-01  9.5674230e-01  1.4887000e+02]
 [ 9.9473130e-01  6.5538180e-02 -7.6187060e-02 -1.1679100e+03]
 [ 0.0000000e+00  0.0000000e+00  0.0000000e+00  1.0000000e+00]]
[-0083.17, +0014.88, -1070.78]
851, 2074, 1682
[[-8.4486280e-02  9.5575902e-01 -2.8096730e-01 -9.9800000e+00]
 [ 5.5819020e-02  2.8629532e-01  9.5636130e-01  1.4895000e+02]
 [ 9.9463670e-01  6.5325300e-02 -7.7389960e-02 -1.1679100e+03]
 [ 0.0000000e+00  0.0000000e+00  0.0000000e+00  1.0000000e+00]]
[-0107.41, -0042.80, -1133.77]
1342, 1372, 2175
[[-8.4415440e-02  9.5581636e-01 -2.8057200e-01 -1.0070000e+01]
 [ 5.5834200e-02  2.8595736e-01  9.5641864e-01  1.4889000e+02]
 [ 9.9457936e-01  6.5338800e-02 -7.7317440e-02 -1.1678900e+03]
 [ 0.0000000e+00  0.0000000e+00  0.0000000e+00  1.0000000e+00]]
[-0163.61, +0040.58, -1120.41]
884, 2076, 751
[[-8.4162180e-02  9.5610366e-01 -2.7967302e-01 -9.8200000e+00]
 [ 5.4297540e-02  2.8493564e-01  9.5681266e-01  1.4893000e+02]
 [ 9.9468738e-01  6.5608540e-02 -7.5706180e-02 -1.1679200e+03]
 [ 0.0000000e+00  0.0000000e+00  0.0000000e+00  1.0000000e+00]]
[-0031.48, -0036.84, -1136.43]
2217, 1962, 1116
[[-8.5931080e-02  9.5552684e-01 -2.8158152e-01 -1.0120000e+01]
 [ 5.6096240e-02  2.8696748e-01  9.5619476e-01  1.4905000e+02]
 [ 9.9457172e-01  6.6510640e-02 -7.8162600e-02 -1.1678800e+03]
 [ 0.0000000e+00  0.0000000e+00  0.0000000e+00  1.0000000e+00]]
[-0023.16, +0061.04, -1116.37]
1745, 1883, 1808
[[-8.4896800e-02  9.5581468e-01 -2.8054324e-01 -1.0030000e+01]
 [ 5.6172200e-02  2.8595736e-01  9.5642032e-01  1.4891000e+02]
 [ 9.9455060e-01  6.5676800e-02 -7.7798800e-02 -1.1678900e+03]
 [ 0.0000000e+00  0.0000000e+00  0.0000000e+00  1.0000000e+00]]
[-0101.67, +0031.33, -1086.11]
1305, 1433, 2225
[[-8.5548180e-02  9.5564264e-01 -2.8080546e-01 -1.0100000e+01]
 [ 5.5958160e-02  2.8629180e-01  9.5630872e-01  1.4890000e+02]
 [ 9.9447134e-01  6.6368880e-02 -7.7776020e-02 -1.1679200e+03]
 [ 0.0000000e+00  0.0000000e+00  0.0000000e+00  1.0000000e+00]]
[-0164.76, +0032.47, -1124.81]
1841, 1296, 876
[[-8.4954000e-02  9.5611400e-01 -2.7961500e-01 -9.9600000e+00]
 [ 5.5200240e-02  2.8493760e-01  9.5680232e-01  1.4887000e+02]
 [ 9.9463132e-01  6.6058800e-02 -7.6836240e-02 -1.1678800e+03]
 [ 0.0000000e+00  0.0000000e+00  0.0000000e+00  1.0000000e+00]]
[-0027.92, +0089.37, -1101.96]
1675, 1082, 1513
[[-8.4472960e-02  9.5608072e-01 -2.7984888e-01 -9.9700000e+00]
 [ 5.4656720e-02  2.8510574e-01  9.5677848e-01  1.4885000e+02]
 [ 9.9469512e-01  6.5742480e-02 -7.6187060e-02 -1.1679400e+03]
 [ 0.0000000e+00  0.0000000e+00  0.0000000e+00  1.0000000e+00]]
[-0111.02, +0092.35, -1087.88]
1531, 1146, 1319
[[-8.4883560e-02  9.5598040e-01 -2.7971536e-01 -9.9400000e+00]
 [ 5.4684640e-02  2.8510374e-01  9.5670970e-01  1.4884000e+02]
 [ 9.9455960e-01  6.6221860e-02 -7.6259460e-02 -1.1679300e+03]
 [ 0.0000000e+00  0.0000000e+00  0.0000000e+00  1.0000000e+00]]
[-0095.35, +0077.25, -1073.22]
1053, 849, 1165
[[-8.3611300e-02  9.5643806e-01 -2.7893058e-01 -9.8400000e+00]
 [ 5.4419900e-02  2.8409270e-01  9.5710170e-01  1.4878000e+02]
 [ 9.9479370e-01  6.5049420e-02 -7.5657960e-02 -1.1679100e+03]
 [ 0.0000000e+00  0.0000000e+00  0.0000000e+00  1.0000000e+00]]
[-0124.63, +0063.93, -1063.00]
1895, 795, 1446
[[-8.5534820e-02  9.5608428e-01 -2.7960264e-01 -1.0010000e+01]
 [ 5.4916920e-02  2.8493360e-01  9.5683204e-01  1.4883000e+02]
 [ 9.9461496e-01  6.6680360e-02 -7.6740580e-02 -1.1679200e+03]
 [ 0.0000000e+00  0.0000000e+00  0.0000000e+00  1.0000000e+00]]
[-0103.29, +0128.14, -1123.51]
984, 1864, 773
[[-8.3751700e-02  9.5635916e-01 -2.7951612e-01 -9.8000000e+00]
 [ 5.4595000e-02  2.8460120e-01  9.5700960e-01  1.4888000e+02]
 [ 9.9487260e-01  6.5001120e-02 -7.5970340e-02 -1.1678900e+03]
 [ 0.0000000e+00  0.0000000e+00  0.0000000e+00  1.0000000e+00]]
[-0032.57, -0025.31, -1109.27]
1761, 767, 2159
[[-8.7788320e-02  9.5545636e-01 -2.8115372e-01 -1.0300000e+01]
 [ 5.7342440e-02  2.8679766e-01  9.5615384e-01  1.4886000e+02]
 [ 9.9431188e-01  6.7981360e-02 -7.9850020e-02 -1.1678500e+03]
 [ 0.0000000e+00  0.0000000e+00  0.0000000e+00  1.0000000e+00]]
[-0153.14, +0099.64, -1150.25]
2020, 1694, 1647
[[-8.6440660e-02  9.5558978e-01 -2.8096820e-01 -1.0110000e+01]
 [ 5.6033300e-02  2.8645790e-01  9.5630420e-01  1.4896000e+02]
 [ 9.9446228e-01  6.7123960e-02 -7.8162600e-02 -1.1679000e+03]
 [ 0.0000000e+00  0.0000000e+00  0.0000000e+00  1.0000000e+00]]
[-0072.73, +0072.65, -1089.81]
1851, 2152, 2231
[[-8.5662800e-02  9.5529300e-01 -2.8193940e-01 -1.0180000e+01]
 [ 5.6498040e-02  2.8747670e-01  9.5591822e-01  1.4899000e+02]
 [ 9.9442572e-01  6.6234100e-02 -7.8403540e-02 -1.1678700e+03]
 [ 0.0000000e+00  0.0000000e+00  0.0000000e+00  1.0000000e+00]]
[-0114.25, +0018.91, -1102.81]
1546, 1307, 1815
[[-8.5265140e-02  9.5590028e-01 -2.8028634e-01 -1.0000000e+01]
 [ 5.5028360e-02  2.8561196e-01  9.5661828e-01  1.4888000e+02]
 [ 9.9462438e-01  6.6342360e-02 -7.6813140e-02 -1.1679200e+03]
 [ 0.0000000e+00  0.0000000e+00  0.0000000e+00  1.0000000e+00]]
[-0133.69, +0062.18, -1089.60]
1117, 845, 1081
[[-8.3611300e-02  9.5647312e-01 -2.7872536e-01 -9.8100000e+00]
 [ 5.4625120e-02  2.8392440e-01  9.5712356e-01  1.4879000e+02]
 [ 9.9475864e-01  6.5027560e-02 -7.5826260e-02 -1.1679100e+03]
 [ 0.0000000e+00  0.0000000e+00  0.0000000e+00  1.0000000e+00]]
[-0111.33, +0071.69, -1060.75]
1858, 1922, 1773
[[-8.5619140e-02  9.5550032e-01 -2.8108032e-01 -1.0110000e+01]
 [ 5.6027680e-02  2.8662968e-01  9.5616732e-01  1.4897000e+02]
 [ 9.9440832e-01  6.6439320e-02 -7.7848820e-02 -1.1679100e+03]
 [ 0.0000000e+00  0.0000000e+00  0.0000000e+00  1.0000000e+00]]
[-0084.50, +0040.38, -1086.24]
1038, 1994, 1922
[[-8.4726980e-02  9.5563782e-01 -2.8103784e-01 -1.0020000e+01]
 [ 5.5867620e-02  2.8646342e-01  9.5625616e-01  1.4895000e+02]
 [ 9.9453744e-01  6.5600240e-02 -7.7462560e-02 -1.1679200e+03]
 [ 0.0000000e+00  0.0000000e+00  0.0000000e+00  1.0000000e+00]]
[-0125.49, -0026.68, -1123.58]
1393, 1640, 1442
[[-8.4033460e-02  9.5606626e-01 -2.8024146e-01 -9.9400000e+00]
 [ 5.5320340e-02  2.8544942e-01  9.5667858e-01  1.4891000e+02]
 [ 9.9475506e-01  6.5050380e-02 -7.6763880e-02 -1.1679000e+03]
 [ 0.0000000e+00  0.0000000e+00  0.0000000e+00  1.0000000e+00]]
[-0086.87, +0025.09, -1073.19]
1612, 1067, 1067
[[-8.5394100e-02  9.5605776e-01 -2.7963348e-01 -9.9400000e+00]
 [ 5.4126240e-02  2.8492928e-01  9.5685856e-01  1.4884000e+02]
 [ 9.9464148e-01  6.6794560e-02 -7.5923380e-02 -1.1679400e+03]
 [ 0.0000000e+00  0.0000000e+00  0.0000000e+00  1.0000000e+00]]
[-0067.01, +0094.58, -1080.15]
982, 1719, 1648
[[-8.4925140e-02  9.5589366e-01 -2.8048972e-01 -9.9700000e+00]
 [ 5.5275620e-02  2.8578390e-01  9.5656764e-01  1.4890000e+02]
 [ 9.9466164e-01  6.5911720e-02 -7.6981200e-02 -1.1679200e+03]
 [ 0.0000000e+00  0.0000000e+00  0.0000000e+00  1.0000000e+00]]
[-0124.03, -0020.42, -1101.53]
1109, 1509, 1761
[[-8.4302900e-02  9.5598930e-01 -2.8046370e-01 -9.8300000e+00]
 [ 5.4267180e-02  2.8561196e-01  9.5669830e-01  1.4882000e+02]
 [ 9.9480174e-01  6.5582180e-02 -7.5850900e-02 -1.1678300e+03]
 [ 0.0000000e+00  0.0000000e+00  0.0000000e+00  1.0000000e+00]]
[-0140.52, +0007.63, -1093.99]
1228, 963, 797
[[-8.3060820e-02  9.5658194e-01 -2.7868344e-01 -9.5900000e+00]
 [ 5.4011340e-02  2.8375422e-01  9.5724088e-01  1.4874000e+02]
 [ 9.9488504e-01  6.4639920e-02 -7.5105600e-02 -1.1677900e+03]
 [ 0.0000000e+00  0.0000000e+00  0.0000000e+00  1.0000000e+00]]
[-0062.00, +0072.05, -1060.68]
