750, 750, 750
[[-8.7704580e-02  9.5309414e-01 -2.8892426e-01 -1.2447000e+02]
 [ 3.6275540e-02  2.9312268e-01  9.5523598e-01  1.4906000e+02]
 [ 9.9526366e-01  7.3506820e-02 -6.0132900e-02 -1.1795300e+03]
 [ 0.0000000e+00  0.0000000e+00  0.0000000e+00  1.0000000e+00]]
[-0211.80, +0040.29, -1056.82]
917, 917, 917
[[-8.8974400e-02  9.5282968e-01 -2.8975096e-01 -1.2464000e+02]
 [ 3.6567760e-02  2.9395310e-01  9.5503742e-01  1.4910000e+02]
 [ 9.9524008e-01  7.4493460e-02 -6.0915060e-02 -1.1795200e+03]
 [ 0.0000000e+00  0.0000000e+00  0.0000000e+00  1.0000000e+00]]
[-0211.58, +0039.78, -1063.38]
1084, 1084, 1084
[[-8.9043400e-02  9.5256472e-01 -2.9011156e-01 -1.2471000e+02]
 [ 3.6516680e-02  2.9445372e-01  9.5478904e-01  1.4914000e+02]
 [ 9.9509336e-01  7.4672840e-02 -6.0826120e-02 -1.1795300e+03]
 [ 0.0000000e+00  0.0000000e+00  0.0000000e+00  1.0000000e+00]]
[-0209.81, +0039.87, -1069.78]
1251, 1251, 1251
[[-8.8598820e-02  9.5251062e-01 -2.9070252e-01 -1.2473000e+02]
 [ 3.6975780e-02  2.9497406e-01  9.5466548e-01  1.4917000e+02]
 [ 9.9519708e-01  7.4006120e-02 -6.1231120e-02 -1.1795100e+03]
 [ 0.0000000e+00  0.0000000e+00  0.0000000e+00  1.0000000e+00]]
[-0208.42, +0041.05, -1075.99]
1418, 1418, 1418
[[-8.9047440e-02  9.5226240e-01 -2.9101656e-01 -1.2479000e+02]
 [ 3.7882560e-02  2.9548736e-01  9.5440000e-01  1.4922000e+02]
 [ 9.9501720e-01  7.4234560e-02 -6.2193040e-02 -1.1794500e+03]
 [ 0.0000000e+00  0.0000000e+00  0.0000000e+00  1.0000000e+00]]
[-0207.71, +0042.25, -1082.50]
1585, 1585, 1585
[[-8.9940360e-02  9.5204938e-01 -2.9147682e-01 -1.2485000e+02]
 [ 3.7626780e-02  2.9597454e-01  9.5426698e-01  1.4922000e+02]
 [ 9.9495778e-01  7.5121380e-02 -6.2256660e-02 -1.1794700e+03]
 [ 0.0000000e+00  0.0000000e+00  0.0000000e+00  1.0000000e+00]]
[-0208.16, +0044.18, -1088.70]
1752, 1752, 1752
[[-9.0250740e-02  9.5186620e-01 -2.9194390e-01 -1.2492000e+02]
 [ 3.7657400e-02  2.9647448e-01  9.5410388e-01  1.4921000e+02]
 [ 9.9491830e-01  7.5385880e-02 -6.2409220e-02 -1.1794700e+03]
 [ 0.0000000e+00  0.0000000e+00  0.0000000e+00  1.0000000e+00]]
[-0207.33, +0043.42, -1094.95]
1919, 1919, 1919
[[-9.0359400e-02  9.5173058e-01 -2.9237074e-01 -1.2501000e+02]
 [ 3.8932460e-02  2.9700030e-01  9.5389298e-01  1.4927000e+02]
 [ 9.9486482e-01  7.5076340e-02 -6.3701460e-02 -1.1794700e+03]
 [ 0.0000000e+00  0.0000000e+00  0.0000000e+00  1.0000000e+00]]
[-0207.48, +0043.63, -1101.38]
2086, 2086, 2086
[[-9.1665160e-02  9.5146456e-01 -2.9302592e-01 -1.2511000e+02]
 [ 3.8409920e-02  2.9764470e-01  9.5375246e-01  1.4930000e+02]
 [ 9.9482344e-01  7.6382380e-02 -6.3679300e-02 -1.1794500e+03]
 [ 0.0000000e+00  0.0000000e+00  0.0000000e+00  1.0000000e+00]]
[-0207.35, +0042.12, -1107.91]
2253, 2253, 2253
[[-9.2740980e-02  9.5108984e-01 -2.9409986e-01 -1.2526000e+02]
 [ 3.9615760e-02  2.9882720e-01  9.5337272e-01  1.4937000e+02]
 [ 9.9473474e-01  7.6922480e-02 -6.5280820e-02 -1.1794100e+03]
 [ 0.0000000e+00  0.0000000e+00  0.0000000e+00  1.0000000e+00]]
[-0207.24, +0039.93, -1114.27]
2086, 2086, 2086
[[-9.1556260e-02  9.5137532e-01 -2.9330362e-01 -1.2503000e+02]
 [ 3.6396680e-02  2.9777432e-01  9.5378188e-01  1.4929000e+02]
 [ 9.9489562e-01  7.6873880e-02 -6.1730580e-02 -1.1794600e+03]
 [ 0.0000000e+00  0.0000000e+00  0.0000000e+00  1.0000000e+00]]
[-0210.44, +0041.60, -1108.24]
1919, 1919, 1919
[[-8.8635880e-02  9.5201962e-01 -2.9193526e-01 -1.2482000e+02]
 [ 3.6998620e-02  2.9631662e-01  9.5417774e-01  1.4921000e+02]
 [ 9.9508726e-01  7.4045260e-02 -6.1294260e-02 -1.1795000e+03]
 [ 0.0000000e+00  0.0000000e+00  0.0000000e+00  1.0000000e+00]]
[-0209.26, +0039.91, -1101.30]
1752, 1752, 1752
[[-8.8806900e-02  9.5219612e-01 -2.9144146e-01 -1.2481000e+02]
 [ 3.7303160e-02  2.9581656e-01  9.5434748e-01  1.4919000e+02]
 [ 9.9510002e-01  7.4116040e-02 -6.1623300e-02 -1.1794900e+03]
 [ 0.0000000e+00  0.0000000e+00  0.0000000e+00  1.0000000e+00]]
[-0210.26, +0040.39, -1094.92]
1585, 1585, 1585
[[-8.8598820e-02  9.5232118e-01 -2.9119966e-01 -1.2477000e+02]
 [ 3.6444020e-02  2.9546780e-01  9.5450906e-01  1.4918000e+02]
 [ 9.9518074e-01  7.4162540e-02 -6.0737380e-02 -1.1795100e+03]
 [ 0.0000000e+00  0.0000000e+00  0.0000000e+00  1.0000000e+00]]
[-0208.74, +0040.46, -1088.43]
1418, 1418, 1418
[[-8.9010420e-02  9.5249410e-01 -2.9069256e-01 -1.2472000e+02]
 [ 3.6916500e-02  2.9496750e-01  9.5468200e-01  1.4916000e+02]
 [ 9.9518056e-01  7.4401200e-02 -6.1306920e-02 -1.1794900e+03]
 [ 0.0000000e+00  0.0000000e+00  0.0000000e+00  1.0000000e+00]]
[-0206.47, +0040.85, -1082.02]
1251, 1251, 1251
[[-8.8289280e-02  9.5253856e-01 -2.9052640e-01 -1.2470000e+02]
 [ 3.6618560e-02  2.9480288e-01  9.5469680e-01  1.4914000e+02]
 [ 9.9518560e-01  7.3872800e-02 -6.0750400e-02 -1.1795000e+03]
 [ 0.0000000e+00  0.0000000e+00  0.0000000e+00  1.0000000e+00]]
[-0209.25, +0041.45, -1076.12]
1084, 1084, 1084
[[-8.8220200e-02  9.5271790e-01 -2.9004570e-01 -1.2464000e+02]
 [ 3.6755140e-02  2.9430230e-01  9.5486298e-01  1.4911000e+02]
 [ 9.9521202e-01  7.3775700e-02 -6.0839460e-02 -1.1795000e+03]
 [ 0.0000000e+00  0.0000000e+00  0.0000000e+00  1.0000000e+00]]
[-0209.52, +0040.12, -1069.67]
917, 917, 917
[[-8.7361860e-02  9.5289708e-01 -2.8962054e-01 -1.2457000e+02]
 [ 3.5992440e-02  2.9379500e-01  9.5502908e-01  1.4907000e+02]
 [ 9.9528762e-01  7.3233560e-02 -5.9803300e-02 -1.1795100e+03]
 [ 0.0000000e+00  0.0000000e+00  0.0000000e+00  1.0000000e+00]]
[-0210.28, +0040.07, -1063.17]
750, 750, 750
[[-8.7567380e-02  9.5307474e-01 -2.8895694e-01 -1.2450000e+02]
 [ 3.5485260e-02  2.9310940e-01  9.5525538e-01  1.4904000e+02]
 [ 9.9528306e-01  7.3624620e-02 -5.9323220e-02 -1.1795400e+03]
 [ 0.0000000e+00  0.0000000e+00  0.0000000e+00  1.0000000e+00]]
[-0211.49, +0040.06, -1056.72]
965, 965, 965
[[-8.8220200e-02  9.5271790e-01 -2.9004570e-01 -1.2468000e+02]
 [ 3.6755140e-02  2.9430230e-01  9.5486298e-01  1.4913000e+02]
 [ 9.9521202e-01  7.3775700e-02 -6.0839460e-02 -1.1795000e+03]
 [ 0.0000000e+00  0.0000000e+00  0.0000000e+00  1.0000000e+00]]
[-0210.53, +0039.72, -1065.34]
1180, 1180, 1180
[[-8.9010420e-02  9.5249410e-01 -2.9069256e-01 -1.2473000e+02]
 [ 3.6916500e-02  2.9496750e-01  9.5468200e-01  1.4916000e+02]
 [ 9.9518056e-01  7.4401200e-02 -6.1306920e-02 -1.1794900e+03]
 [ 0.0000000e+00  0.0000000e+00  0.0000000e+00  1.0000000e+00]]
[-0208.58, +0039.88, -1073.36]
1395, 1395, 1395
[[-8.9422100e-02  9.5244288e-01 -2.9088846e-01 -1.2479000e+02]
 [ 3.6651360e-02  2.9512540e-01  9.5467392e-01  1.4927000e+02]
 [ 9.9519858e-01  7.4820960e-02 -6.1218260e-02 -1.1795500e+03]
 [ 0.0000000e+00  0.0000000e+00  0.0000000e+00  1.0000000e+00]]
[-0208.45, +0043.17, -1081.66]
1610, 1610, 1610
[[-9.0010000e-02  9.5202472e-01 -2.9166596e-01 -1.2488000e+02]
 [ 3.7815920e-02  2.9614560e-01  9.5423216e-01  1.4921000e+02]
 [ 9.9498244e-01  7.5086560e-02 -6.2497360e-02 -1.1794500e+03]
 [ 0.0000000e+00  0.0000000e+00  0.0000000e+00  1.0000000e+00]]
[-0208.15, +0044.38, -1089.68]
1825, 1825, 1825
[[-9.0491520e-02  9.5191352e-01 -2.9225672e-01 -1.2496000e+02]
 [ 3.7533680e-02  2.9663886e-01  9.5416468e-01  1.4926000e+02]
 [ 9.9506008e-01  7.5496120e-02 -6.2485620e-02 -1.1794800e+03]
 [ 0.0000000e+00  0.0000000e+00  0.0000000e+00  1.0000000e+00]]
[-0205.21, +0043.67, -1097.35]
2040, 2040, 2040
[[-9.1183080e-02  9.5147124e-01 -2.9305324e-01 -1.2506000e+02]
 [ 3.8074760e-02  2.9764470e-01  9.5374578e-01  1.4927000e+02]
 [ 9.9485076e-01  7.6047220e-02 -6.3197220e-02 -1.1794500e+03]
 [ 0.0000000e+00  0.0000000e+00  0.0000000e+00  1.0000000e+00]]
[-0207.23, +0042.85, -1106.17]
2255, 2255, 2255
[[-9.3253320e-02  9.5104808e-01 -2.9410988e-01 -1.2528000e+02]
 [ 3.8933320e-02  2.9880716e-01  9.5341448e-01  1.4938000e+02]
 [ 9.9472472e-01  7.7604920e-02 -6.4788520e-02 -1.1794200e+03]
 [ 0.0000000e+00  0.0000000e+00  0.0000000e+00  1.0000000e+00]]
[-0207.23, +0039.96, -1114.36]
2040, 2040, 2040
[[-9.0250740e-02  9.5191686e-01 -2.9227018e-01 -1.2494000e+02]
 [ 3.7365980e-02  2.9663886e-01  9.5416134e-01  1.4921000e+02]
 [ 9.9507354e-01  7.5328420e-02 -6.2244840e-02 -1.1794600e+03]
 [ 0.0000000e+00  0.0000000e+00  0.0000000e+00  1.0000000e+00]]
[-0207.95, +0040.69, -1106.02]
1825, 1825, 1825
[[-8.9769300e-02  9.5206282e-01 -2.9147354e-01 -1.2487000e+02]
 [ 3.7854020e-02  2.9598110e-01  9.5425354e-01  1.4921000e+02]
 [ 9.9496106e-01  7.4894140e-02 -6.2421160e-02 -1.1794800e+03]
 [ 0.0000000e+00  0.0000000e+00  0.0000000e+00  1.0000000e+00]]
[-0209.94, +0040.70, -1097.83]
1610, 1610, 1610
[[-8.8908560e-02  9.5217288e-01 -2.9146128e-01 -1.2482000e+02]
 [ 3.6680880e-02  2.9580344e-01  9.5437072e-01  1.4918000e+02]
 [ 9.9510672e-01  7.4402720e-02 -6.1053760e-02 -1.1795100e+03]
 [ 0.0000000e+00  0.0000000e+00  0.0000000e+00  1.0000000e+00]]
[-0208.91, +0040.58, -1089.36]
1395, 1395, 1395
[[-8.9010420e-02  9.5249410e-01 -2.9069256e-01 -1.2478000e+02]
 [ 3.6916500e-02  2.9496750e-01  9.5468200e-01  1.4916000e+02]
 [ 9.9518056e-01  7.4401200e-02 -6.1306920e-02 -1.1795000e+03]
 [ 0.0000000e+00  0.0000000e+00  0.0000000e+00  1.0000000e+00]]
[-0208.04, +0041.57, -1081.38]
1180, 1180, 1180
[[-8.8460500e-02  9.5259448e-01 -2.9011814e-01 -1.2471000e+02]
 [ 3.6802960e-02  2.9446700e-01  9.5475928e-01  1.4913000e+02]
 [ 9.9511322e-01  7.4050640e-02 -6.0915060e-02 -1.1794800e+03]
 [ 0.0000000e+00  0.0000000e+00  0.0000000e+00  1.0000000e+00]]
[-0208.95, +0039.57, -1073.33]
965, 965, 965
[[-8.7430660e-02  9.5278678e-01 -2.8968990e-01 -1.2461000e+02]
 [ 3.6267500e-02  2.9396630e-01  9.5491230e-01  1.4908000e+02]
 [ 9.9519222e-01  7.3281540e-02 -6.0043400e-02 -1.1795100e+03]
 [ 0.0000000e+00  0.0000000e+00  0.0000000e+00  1.0000000e+00]]
[-0210.12, +0040.74, -1065.03]
750, 750, 750
[[-8.7395920e-02  9.5320772e-01 -2.8886788e-01 -1.2448000e+02]
 [ 3.5832280e-02  2.9295126e-01  9.5534942e-01  1.4905000e+02]
 [ 9.9537212e-01  7.3290580e-02 -5.9652820e-02 -1.1795200e+03]
 [ 0.0000000e+00  0.0000000e+00  0.0000000e+00  1.0000000e+00]]
[-0211.68, +0040.04, -1056.77]
900, 900, 900
[[-8.7979940e-02  9.5275566e-01 -2.8985310e-01 -1.2465000e+02]
 [ 3.6792900e-02  2.9413756e-01  9.5488434e-01  1.4910000e+02]
 [ 9.9519066e-01  7.3583100e-02 -6.0763940e-02 -1.1794600e+03]
 [ 0.0000000e+00  0.0000000e+00  0.0000000e+00  1.0000000e+00]]
[-0212.32, +0038.74, -1062.83]
1050, 1050, 1050
[[-8.9043400e-02  9.5265038e-01 -2.9023174e-01 -1.2471000e+02]
 [ 3.6431020e-02  2.9445372e-01  9.5487134e-01  1.4912000e+02]
 [ 9.9521354e-01  7.4590540e-02 -6.0826120e-02 -1.1794800e+03]
 [ 0.0000000e+00  0.0000000e+00  0.0000000e+00  1.0000000e+00]]
[-0209.73, +0038.70, -1068.59]
1200, 1200, 1200
[[-8.9112480e-02  9.5238532e-01 -2.9059228e-01 -1.2475000e+02]
 [ 3.6379880e-02  2.9495414e-01  9.5462288e-01  1.4916000e+02]
 [ 9.9506692e-01  7.4769920e-02 -6.0737380e-02 -1.1795100e+03]
 [ 0.0000000e+00  0.0000000e+00  0.0000000e+00  1.0000000e+00]]
[-0208.90, +0039.79, -1074.14]
1350, 1350, 1350
[[-8.9320200e-02  9.5234590e-01 -2.9095410e-01 -1.2477000e+02]
 [ 3.7153380e-02  2.9530326e-01  9.5454370e-01  1.4916000e+02]
 [ 9.9510634e-01  7.4641380e-02 -6.1623300e-02 -1.1794700e+03]
 [ 0.0000000e+00  0.0000000e+00  0.0000000e+00  1.0000000e+00]]
[-0208.69, +0042.35, -1079.88]
1500, 1500, 1500
[[-8.9010420e-02  9.5218442e-01 -2.9127540e-01 -1.2481000e+02]
 [ 3.6264420e-02  2.9562558e-01  9.5441860e-01  1.4919000e+02]
 [ 9.9507860e-01  7.4664600e-02 -6.0648840e-02 -1.1794900e+03]
 [ 0.0000000e+00  0.0000000e+00  0.0000000e+00  1.0000000e+00]]
[-0207.85, +0043.88, -1085.55]
1650, 1650, 1650
[[-8.9769300e-02  9.5206282e-01 -2.9147354e-01 -1.2483000e+02]
 [ 3.7854020e-02  2.9598110e-01  9.5425354e-01  1.4920000e+02]
 [ 9.9496106e-01  7.4894140e-02 -6.2421160e-02 -1.1794300e+03]
 [ 0.0000000e+00  0.0000000e+00  0.0000000e+00  1.0000000e+00]]
[-0207.04, +0043.49, -1091.17]
1800, 1800, 1800
[[-9.0149520e-02  9.5188992e-01 -2.9192384e-01 -1.2492000e+02]
 [ 3.8279680e-02  2.9648760e-01  9.5408016e-01  1.4923000e+02]
 [ 9.9491136e-01  7.5099040e-02 -6.2978880e-02 -1.1794200e+03]
 [ 0.0000000e+00  0.0000000e+00  0.0000000e+00  1.0000000e+00]]
[-0206.18, +0043.78, -1096.60]
1950, 1950, 1950
[[-8.9947680e-02  9.5171228e-01 -2.9258700e-01 -1.2499000e+02]
 [ 3.8786280e-02  2.9717112e-01  9.5385160e-01  1.4926000e+02]
 [ 9.9491660e-01  7.4706000e-02 -6.3460560e-02 -1.1794000e+03]
 [ 0.0000000e+00  0.0000000e+00  0.0000000e+00  1.0000000e+00]]
[-0207.07, +0043.58, -1102.49]
2100, 2100, 2100
[[-9.1393680e-02  9.5134672e-01 -2.9329372e-01 -1.2510000e+02]
 [ 3.8933120e-02  2.9799302e-01  9.5358308e-01  1.4928000e+02]
 [ 9.9476932e-01  7.5999320e-02 -6.4084660e-02 -1.1793700e+03]
 [ 0.0000000e+00  0.0000000e+00  0.0000000e+00  1.0000000e+00]]
[-0207.73, +0041.96, -1108.53]
2250, 2250, 2250
[[-9.2499600e-02  9.5097244e-01 -2.9419912e-01 -1.2528000e+02]
 [ 3.9327640e-02  2.9899134e-01  9.5326264e-01  1.4936000e+02]
 [ 9.9466328e-01  7.6861840e-02 -6.4875300e-02 -1.1793900e+03]
 [ 0.0000000e+00  0.0000000e+00  0.0000000e+00  1.0000000e+00]]
[-0207.40, +0040.09, -1114.25]
2100, 2100, 2100
[[-9.0250740e-02  9.5195172e-01 -2.9206428e-01 -1.2495000e+02]
 [ 3.7571880e-02  2.9647448e-01  9.5418608e-01  1.4922000e+02]
 [ 9.9503868e-01  7.5303680e-02 -6.2409220e-02 -1.1794600e+03]
 [ 0.0000000e+00  0.0000000e+00  0.0000000e+00  1.0000000e+00]]
[-0207.05, +0042.90, -1108.26]
1950, 1950, 1950
[[-8.9940360e-02  9.5201458e-01 -2.9168270e-01 -1.2488000e+02]
 [ 3.7420900e-02  2.9613900e-01  9.5424230e-01  1.4920000e+02]
 [ 9.9499258e-01  7.5146060e-02 -6.2092200e-02 -1.1794600e+03]
 [ 0.0000000e+00  0.0000000e+00  0.0000000e+00  1.0000000e+00]]
[-0210.02, +0039.84, -1102.52]
1800, 1800, 1800
[[-8.9560740e-02  9.5215292e-01 -2.9143806e-01 -1.2484000e+02]
 [ 3.6789240e-02  2.9579676e-01  9.5439068e-01  1.4919000e+02]
 [ 9.9507682e-01  7.4965560e-02 -6.1370340e-02 -1.1794800e+03]
 [ 0.0000000e+00  0.0000000e+00  0.0000000e+00  1.0000000e+00]]
[-0209.70, +0040.99, -1096.79]
1650, 1650, 1650
[[-8.8737460e-02  9.5230636e-01 -2.9137244e-01 -1.2481000e+02]
 [ 3.7028360e-02  2.9564550e-01  9.5446448e-01  1.4918000e+02]
 [ 9.9519556e-01  7.4068480e-02 -6.1382800e-02 -1.1794800e+03]
 [ 0.0000000e+00  0.0000000e+00  0.0000000e+00  1.0000000e+00]]
[-0209.04, +0040.93, -1090.97]
1500, 1500, 1500
[[-8.8497000e-02  9.5237898e-01 -2.9097414e-01 -1.2477000e+02]
 [ 3.7272060e-02  2.9531630e-01  9.5451062e-01  1.4917000e+02]
 [ 9.9513942e-01  7.3851260e-02 -6.1471540e-02 -1.1794500e+03]
 [ 0.0000000e+00  0.0000000e+00  0.0000000e+00  1.0000000e+00]]
[-0207.64, +0041.06, -1085.27]
1350, 1350, 1350
[[-8.8941220e-02  9.5236398e-01 -2.9079474e-01 -1.2470000e+02]
 [ 3.6401220e-02  2.9512540e-01  9.5458494e-01  1.4913000e+02]
 [ 9.9510486e-01  7.4567460e-02 -6.0737380e-02 -1.1794400e+03]
 [ 0.0000000e+00  0.0000000e+00  0.0000000e+00  1.0000000e+00]]
[-0208.39, +0040.74, -1079.74]
1200, 1200, 1200
[[-8.8358440e-02  9.5266866e-01 -2.9042438e-01 -1.2468000e+02]
 [ 3.7133820e-02  2.9464470e-01  9.5479386e-01  1.4910000e+02]
 [ 9.9526126e-01  7.3706580e-02 -6.1320100e-02 -1.1794400e+03]
 [ 0.0000000e+00  0.0000000e+00  0.0000000e+00  1.0000000e+00]]
[-0208.42, +0040.73, -1074.16]
1050, 1050, 1050
[[-8.7670800e-02  9.5274908e-01 -2.8988256e-01 -1.2464000e+02]
 [ 3.6229800e-02  2.9413104e-01  9.5489092e-01  1.4909000e+02]
 [ 9.9521360e-01  7.3474200e-02 -6.0118800e-02 -1.1795000e+03]
 [ 0.0000000e+00  0.0000000e+00  0.0000000e+00  1.0000000e+00]]
[-0209.09, +0040.34, -1068.37]
900, 900, 900
[[-8.8184820e-02  9.5289874e-01 -2.8939532e-01 -1.2456000e+02]
 [ 3.6080140e-02  2.9361702e-01  9.5508644e-01  1.4906000e+02]
 [ 9.9522052e-01  7.3999160e-02 -6.0118800e-02 -1.1794900e+03]
 [ 0.0000000e+00  0.0000000e+00  0.0000000e+00  1.0000000e+00]]
[-0210.45, +0040.56, -1062.56]
750, 750, 750
[[-8.7121800e-02  9.5312346e-01 -2.8893082e-01 -1.2447000e+02]
 [ 3.6561460e-02  2.9313564e-01  9.5520666e-01  1.4903000e+02]
 [ 9.9528318e-01  7.2884660e-02 -6.0222600e-02 -1.1794500e+03]
 [ 0.0000000e+00  0.0000000e+00  0.0000000e+00  1.0000000e+00]]
[-0211.98, +0040.08, -1056.81]
938, 938, 938
[[-8.8391460e-02  9.5270474e-01 -2.9004898e-01 -1.2465000e+02]
 [ 3.6528020e-02  2.9429574e-01  9.5487614e-01  1.4911000e+02]
 [ 9.9520874e-01  7.4002820e-02 -6.0674760e-02 -1.1794500e+03]
 [ 0.0000000e+00  0.0000000e+00  0.0000000e+00  1.0000000e+00]]
[-0211.34, +0039.60, -1064.21]
1126, 1126, 1126
[[-8.7877800e-02  9.5246938e-01 -2.9041614e-01 -1.2467000e+02]
 [ 3.6763380e-02  2.9480940e-01  9.5459806e-01  1.4913000e+02]
 [ 9.9508186e-01  7.3560060e-02 -6.0674760e-02 -1.1794400e+03]
 [ 0.0000000e+00  0.0000000e+00  0.0000000e+00  1.0000000e+00]]
[-0209.21, +0040.43, -1071.39]
1314, 1314, 1314
[[-8.8668100e-02  9.5228018e-01 -2.9085716e-01 -1.2473000e+02]
 [ 3.7130420e-02  2.9530982e-01  9.5444156e-01  1.4916000e+02]
 [ 9.9501596e-01  7.4160760e-02 -6.1306920e-02 -1.1794300e+03]
 [ 0.0000000e+00  0.0000000e+00  0.0000000e+00  1.0000000e+00]]
[-0207.88, +0042.23, -1078.46]
1502, 1502, 1502
[[-8.9801320e-02  9.5226986e-01 -2.9133914e-01 -1.2480000e+02]
 [ 3.7077340e-02  2.9563230e-01  9.5450098e-01  1.4917000e+02]
 [ 9.9514906e-01  7.5026420e-02 -6.1775380e-02 -1.1794400e+03]
 [ 0.0000000e+00  0.0000000e+00  0.0000000e+00  1.0000000e+00]]
[-0208.01, +0043.54, -1085.62]
1690, 1690, 1690
[[-9.0491520e-02  9.5201816e-01 -2.9163896e-01 -1.2490000e+02]
 [ 3.8151440e-02  2.9614560e-01  9.5423872e-01  1.4922000e+02]
 [ 9.9495544e-01  7.5422080e-02 -6.2978880e-02 -1.1794000e+03]
 [ 0.0000000e+00  0.0000000e+00  0.0000000e+00  1.0000000e+00]]
[-0207.80, +0043.97, -1092.61]
1878, 1878, 1878
[[-9.0219400e-02  9.5179536e-01 -2.9252472e-01 -1.2499000e+02]
 [ 3.8057040e-02  2.9698742e-01  9.5399586e-01  1.4925000e+02]
 [ 9.9500592e-01  7.5113460e-02 -6.2890820e-02 -1.1794100e+03]
 [ 0.0000000e+00  0.0000000e+00  0.0000000e+00  1.0000000e+00]]
[-0207.51, +0043.90, -1099.82]
2066, 2066, 2066
[[-9.1494260e-02  9.5144316e-01 -2.9322858e-01 -1.2507000e+02]
 [ 3.8431320e-02  2.9781560e-01  9.5371404e-01  1.4929000e+02]
 [ 9.9486186e-01  7.6179720e-02 -6.3679300e-02 -1.1793900e+03]
 [ 0.0000000e+00  0.0000000e+00  0.0000000e+00  1.0000000e+00]]
[-0207.43, +0042.54, -1107.26]
2254, 2254, 2254
[[-9.2811700e-02  9.5094442e-01 -2.9437406e-01 -1.2528000e+02]
 [ 3.9683900e-02  2.9916204e-01  9.5323058e-01  1.4935000e+02]
 [ 9.9467410e-01  7.6993900e-02 -6.5358100e-02 -1.1793600e+03]
 [ 0.0000000e+00  0.0000000e+00  0.0000000e+00  1.0000000e+00]]
[-0207.35, +0039.69, -1114.32]
2066, 2066, 2066
[[-9.0079720e-02  9.5193030e-01 -2.9226686e-01 -1.2495000e+02]
 [ 3.7593300e-02  2.9664550e-01  9.5414790e-01  1.4922000e+02]
 [ 9.9507686e-01  7.5101100e-02 -6.2409220e-02 -1.1794100e+03]
 [ 0.0000000e+00  0.0000000e+00  0.0000000e+00  1.0000000e+00]]
[-0207.13, +0042.19, -1106.85]
1878, 1878, 1878
[[-8.9047440e-02  9.5215812e-01 -2.9163396e-01 -1.2485000e+02]
 [ 3.7265160e-02  2.9598110e-01  9.5432602e-01  1.4919000e+02]
 [ 9.9512148e-01  7.4308540e-02 -6.1699300e-02 -1.1794500e+03]
 [ 0.0000000e+00  0.0000000e+00  0.0000000e+00  1.0000000e+00]]
[-0209.25, +0040.72, -1099.85]
1690, 1690, 1690
[[-8.9149060e-02  9.5228982e-01 -2.9136246e-01 -1.2481000e+02]
 [ 3.6968940e-02  2.9563894e-01  9.5448102e-01  1.4919000e+02]
 [ 9.9517902e-01  7.4463540e-02 -6.1458760e-02 -1.1794500e+03]
 [ 0.0000000e+00  0.0000000e+00  0.0000000e+00  1.0000000e+00]]
[-0209.42, +0040.73, -1092.54]
1502, 1502, 1502
[[-8.9079700e-02  9.5226362e-01 -2.9084716e-01 -1.2477000e+02]
 [ 3.7071100e-02  2.9530326e-01  9.5445812e-01  1.4916000e+02]
 [ 9.9499940e-01  7.4555800e-02 -6.1382800e-02 -1.1794500e+03]
 [ 0.0000000e+00  0.0000000e+00  0.0000000e+00  1.0000000e+00]]
[-0207.43, +0040.80, -1085.35]
1314, 1314, 1314
[[-8.8427680e-02  9.5240364e-01 -2.9078484e-01 -1.2474000e+02]
 [ 3.7082760e-02  2.9514520e-01  9.5454528e-01  1.4914000e+02]
 [ 9.9511476e-01  7.3885920e-02 -6.1231120e-02 -1.1794300e+03]
 [ 0.0000000e+00  0.0000000e+00  0.0000000e+00  1.0000000e+00]]
[-0209.48, +0042.03, -1078.46]
1126, 1126, 1126
[[-8.8220200e-02  9.5256324e-01 -2.9033708e-01 -1.2468000e+02]
 [ 3.6429240e-02  2.9463166e-01  9.5473134e-01  1.4911000e+02]
 [ 9.9516092e-01  7.3907340e-02 -6.0510100e-02 -1.1794600e+03]
 [ 0.0000000e+00  0.0000000e+00  0.0000000e+00  1.0000000e+00]]
[-0209.05, +0040.65, -1071.40]
938, 938, 938
[[-8.7361860e-02  9.5301712e-01 -2.8953488e-01 -1.2457000e+02]
 [ 3.6112480e-02  2.9363022e-01  9.5513612e-01  1.4907000e+02]
 [ 9.9537328e-01  7.3126520e-02 -5.9968080e-02 -1.1794900e+03]
 [ 0.0000000e+00  0.0000000e+00  0.0000000e+00  1.0000000e+00]]
[-0210.00, +0041.01, -1064.03]
