800, 750, 750
[[-8.7680200e-02  9.8514874e-01 -1.4592898e-01 -8.0960000e+01]
 [ 3.0622180e-02  1.4933036e-01  9.8811566e-01  1.3749000e+02]
 [ 9.9542734e-01  8.2415020e-02 -4.3055400e-02 -1.1751100e+03]
 [ 0.0000000e+00  0.0000000e+00  0.0000000e+00  1.0000000e+00]]
[-0181.79, +0045.75, -1054.79]
800, 875, 875
[[-8.8095760e-02  9.8505752e-01 -1.4675276e-01 -8.1060000e+01]
 [ 2.9761360e-02  1.5003840e-01  9.8808808e-01  1.3753000e+02]
 [ 9.9548428e-01  8.2858160e-02 -4.2384400e-02 -1.1751300e+03]
 [ 0.0000000e+00  0.0000000e+00  0.0000000e+00  1.0000000e+00]]
[-0192.75, +0031.16, -1059.80]
800, 1000, 1000
[[-8.7338960e-02  9.8497464e-01 -1.4703552e-01 -8.1090000e+01]
 [ 3.0296880e-02  1.5043640e-01  9.8792704e-01  1.3757000e+02]
 [ 9.9542784e-01  8.2113920e-02 -4.2743200e-02 -1.1751300e+03]
 [ 0.0000000e+00  0.0000000e+00  0.0000000e+00  1.0000000e+00]]
[-0200.47, +0018.13, -1066.74]
800, 1125, 1125
[[-8.8207240e-02  9.8492916e-01 -1.4721140e-01 -8.1110000e+01]
 [ 3.0427800e-02  1.5060606e-01  9.8794266e-01  1.3759000e+02]
 [ 9.9540484e-01  8.2892100e-02 -4.3063540e-02 -1.1751300e+03]
 [ 0.0000000e+00  0.0000000e+00  0.0000000e+00  1.0000000e+00]]
[-0207.06, +0007.11, -1075.11]
800, 1250, 1250
[[-8.8433700e-02  9.8490560e-01 -1.4740690e-01 -8.1130000e+01]
 [ 3.0404240e-02  1.5078540e-01  9.8793632e-01  1.3759000e+02]
 [ 9.9541118e-01  8.3087600e-02 -4.3110660e-02 -1.1751400e+03]
 [ 0.0000000e+00  0.0000000e+00  0.0000000e+00  1.0000000e+00]]
[-0212.54, -0002.14, -1084.68]
800, 1375, 1375
[[-8.8281960e-02  9.8477470e-01 -1.4789494e-01 -8.1150000e+01]
 [ 3.0487940e-02  1.5134294e-01  9.8779310e-01  1.3760000e+02]
 [ 9.9535150e-01  8.2966940e-02 -4.3157860e-02 -1.1751100e+03]
 [ 0.0000000e+00  0.0000000e+00  0.0000000e+00  1.0000000e+00]]
[-0218.06, -0010.18, -1096.18]
800, 1500, 1500
[[-8.8735080e-02  9.8485944e-01 -1.4798352e-01 -8.1190000e+01]
 [ 3.0761760e-02  1.5134294e-01  9.8789254e-01  1.3761000e+02]
 [ 9.9544008e-01  8.3245660e-02 -4.3610980e-02 -1.1751200e+03]
 [ 0.0000000e+00  0.0000000e+00  0.0000000e+00  1.0000000e+00]]
[-0221.83, -0017.05, -1108.60]
800, 1625, 1625
[[-8.8205700e-02  9.8475318e-01 -1.4846186e-01 -8.1190000e+01]
 [ 3.1273940e-02  1.5191964e-01  9.8772438e-01  1.3762000e+02]
 [ 9.9539022e-01  8.2696340e-02 -4.4016900e-02 -1.1751000e+03]
 [ 0.0000000e+00  0.0000000e+00  0.0000000e+00  1.0000000e+00]]
[-0224.32, -0023.45, -1123.00]
800, 1750, 1750
[[-8.8772640e-02  9.8471604e-01 -1.4847644e-01 -8.1210000e+01]
 [ 3.0631160e-02  1.5189048e-01  9.8776152e-01  1.3765000e+02]
 [ 9.9537564e-01  8.3339120e-02 -4.3479120e-02 -1.1751200e+03]
 [ 0.0000000e+00  0.0000000e+00  0.0000000e+00  1.0000000e+00]]
[-0226.48, -0026.81, -1136.29]
800, 1875, 1875
[[-8.9226000e-02  9.8455516e-01 -1.4896188e-01 -8.1240000e+01]
 [ 3.0470280e-02  1.5242790e-01  9.8764774e-01  1.3764000e+02]
 [ 9.9529396e-01  8.3830980e-02 -4.3395060e-02 -1.1751100e+03]
 [ 0.0000000e+00  0.0000000e+00  0.0000000e+00  1.0000000e+00]]
[-0225.99, -0028.98, -1149.05]
800, 2000, 2000
[[-8.8054600e-02  9.8441410e-01 -1.5008310e-01 -8.1270000e+01]
 [ 3.0205580e-02  1.5355166e-01  9.8742270e-01  1.3770000e+02]
 [ 9.9533094e-01  8.2733580e-02 -4.2989300e-02 -1.1751500e+03]
 [ 0.0000000e+00  0.0000000e+00  0.0000000e+00  1.0000000e+00]]
[-0224.13, -0028.32, -1157.95]
800, 2125, 2125
[[-8.7379140e-02  9.8393686e-01 -1.5407414e-01 -8.1330000e+01]
 [ 2.9893460e-02  1.5742460e-01  9.8688442e-01  1.3787000e+02]
 [ 9.9547826e-01  8.1870220e-02 -4.2967300e-02 -1.1752000e+03]
 [ 0.0000000e+00  0.0000000e+00  0.0000000e+00  1.0000000e+00]]
[-0221.18, -0028.69, -1161.35]
1220, 750, 750
[[-8.5688640e-02  9.8550584e-01 -1.4446704e-01 -8.0770000e+01]
 [ 2.8833840e-02  1.4766510e-01  9.8839268e-01  1.3733000e+02]
 [ 9.9562096e-01  8.0806680e-02 -4.0835700e-02 -1.1751700e+03]
 [ 0.0000000e+00  0.0000000e+00  0.0000000e+00  1.0000000e+00]]
[-0147.42, +0088.24, -1072.88]
1220, 875, 875
[[-8.5987300e-02  9.8544222e-01 -1.4525206e-01 -8.0840000e+01]
 [ 2.8984860e-02  1.4840326e-01  9.8833878e-01  1.3740000e+02]
 [ 9.9566782e-01  8.0977140e-02 -4.1153800e-02 -1.1751700e+03]
 [ 0.0000000e+00  0.0000000e+00  0.0000000e+00  1.0000000e+00]]
[-0158.12, +0074.47, -1069.51]
1220, 1000, 1000
[[-8.6701800e-02  9.8530348e-01 -1.4550156e-01 -8.0880000e+01]
 [ 2.9616120e-02  1.4877222e-01  9.8823406e-01  1.3740000e+02]
 [ 9.9554836e-01  8.1613260e-02 -4.1878020e-02 -1.1751700e+03]
 [ 0.0000000e+00  0.0000000e+00  0.0000000e+00  1.0000000e+00]]
[-0166.61, +0061.95, -1068.78]
1220, 1125, 1125
[[-8.6701800e-02  9.8517210e-01 -1.4580390e-01 -8.0880000e+01]
 [ 2.9295420e-02  1.4913134e-01  9.8812190e-01  1.3742000e+02]
 [ 9.9547206e-01  8.1725420e-02 -4.1518900e-02 -1.1751600e+03]
 [ 0.0000000e+00  0.0000000e+00  0.0000000e+00  1.0000000e+00]]
[-0175.00, +0049.94, -1070.30]
1220, 1250, 1250
[[-8.6738560e-02  9.8529232e-01 -1.4569232e-01 -8.0910000e+01]
 [ 2.9806880e-02  1.4896152e-01  9.8821568e-01  1.3744000e+02]
 [ 9.9555952e-01  8.1594880e-02 -4.2104080e-02 -1.1751300e+03]
 [ 0.0000000e+00  0.0000000e+00  0.0000000e+00  1.0000000e+00]]
[-0182.69, +0038.95, -1073.51]
1220, 1375, 1375
[[-8.798500e-02  9.852044e-01 -1.460862e-01 -8.094000e+01]
 [ 2.930260e-02  1.492910e-01  9.882444e-01  1.374600e+02]
 [ 9.955452e-01  8.281260e-02 -4.188500e-02 -1.175160e+03]
 [ 0.000000e+00  0.000000e+00  0.000000e+00  1.000000e+00]]
[-0190.88, +0029.22, -1078.42]
1220, 1500, 1500
[[-8.7869460e-02  9.8509948e-01 -1.4634940e-01 -8.0970000e+01]
 [ 2.9992600e-02  1.4967960e-01  9.8810560e-01  1.3746000e+02]
 [ 9.9545948e-01  8.2651360e-02 -4.2516900e-02 -1.1751300e+03]
 [ 0.0000000e+00  0.0000000e+00  0.0000000e+00  1.0000000e+00]]
[-0197.89, +0019.40, -1085.06]
1220, 1625, 1625
[[-8.7490980e-02  9.8510538e-01 -1.4654738e-01 -8.0980000e+01]
 [ 3.0212980e-02  1.4987862e-01  9.8806998e-01  1.3751000e+02]
 [ 9.9548778e-01  8.2234420e-02 -4.2696360e-02 -1.1751400e+03]
 [ 0.0000000e+00  0.0000000e+00  0.0000000e+00  1.0000000e+00]]
[-0204.06, +0009.05, -1093.74]
1220, 1750, 1750
[[-8.7791680e-02  9.8498360e-01 -1.4680328e-01 -8.1000000e+01]
 [ 3.0873200e-02  1.5025694e-01  9.8794790e-01  1.3752000e+02]
 [ 9.9538472e-01  8.2471300e-02 -4.3375380e-02 -1.1751100e+03]
 [ 0.0000000e+00  0.0000000e+00  0.0000000e+00  1.0000000e+00]]
[-0210.62, +0001.96, -1103.31]
1220, 1875, 1875
[[-8.7602580e-02  9.8495858e-01 -1.4721396e-01 -8.1040000e+01]
 [ 3.0671820e-02  1.5062550e-01  9.8791324e-01  1.3753000e+02]
 [ 9.9542684e-01  8.2279560e-02 -4.3195920e-02 -1.1751100e+03]
 [ 0.0000000e+00  0.0000000e+00  0.0000000e+00  1.0000000e+00]]
[-0214.75, -0005.66, -1114.58]
1220, 2000, 2000
[[-8.8207240e-02  9.8489188e-01 -1.4762700e-01 -8.1070000e+01]
 [ 3.0012200e-02  1.5096470e-01  9.8792010e-01  1.3755000e+02]
 [ 9.9544212e-01  8.2914660e-02 -4.2704900e-02 -1.1751300e+03]
 [ 0.0000000e+00  0.0000000e+00  0.0000000e+00  1.0000000e+00]]
[-0216.88, -0011.56, -1126.54]
1220, 2125, 2125
[[-8.8432360e-02  9.8457840e-01 -1.4916732e-01 -8.1200000e+01]
 [ 3.0721320e-02  1.5263660e-01  9.8759424e-01  1.3765000e+02]
 [ 9.9534000e-01  8.3015400e-02 -4.3526600e-02 -1.1751200e+03]
 [ 0.0000000e+00  0.0000000e+00  0.0000000e+00  1.0000000e+00]]
[-0216.05, -0013.96, -1135.69]
2000, 750, 750
[[-8.7948240e-02  9.8528908e-01 -1.4506436e-01 -8.0920000e+01]
 [ 2.9943160e-02  1.4838366e-01  9.8830742e-01  1.3741000e+02]
 [ 9.9546052e-01  8.2786340e-02 -4.2376740e-02 -1.1751200e+03]
 [ 0.0000000e+00  0.0000000e+00  0.0000000e+00  1.0000000e+00]]
[-0113.63, +0122.37, -1148.72]
2000, 875, 875
[[-8.7869460e-02  9.8526812e-01 -1.4563142e-01 -8.0980000e+01]
 [ 3.0729080e-02  1.4896152e-01  9.8823988e-01  1.3749000e+02]
 [ 9.9549862e-01  8.2517080e-02 -4.3234980e-02 -1.1751200e+03]
 [ 0.0000000e+00  0.0000000e+00  0.0000000e+00  1.0000000e+00]]
[-0117.87, +0117.27, -1137.28]
2000, 1000, 1000
[[-8.7680200e-02  9.8513022e-01 -1.4613674e-01 -8.0970000e+01]
 [ 3.0414420e-02  1.4950990e-01  9.8810454e-01  1.3747000e+02]
 [ 9.9544586e-01  8.2426140e-02 -4.2875860e-02 -1.1751000e+03]
 [ 0.0000000e+00  0.0000000e+00  0.0000000e+00  1.0000000e+00]]
[-0122.60, +0111.95, -1127.48]
2000, 1125, 1125
[[-8.8396420e-02  9.8508594e-01 -1.4649826e-01 -8.1060000e+01]
 [ 3.0950340e-02  1.4987862e-01  9.8808942e-01  1.3743000e+02]
 [ 9.9543866e-01  8.2971780e-02 -4.3601800e-02 -1.1751200e+03]
 [ 0.0000000e+00  0.0000000e+00  0.0000000e+00  1.0000000e+00]]
[-0127.85, +0105.34, -1118.60]
2000, 1250, 1250
[[-8.7754440e-02  9.8510794e-01 -1.4651806e-01 -8.1020000e+01]
 [ 3.0795740e-02  1.4988830e-01  9.8806742e-01  1.3755000e+02]
 [ 9.9546814e-01  8.2389020e-02 -4.3328500e-02 -1.1751000e+03]
 [ 0.0000000e+00  0.0000000e+00  0.0000000e+00  1.0000000e+00]]
[-0133.60, +0097.93, -1111.51]
2000, 1375, 1375
[[-8.7906500e-02  9.8508828e-01 -1.4654004e-01 -8.1050000e+01]
 [ 3.0183240e-02  1.4986886e-01  9.8808708e-01  1.3752000e+02]
 [ 9.9547068e-01  8.2632840e-02 -4.2743200e-02 -1.1751100e+03]
 [ 0.0000000e+00  0.0000000e+00  0.0000000e+00  1.0000000e+00]]
[-0141.13, +0090.54, -1105.78]
2000, 1500, 1500
[[-8.8433700e-02  9.8496158e-01 -1.4678344e-01 -8.1080000e+01]
 [ 3.1027700e-02  1.5024726e-01  9.8796992e-01  1.3755000e+02]
 [ 9.9535520e-01  8.3054000e-02 -4.3648800e-02 -1.1751000e+03]
 [ 0.0000000e+00  0.0000000e+00  0.0000000e+00  1.0000000e+00]]
[-0147.99, +0081.36, -1101.42]
2000, 1625, 1625
[[-8.7677380e-02  9.8497362e-01 -1.4717980e-01 -8.1100000e+01]
 [ 3.1468620e-02  1.5064462e-01  9.8789820e-01  1.3755000e+02]
 [ 9.9541180e-01  8.2219800e-02 -4.4007760e-02 -1.1750600e+03]
 [ 0.0000000e+00  0.0000000e+00  0.0000000e+00  1.0000000e+00]]
[-0156.79, +0073.07, -1099.06]
2000, 1750, 1750
[[-8.8471060e-02  9.8491304e-01 -1.4738966e-01 -8.1110000e+01]
 [ 3.0802640e-02  1.5079520e-01  9.8792888e-01  1.3757000e+02]
 [ 9.9540374e-01  8.3057680e-02 -4.3516500e-02 -1.1751000e+03]
 [ 0.0000000e+00  0.0000000e+00  0.0000000e+00  1.0000000e+00]]
[-0164.77, +0062.96, -1098.21]
2000, 1875, 1875
[[-8.8810280e-02  9.8468556e-01 -1.4772228e-01 -8.1160000e+01]
 [ 3.1747560e-02  1.5136238e-01  9.8769806e-01  1.3758000e+02]
 [ 9.9519828e-01  8.3364940e-02 -4.4422900e-02 -1.1750500e+03]
 [ 0.0000000e+00  0.0000000e+00  0.0000000e+00  1.0000000e+00]]
[-0172.01, +0052.60, -1099.36]
2000, 2000, 2000
[[-8.8735080e-02  9.8476490e-01 -1.4787022e-01 -8.1150000e+01]
 [ 3.0856300e-02  1.5134294e-01  9.8780290e-01  1.3763000e+02]
 [ 9.9532678e-01  8.3335300e-02 -4.3610980e-02 -1.1750600e+03]
 [ 0.0000000e+00  0.0000000e+00  0.0000000e+00  1.0000000e+00]]
[-0179.26, +0043.16, -1102.30]
2000, 2125, 2125
[[-8.9490500e-02  9.8472780e-01 -1.4821380e-01 -8.1200000e+01]
 [ 3.1789800e-02  1.5172102e-01  9.8777988e-01  1.3763000e+02]
 [ 9.9531180e-01  8.3850120e-02 -4.4744480e-02 -1.1750600e+03]
 [ 0.0000000e+00  0.0000000e+00  0.0000000e+00  1.0000000e+00]]
[-0185.19, +0033.70, -1106.95]
2000, 2000, 2000
[[-8.8622880e-02  9.8489328e-01 -1.4741184e-01 -8.1110000e+01]
 [ 3.0190080e-02  1.5077552e-01  9.8794864e-01  1.3758000e+02]
 [ 9.9540624e-01  8.3301760e-02 -4.2931360e-02 -1.1751300e+03]
 [ 0.0000000e+00  0.0000000e+00  0.0000000e+00  1.0000000e+00]]
[-0176.13, +0046.61, -1101.98]
1875, 1875, 2000
[[-8.8132840e-02  9.8493308e-01 -1.4703800e-01 -8.1070000e+01]
 [ 2.9838800e-02  1.5040700e-01  9.8796860e-01  1.3753000e+02]
 [ 9.9540092e-01  8.2940560e-02 -4.2431400e-02 -1.1751000e+03]
 [ 0.0000000e+00  0.0000000e+00  0.0000000e+00  1.0000000e+00]]
[-0190.72, +0045.44, -1100.69]
1750, 1750, 2000
[[-8.7602580e-02  9.8501456e-01 -1.4659074e-01 -8.1150000e+01]
 [ 3.1295040e-02  1.5008700e-01  9.8794672e-01  1.3751000e+02]
 [ 9.9537086e-01  8.2246080e-02 -4.3734420e-02 -1.1750600e+03]
 [ 0.0000000e+00  0.0000000e+00  0.0000000e+00  1.0000000e+00]]
[-0203.70, +0044.43, -1101.32]
1625, 1625, 2000
[[-8.7565300e-02  9.8496980e-01 -1.4702330e-01 -8.0970000e+01]
 [ 3.0481160e-02  1.5043640e-01  9.8793188e-01  1.3744000e+02]
 [ 9.9541562e-01  8.2298200e-02 -4.2969540e-02 -1.1750900e+03]
 [ 0.0000000e+00  0.0000000e+00  0.0000000e+00  1.0000000e+00]]
[-0214.20, +0044.88, -1103.27]
1500, 1500, 2000
[[-8.7906500e-02  9.8508828e-01 -1.4654004e-01 -8.1040000e+01]
 [ 3.0183240e-02  1.4986886e-01  9.8808708e-01  1.3749000e+02]
 [ 9.9547068e-01  8.2632840e-02 -4.2743200e-02 -1.1750800e+03]
 [ 0.0000000e+00  0.0000000e+00  0.0000000e+00  1.0000000e+00]]
[-0224.42, +0046.14, -1106.67]
1375, 1375, 2000
[[-8.7565300e-02  9.8512022e-01 -1.4651326e-01 -8.1030000e+01]
 [ 3.1009820e-02  1.4989790e-01  9.8805514e-01  1.3746000e+02]
 [ 9.9547294e-01  8.2174940e-02 -4.3508040e-02 -1.1750600e+03]
 [ 0.0000000e+00  0.0000000e+00  0.0000000e+00  1.0000000e+00]]
[-0234.50, +0046.95, -1111.79]
1250, 1250, 2000
[[-8.7680200e-02  9.8499856e-01 -1.4643912e-01 -8.1030000e+01]
 [ 3.0093520e-02  1.4986886e-01  9.8799246e-01  1.3751000e+02]
 [ 9.9536976e-01  8.2538220e-02 -4.2516900e-02 -1.1750700e+03]
 [ 0.0000000e+00  0.0000000e+00  0.0000000e+00  1.0000000e+00]]
[-0245.42, +0048.74, -1120.67]
1125, 1125, 2000
[[-8.8058760e-02  9.8499260e-01 -1.4624120e-01 -8.1020000e+01]
 [ 2.9873200e-02  1.4966972e-01  9.8802812e-01  1.3744000e+02]
 [ 9.9534140e-01  8.2955120e-02 -4.2337480e-02 -1.1750800e+03]
 [ 0.0000000e+00  0.0000000e+00  0.0000000e+00  1.0000000e+00]]
[-0254.13, +0048.86, -1129.81]
1000, 1000, 2000
[[-8.7832500e-02  9.8522380e-01 -1.4606410e-01 -8.0950000e+01]
 [ 2.9915080e-02  1.4931084e-01  9.8822500e-01  1.3743000e+02]
 [ 9.9554294e-01  8.2568920e-02 -4.2470100e-02 -1.1750900e+03]
 [ 0.0000000e+00  0.0000000e+00  0.0000000e+00  1.0000000e+00]]
[-0261.43, +0049.82, -1140.28]
875, 875, 2000
[[-8.7643200e-02  9.8514136e-01 -1.4594608e-01 -8.0920000e+01]
 [ 3.0223760e-02  1.4932064e-01  9.8812304e-01  1.3738000e+02]
 [ 9.9543472e-01  8.2444640e-02 -4.2649600e-02 -1.1750800e+03]
 [ 0.0000000e+00  0.0000000e+00  0.0000000e+00  1.0000000e+00]]
[-0267.05, +0050.68, -1151.59]
750, 750, 2000
[[-8.6927860e-02  9.8520396e-01 -1.4537644e-01 -8.0870000e+01]
 [ 2.9895240e-02  1.4877222e-01  9.8814912e-01  1.3731000e+02]
 [ 9.9542324e-01  8.1887520e-02 -4.2104080e-02 -1.1751000e+03]
 [ 0.0000000e+00  0.0000000e+00  0.0000000e+00  1.0000000e+00]]
[-0270.57, +0051.85, -1160.86]
2125, 2125, 1220
[[-8.8470160e-02  9.8492616e-01 -1.4771440e-01 -8.1090000e+01]
 [ 3.2593200e-02  1.5121144e-01  9.8785584e-01  1.3774000e+02]
 [ 9.9540784e-01  8.2716000e-02 -4.5367360e-02 -1.1751200e+03]
 [ 0.0000000e+00  0.0000000e+00  0.0000000e+00  1.0000000e+00]]
[-0111.51, +0034.27, -1120.71]
2000, 2000, 1220
[[-8.8058760e-02  9.8514270e-01 -1.4573094e-01 -8.0970000e+01]
 [ 3.0401940e-02  1.4913134e-01  9.8815130e-01  1.3751000e+02]
 [ 9.9539910e-01  8.2831940e-02 -4.2875860e-02 -1.1751200e+03]
 [ 0.0000000e+00  0.0000000e+00  0.0000000e+00  1.0000000e+00]]
[-0116.14, +0035.62, -1112.25]
1875, 1875, 1220
[[-8.7453940e-02  9.8517208e-01 -1.4573348e-01 -8.0950000e+01]
 [ 3.0645520e-02  1.4915078e-01  9.8812192e-01  1.3748000e+02]
 [ 9.9542108e-01  8.2219520e-02 -4.3008720e-02 -1.1751000e+03]
 [ 0.0000000e+00  0.0000000e+00  0.0000000e+00  1.0000000e+00]]
[-0125.04, +0035.81, -1102.65]
1750, 1750, 1220
[[-8.7717280e-02  9.8519332e-01 -1.4549636e-01 -8.0940000e+01]
 [ 3.1436120e-02  1.4898072e-01  9.8813024e-01  1.3749000e+02]
 [ 9.9538276e-01  8.2363360e-02 -4.3820560e-02 -1.1750600e+03]
 [ 0.0000000e+00  0.0000000e+00  0.0000000e+00  1.0000000e+00]]
[-0133.97, +0036.35, -1093.94]
1625, 1625, 1220
[[-8.7795620e-02  9.8515872e-01 -1.4555256e-01 -8.0950000e+01]
 [ 3.0026880e-02  1.4894200e-01  9.8816484e-01  1.3745000e+02]
 [ 9.9540024e-01  8.2665960e-02 -4.2423380e-02 -1.1751300e+03]
 [ 0.0000000e+00  0.0000000e+00  0.0000000e+00  1.0000000e+00]]
[-0143.26, +0037.03, -1086.86]
1500, 1500, 1220
[[-8.6964660e-02  9.8532432e-01 -1.4526482e-01 -8.0850000e+01]
 [ 3.0406720e-02  1.4860224e-01  9.8824272e-01  1.3747000e+02]
 [ 9.9551058e-01  8.1757120e-02 -4.2689460e-02 -1.1750400e+03]
 [ 0.0000000e+00  0.0000000e+00  0.0000000e+00  1.0000000e+00]]
[-0153.62, +0038.19, -1080.85]
1375, 1375, 1220
[[-8.6665120e-02  9.8533296e-01 -1.4510312e-01 -8.0900000e+01]
 [ 2.9633040e-02  1.4840326e-01  9.8826354e-01  1.3744000e+02]
 [ 9.9551888e-01  8.1620460e-02 -4.1831620e-02 -1.1751300e+03]
 [ 0.0000000e+00  0.0000000e+00  0.0000000e+00  1.0000000e+00]]
[-0165.48, +0039.58, -1076.43]
1250, 1250, 1220
[[-8.7080520e-02  9.8523962e-01 -1.4477518e-01 -8.0900000e+01]
 [ 2.9906020e-02  1.4821388e-01  9.8820178e-01  1.3749000e+02]
 [ 9.9537058e-01  8.2097620e-02 -4.2057640e-02 -1.1751300e+03]
 [ 0.0000000e+00  0.0000000e+00  0.0000000e+00  1.0000000e+00]]
[-0179.38, +0041.38, -1072.90]
1125, 1125, 1220
[[-8.7306580e-02  9.8544248e-01 -1.4478136e-01 -8.0920000e+01]
 [ 3.0108880e-02  1.4803422e-01  9.8839736e-01  1.3741000e+02]
 [ 9.9556616e-01  8.2091440e-02 -4.2463360e-02 -1.1751100e+03]
 [ 0.0000000e+00  0.0000000e+00  0.0000000e+00  1.0000000e+00]]
[-0193.59, +0041.62, -1071.73]
1000, 1000, 1220
[[-8.6891140e-02  9.8536478e-01 -1.4467564e-01 -8.0860000e+01]
 [ 3.0232940e-02  1.4804390e-01  9.8829052e-01  1.3736000e+02]
 [ 9.9547012e-01  8.1782840e-02 -4.2417000e-02 -1.1751100e+03]
 [ 0.0000000e+00  0.0000000e+00  0.0000000e+00  1.0000000e+00]]
[-0209.13, +0043.86, -1072.72]
875, 875, 1220
[[-8.7160500e-02  9.8537368e-01 -1.4411326e-01 -8.0820000e+01]
 [ 2.9233040e-02  1.4745596e-01  9.8836952e-01  1.3736000e+02]
 [ 9.9542722e-01  8.2265360e-02 -4.1379700e-02 -1.1751600e+03]
 [ 0.0000000e+00  0.0000000e+00  0.0000000e+00  1.0000000e+00]]
[-0224.18, +0045.33, -1076.11]
750, 750, 1220
[[-8.6329700e-02  9.8552052e-01 -1.4403276e-01 -8.0750000e+01]
 [ 2.9404440e-02  1.4729590e-01  9.8843652e-01  1.3730000e+02]
 [ 9.9555588e-01  8.1367560e-02 -4.1467040e-02 -1.1751500e+03]
 [ 0.0000000e+00  0.0000000e+00  0.0000000e+00  1.0000000e+00]]
[-0238.45, +0047.18, -1081.65]
2125, 2125, 800
[[-8.6979700e-02  9.8588042e-01 -1.4278024e-01 -8.0820000e+01]
 [ 2.8730980e-02  1.4578878e-01  9.8886344e-01  1.3727000e+02]
 [ 9.9575144e-01  8.1952240e-02 -4.0969480e-02 -1.1751400e+03]
 [ 0.0000000e+00  0.0000000e+00  0.0000000e+00  1.0000000e+00]]
[-0098.79, +0027.81, -1124.79]
2000, 2000, 800
[[-8.8211220e-02  9.8542044e-01 -1.4358018e-01 -8.0940000e+01]
 [ 3.1980840e-02  1.4713532e-01  9.8838116e-01  1.3746000e+02]
 [ 9.9531198e-01  8.2865240e-02 -4.4266900e-02 -1.1750900e+03]
 [ 0.0000000e+00  0.0000000e+00  0.0000000e+00  1.0000000e+00]]
[-0091.40, +0032.43, -1138.74]
1875, 1875, 800
[[-8.7549160e-02  9.8589290e-01 -1.4102010e-01 -8.0860000e+01]
 [ 2.9847100e-02  1.4431982e-01  9.8889642e-01  1.3714000e+02]
 [ 9.9548010e-01  8.2596420e-02 -4.1868980e-02 -1.1750800e+03]
 [ 0.0000000e+00  0.0000000e+00  0.0000000e+00  1.0000000e+00]]
[-0095.42, +0032.07, -1127.47]
1750, 1750, 800
[[-8.7929000e-02  9.8599932e-01 -1.4072724e-01 -8.0840000e+01]
 [ 2.9740680e-02  1.4393998e-01  9.8903214e-01  1.3712000e+02]
 [ 9.9554724e-01  8.2912140e-02 -4.1868980e-02 -1.1750500e+03]
 [ 0.0000000e+00  0.0000000e+00  0.0000000e+00  1.0000000e+00]]
[-0099.75, +0032.67, -1115.76]
1625, 1625, 800
[[-8.7703300e-02  9.8589146e-01 -1.4083438e-01 -8.0840000e+01]
 [ 2.9442860e-02  1.4411996e-01  9.8892646e-01  1.3711000e+02]
 [ 9.9546442e-01  8.2827860e-02 -4.1463300e-02 -1.1750700e+03]
 [ 0.0000000e+00  0.0000000e+00  0.0000000e+00  1.0000000e+00]]
[-0105.09, +0032.73, -1104.58]
1500, 1500, 800
[[-8.8273360e-02  9.8598568e-01 -1.4054664e-01 -8.0850000e+01]
 [ 2.9122960e-02  1.4372984e-01  9.8907432e-01  1.3713000e+02]
 [ 9.9552648e-01  8.3357040e-02 -4.1283360e-02 -1.1750800e+03]
 [ 0.0000000e+00  0.0000000e+00  0.0000000e+00  1.0000000e+00]]
[-0112.03, +0033.60, -1094.28]
1375, 1375, 800
[[-8.7822080e-02  9.8601360e-01 -1.4036304e-01 -8.0790000e+01]
 [ 2.8960800e-02  1.4354990e-01  9.8907490e-01  1.3712000e+02]
 [ 9.9553296e-01  8.2976300e-02 -4.1012020e-02 -1.1750300e+03]
 [ 0.0000000e+00  0.0000000e+00  0.0000000e+00  1.0000000e+00]]
[-0120.92, +0034.61, -1084.48]
1250, 1250, 800
[[-8.7596500e-02  9.8603640e-01 -1.4016730e-01 -8.0810000e+01]
 [ 2.8983600e-02  1.4336992e-01  9.8908056e-01  1.3706000e+02]
 [ 9.9552730e-01  8.2780560e-02 -4.0966420e-02 -1.1750300e+03]
 [ 0.0000000e+00  0.0000000e+00  0.0000000e+00  1.0000000e+00]]
[-0132.47, +0035.91, -1075.23]
1125, 1125, 800
[[-8.7561060e-02  9.8604710e-01 -1.3997660e-01 -8.0800000e+01]
 [ 2.8792900e-02  1.4317982e-01  9.8909828e-01  1.3703000e+02]
 [ 9.9551660e-01  8.2798280e-02 -4.0740880e-02 -1.1750500e+03]
 [ 0.0000000e+00  0.0000000e+00  0.0000000e+00  1.0000000e+00]]
[-0145.45, +0036.81, -1067.73]
1000, 1000, 800
[[-8.7145460e-02  9.8619462e-01 -1.3968078e-01 -8.0780000e+01]
 [ 2.9141820e-02  1.4282974e-01  9.8919258e-01  1.3699000e+02]
 [ 9.9561102e-01  8.2288380e-02 -4.1055560e-02 -1.1750500e+03]
 [ 0.0000000e+00  0.0000000e+00  0.0000000e+00  1.0000000e+00]]
[-0160.90, +0038.69, -1061.72]
875, 875, 800
[[-8.7490420e-02  9.8619884e-01 -1.3929228e-01 -8.0700000e+01]
 [ 2.8732040e-02  1.4243942e-01  9.8924496e-01  1.3695000e+02]
 [ 9.9557268e-01  8.2722240e-02 -4.0650000e-02 -1.1750700e+03]
 [ 0.0000000e+00  0.0000000e+00  0.0000000e+00  1.0000000e+00]]
[-0176.96, +0040.02, -1057.67]
750, 800, 800
[[-8.7715880e-02  9.8632416e-01 -1.3897728e-01 -8.0700000e+01]
 [ 2.9237760e-02  1.4207918e-01  9.8936126e-01  1.3695000e+02]
 [ 9.9563808e-01  8.2796140e-02 -4.1235700e-02 -1.1750300e+03]
 [ 0.0000000e+00  0.0000000e+00  0.0000000e+00  1.0000000e+00]]
[-0190.39, +0035.83, -1056.48]
875, 800, 800
[[-8.7870900e-02  9.8630506e-01 -1.3899948e-01 -8.0700000e+01]
 [ 2.8625820e-02  1.4205894e-01  9.8938036e-01  1.3699000e+02]
 [ 9.9564004e-01  8.3037720e-02 -4.0650000e-02 -1.1750500e+03]
 [ 0.0000000e+00  0.0000000e+00  0.0000000e+00  1.0000000e+00]]
[-0178.59, +0051.17, -1057.29]
1000, 800, 800
[[-8.7490420e-02  9.8610374e-01 -1.3917956e-01 -8.0740000e+01]
 [ 2.8827140e-02  1.4243942e-01  9.8915492e-01  1.3697000e+02]
 [ 9.9545996e-01  8.2812280e-02 -4.0650000e-02 -1.1750400e+03]
 [ 0.0000000e+00  0.0000000e+00  0.0000000e+00  1.0000000e+00]]
[-0168.74, +0063.61, -1060.46]
1125, 800, 800
[[-8.7525700e-02  9.8609312e-01 -1.3937026e-01 -8.0750000e+01]
 [ 2.9017840e-02  1.4262960e-01  9.8913728e-01  1.3699000e+02]
 [ 9.9547058e-01  8.2794640e-02 -4.0875460e-02 -1.1750200e+03]
 [ 0.0000000e+00  0.0000000e+00  0.0000000e+00  1.0000000e+00]]
[-0159.18, +0075.41, -1065.97]
1250, 800, 800
[[-8.7906100e-02  9.8595622e-01 -1.3947554e-01 -8.0800000e+01]
 [ 2.8478300e-02  1.4278926e-01  9.8906078e-01  1.3697000e+02]
 [ 9.9536530e-01  8.3322100e-02 -4.0335400e-02 -1.1750800e+03]
 [ 0.0000000e+00  0.0000000e+00  0.0000000e+00  1.0000000e+00]]
[-0150.58, +0085.70, -1073.16]
1375, 800, 800
[[-8.8286660e-02  9.8621028e-01 -1.3867188e-01 -8.0770000e+01]
 [ 2.8900680e-02  1.4186864e-01  9.8931812e-01  1.3714000e+02]
 [ 9.9549252e-01  8.3515720e-02 -4.0875460e-02 -1.1750500e+03]
 [ 0.0000000e+00  0.0000000e+00  0.0000000e+00  1.0000000e+00]]
[-0142.01, +0096.16, -1082.74]
1500, 800, 800
[[-8.7751200e-02  9.8620084e-01 -1.3926308e-01 -8.0790000e+01]
 [ 2.9315720e-02  1.4244950e-01  9.8924296e-01  1.3702000e+02]
 [ 9.9555356e-01  8.2879120e-02 -4.1281060e-02 -1.1750300e+03]
 [ 0.0000000e+00  0.0000000e+00  0.0000000e+00  1.0000000e+00]]
[-0134.56, +0104.12, -1093.46]
1625, 800, 800
[[-8.8047700e-02  9.8594906e-01 -1.3982238e-01 -8.0840000e+01]
 [ 2.9656580e-02  1.4318990e-01  9.8901126e-01  1.3702000e+02]
 [ 9.9537246e-01  8.3230020e-02 -4.1597640e-02 -1.1750200e+03]
 [ 0.0000000e+00  0.0000000e+00  0.0000000e+00  1.0000000e+00]]
[-0128.31, +0110.68, -1104.92]
1750, 800, 800
[[-8.7893280e-02  9.8596852e-01 -1.3980020e-01 -8.0830000e+01]
 [ 3.0268520e-02  1.4320982e-01  9.8899180e-01  1.3702000e+02]
 [ 9.9537020e-01  8.2988200e-02 -4.2183460e-02 -1.1749900e+03]
 [ 0.0000000e+00  0.0000000e+00  0.0000000e+00  1.0000000e+00]]
[-0123.05, +0115.62, -1117.39]
1875, 800, 800
[[-8.7893280e-02  9.8608136e-01 -1.3970520e-01 -8.0860000e+01]
 [ 3.0381360e-02  1.4302968e-01  9.8909240e-01  1.3706000e+02]
 [ 9.9546520e-01  8.2887600e-02 -4.2363600e-02 -1.1749900e+03]
 [ 0.0000000e+00  0.0000000e+00  0.0000000e+00  1.0000000e+00]]
[-0118.78, +0119.15, -1130.91]
2000, 800, 800
[[-8.9295220e-02  9.8600992e-01 -1.3970574e-01 -8.1030000e+01]
 [ 2.9684320e-02  1.4297948e-01  9.8916384e-01  1.3710000e+02]
 [ 9.9541554e-01  8.4324960e-02 -4.1914740e-02 -1.1750900e+03]
 [ 0.0000000e+00  0.0000000e+00  0.0000000e+00  1.0000000e+00]]
[-0116.12, +0120.70, -1144.16]
2125, 800, 800
[[-8.9366500e-02  9.8591156e-01 -1.3976592e-01 -8.1030000e+01]
 [ 3.0368440e-02  1.4317982e-01  9.8904876e-01  1.3715000e+02]
 [ 9.9530592e-01  8.4368760e-02 -4.2546320e-02 -1.1750600e+03]
 [ 0.0000000e+00  0.0000000e+00  0.0000000e+00  1.0000000e+00]]
[-0115.28, +0119.70, -1155.11]
750, 1220, 1220
[[-8.8463460e-02  9.8593180e-01 -1.3981520e-01 -8.0960000e+01]
 [ 2.9628200e-02  1.4317982e-01  9.8902852e-01  1.3701000e+02]
 [ 9.9535520e-01  8.3628520e-02 -4.1643280e-02 -1.1750800e+03]
 [ 0.0000000e+00  0.0000000e+00  0.0000000e+00  1.0000000e+00]]
[-0214.71, -0004.08, -1084.81]
875, 1220, 1220
[[-8.7406440e-02  9.8597122e-01 -1.3984170e-01 -8.0840000e+01]
 [ 2.9499900e-02  1.4319990e-01  9.8898910e-01  1.3703000e+02]
 [ 9.9540178e-01  8.2646460e-02 -4.1326500e-02 -1.1750300e+03]
 [ 0.0000000e+00  0.0000000e+00  0.0000000e+00  1.0000000e+00]]
[-0205.99, +0008.79, -1078.03]
1000, 1220, 1220
[[-8.8012180e-02  9.8594192e-01 -1.3983960e-01 -8.0830000e+01]
 [ 2.9258080e-02  1.4317982e-01  9.8901840e-01  1.3706000e+02]
 [ 9.9537960e-01  8.3258400e-02 -4.1192000e-02 -1.1750300e+03]
 [ 0.0000000e+00  0.0000000e+00  0.0000000e+00  1.0000000e+00]]
[-0196.97, +0020.80, -1074.02]
1125, 1220, 1220
[[-8.8083300e-02  9.8593846e-01 -1.4001302e-01 -8.0860000e+01]
 [ 2.9847220e-02  1.4337996e-01  9.8899346e-01  1.3706000e+02]
 [ 9.9538306e-01  8.3212220e-02 -4.1823300e-02 -1.1750100e+03]
 [ 0.0000000e+00  0.0000000e+00  0.0000000e+00  1.0000000e+00]]
[-0187.81, +0033.30, -1072.35]
1250, 1220, 1220
[[-8.8237800e-02  9.8590134e-01 -1.4024318e-01 -8.0860000e+01]
 [ 2.9027380e-02  1.4353974e-01  9.8900214e-01  1.3697000e+02]
 [ 9.9540294e-01  8.3464780e-02 -4.1057700e-02 -1.1750400e+03]
 [ 0.0000000e+00  0.0000000e+00  0.0000000e+00  1.0000000e+00]]
[-0179.13, +0044.51, -1072.83]
1375, 1220, 1220
[[-8.8083300e-02  9.8582562e-01 -1.4010804e-01 -8.0850000e+01]
 [ 2.9734380e-02  1.4355998e-01  9.8889284e-01  1.3706000e+02]
 [ 9.9528804e-01  8.3312840e-02 -4.1643280e-02 -1.1750600e+03]
 [ 0.0000000e+00  0.0000000e+00  0.0000000e+00  1.0000000e+00]]
[-0169.69, +0056.65, -1075.47]
1500, 1220, 1220
[[-8.8499060e-02  9.8590338e-01 -1.4021370e-01 -8.0920000e+01]
 [ 2.9610900e-02  1.4354990e-01  9.8900010e-01  1.3706000e+02]
 [ 9.9538362e-01  8.3621340e-02 -4.1689000e-02 -1.1750300e+03]
 [ 0.0000000e+00  0.0000000e+00  0.0000000e+00  1.0000000e+00]]
[-0161.19, +0066.73, -1079.63]
1625, 1220, 1220
[[-8.8534740e-02  9.8579772e-01 -1.4029142e-01 -8.0930000e+01]
 [ 2.9896520e-02  1.4373996e-01  9.8889228e-01  1.3709000e+02]
 [ 9.9528138e-01  8.3693480e-02 -4.1914740e-02 -1.1750300e+03]
 [ 0.0000000e+00  0.0000000e+00  0.0000000e+00  1.0000000e+00]]
[-0153.03, +0076.58, -1085.67]
1750, 1220, 1220
[[-8.8950580e-02  9.8576250e-01 -1.4049212e-01 -8.0970000e+01]
 [ 2.9660100e-02  1.4390974e-01  9.8889900e-01  1.3709000e+02]
 [ 9.9528188e-01  8.4102600e-02 -4.1780680e-02 -1.1750200e+03]
 [ 0.0000000e+00  0.0000000e+00  0.0000000e+00  1.0000000e+00]]
[-0145.67, +0085.07, -1093.01]
1875, 1220, 1220
[[-8.8796320e-02  9.8578208e-01 -1.4046968e-01 -8.0940000e+01]
 [ 3.0272080e-02  1.4392998e-01  9.8887942e-01  1.3714000e+02]
 [ 9.9527968e-01  8.3860580e-02 -4.2366340e-02 -1.1749800e+03]
 [ 0.0000000e+00  0.0000000e+00  0.0000000e+00  1.0000000e+00]]
[-0138.35, +0093.22, -1102.54]
2000, 1220, 1220
[[-8.9284040e-02  9.8585646e-01 -1.4074842e-01 -8.0980000e+01]
 [ 3.0737580e-02  1.4411996e-01  9.8896146e-01  1.3710000e+02]
 [ 9.9537846e-01  8.4122580e-02 -4.3044040e-02 -1.1750100e+03]
 [ 0.0000000e+00  0.0000000e+00  0.0000000e+00  1.0000000e+00]]
[-0132.01, +0099.93, -1113.36]
2125, 1220, 1220
[[-8.9700000e-02  9.8572600e-01 -1.4083600e-01 -8.1010000e+01]
 [ 3.0596000e-02  1.4428982e-01  9.8887838e-01  1.3716000e+02]
 [ 9.9526600e-01  8.4621620e-02 -4.2910180e-02 -1.1749900e+03]
 [ 0.0000000e+00  0.0000000e+00  0.0000000e+00  1.0000000e+00]]
[-0128.38, +0103.68, -1123.04]
750, 2000, 2000
[[-8.6302720e-02  9.8585424e-01 -1.4208016e-01 -8.0850000e+01]
 [ 2.8894560e-02  1.4524920e-01  9.8879148e-01  1.3716000e+02]
 [ 9.9562064e-01  8.1454920e-02 -4.0832080e-02 -1.1750600e+03]
 [ 0.0000000e+00  0.0000000e+00  0.0000000e+00  1.0000000e+00]]
[-0224.98, -0028.40, -1158.63]
875, 2000, 2000
[[-8.7549160e-02  9.8585706e-01 -1.4143570e-01 -8.0880000e+01]
 [ 2.9431500e-02  1.4467974e-01  9.8887494e-01  1.3714000e+02]
 [ 9.9551594e-01  8.2617900e-02 -4.1509060e-02 -1.1750700e+03]
 [ 0.0000000e+00  0.0000000e+00  0.0000000e+00  1.0000000e+00]]
[-0223.90, -0024.71, -1150.79]
1000, 2000, 2000
[[-8.7133600e-02  9.8589204e-01 -1.4123508e-01 -8.0840000e+01]
 [ 2.9667960e-02  1.4450968e-01  9.8886864e-01  1.3711000e+02]
 [ 9.9551508e-01  8.2208640e-02 -4.1643280e-02 -1.1750500e+03]
 [ 0.0000000e+00  0.0000000e+00  0.0000000e+00  1.0000000e+00]]
[-0222.06, -0020.37, -1141.21]
1125, 2000, 2000
[[-8.7477640e-02  9.8600928e-01 -1.4075152e-01 -8.0840000e+01]
 [ 2.9370720e-02  1.4393998e-01  9.8902218e-01  1.3710000e+02]
 [ 9.9557152e-01  8.2542180e-02 -4.1417620e-02 -1.1750800e+03]
 [ 0.0000000e+00  0.0000000e+00  0.0000000e+00  1.0000000e+00]]
[-0219.06, -0014.40, -1131.60]
1250, 2000, 2000
[[-8.6872180e-02  9.8600266e-01 -1.4116920e-01 -8.0840000e+01]
 [ 2.9197340e-02  1.4431982e-01  9.8897160e-01  1.3710000e+02]
 [ 9.9562920e-01  8.1951600e-02 -4.1192000e-02 -1.1750700e+03]
 [ 0.0000000e+00  0.0000000e+00  0.0000000e+00  1.0000000e+00]]
[-0215.11, -0007.17, -1122.86]
1375, 2000, 2000
[[-8.7323460e-02  9.8601068e-01 -1.4093730e-01 -8.0840000e+01]
 [ 2.9775000e-02  1.4413980e-01  9.8899220e-01  1.3712000e+02]
 [ 9.9558718e-01  8.2310760e-02 -4.1823300e-02 -1.1750500e+03]
 [ 0.0000000e+00  0.0000000e+00  0.0000000e+00  1.0000000e+00]]
[-0210.03, +0001.42, -1114.99]
1500, 2000, 2000
[[-8.7431220e-02  9.8580684e-01 -1.4107594e-01 -8.0890000e+01]
 [ 3.0744760e-02  1.4452920e-01  9.8876892e-01  1.3712000e+02]
 [ 9.9537546e-01  8.2426280e-02 -4.2680580e-02 -1.1750200e+03]
 [ 0.0000000e+00  0.0000000e+00  0.0000000e+00  1.0000000e+00]]
[-0204.57, +0011.54, -1108.72]
1625, 2000, 2000
[[-8.7657040e-02  9.8580200e-01 -1.4106368e-01 -8.0880000e+01]
 [ 3.0929680e-02  1.4452920e-01  9.8877376e-01  1.3714000e+02]
 [ 9.9536320e-01  8.2611200e-02 -4.2906400e-02 -1.1750100e+03]
 [ 0.0000000e+00  0.0000000e+00  0.0000000e+00  1.0000000e+00]]
[-0198.49, +0020.61, -1104.73]
1750, 2000, 2000
[[-8.7395220e-02  9.8593034e-01 -1.4079034e-01 -8.0870000e+01]
 [ 3.0666940e-02  1.4415932e-01  9.8888758e-01  1.3716000e+02]
 [ 9.9545974e-01  8.2343620e-02 -4.2634900e-02 -1.1750300e+03]
 [ 0.0000000e+00  0.0000000e+00  0.0000000e+00  1.0000000e+00]]
[-0188.86, +0028.73, -1101.63]
1875, 2000, 2000
[[-8.7657040e-02  9.8587884e-01 -1.4138440e-01 -8.0900000e+01]
 [ 3.0627000e-02  1.4470926e-01  9.8885316e-01  1.3715000e+02]
 [ 9.9549416e-01  8.2531800e-02 -4.2726340e-02 -1.1750300e+03]
 [ 0.0000000e+00  0.0000000e+00  0.0000000e+00  1.0000000e+00]]
[-0182.30, +0038.17, -1101.18]
2000, 2000, 2000
[[-8.8036640e-02  9.8585436e-01 -1.4139420e-01 -8.0910000e+01]
 [ 3.0199800e-02  1.4468966e-01  9.8887764e-01  1.3718000e+02]
 [ 9.9548436e-01  8.2959000e-02 -4.2366340e-02 -1.1750300e+03]
 [ 0.0000000e+00  0.0000000e+00  0.0000000e+00  1.0000000e+00]]
[-0177.54, +0047.27, -1102.48]
2125, 2000, 2000
[[-8.9130180e-02  9.8570920e-01 -1.4144482e-01 -8.0960000e+01]
 [ 3.0612800e-02  1.4485964e-01  9.8880920e-01  1.3720000e+02]
 [ 9.9533518e-01  8.4012800e-02 -4.2910180e-02 -1.1750500e+03]
 [ 0.0000000e+00  0.0000000e+00  0.0000000e+00  1.0000000e+00]]
[-0171.43, +0054.43, -1104.36]
2000, 2000, 2000
[[-8.7621000e-02  9.8602040e-01 -1.4089100e-01 -8.0890000e+01]
 [ 3.0757000e-02  1.4415932e-01  9.8898248e-01  1.3714000e+02]
 [ 9.9556040e-01  8.2438520e-02 -4.2860680e-02 -1.1750500e+03]
 [ 0.0000000e+00  0.0000000e+00  0.0000000e+00  1.0000000e+00]]
[-0178.12, +0042.93, -1101.78]
2000, 2000, 1875
[[-8.8036640e-02  9.8600328e-01 -1.4088360e-01 -8.0890000e+01]
 [ 3.0728400e-02  1.4414960e-01  9.8899960e-01  1.3716000e+02]
 [ 9.9554328e-01  8.2837040e-02 -4.2906400e-02 -1.1750600e+03]
 [ 0.0000000e+00  0.0000000e+00  0.0000000e+00  1.0000000e+00]]
[-0166.61, +0042.48, -1100.34]
2000, 2000, 1750
[[-8.7964800e-02  9.8579872e-01 -1.4069216e-01 -8.0860000e+01]
 [ 3.0121280e-02  1.4412992e-01  9.8883424e-01  1.3715000e+02]
 [ 9.9533216e-01  8.3074240e-02 -4.2094720e-02 -1.1750600e+03]
 [ 0.0000000e+00  0.0000000e+00  0.0000000e+00  1.0000000e+00]]
[-0154.52, +0041.04, -1100.10]
2000, 2000, 1625
[[-8.7810820e-02  9.8593122e-01 -1.4057514e-01 -8.0840000e+01]
 [ 3.0846180e-02  1.4396950e-01  9.8891526e-01  1.3715000e+02]
 [ 9.9542466e-01  8.2731540e-02 -4.2860680e-02 -1.1750400e+03]
 [ 0.0000000e+00  0.0000000e+00  0.0000000e+00  1.0000000e+00]]
[-0143.17, +0039.64, -1101.48]
2000, 2000, 1500
[[-8.7657040e-02  9.8606392e-01 -1.4045832e-01 -8.0820000e+01]
 [ 3.1571120e-02  1.4380856e-01  9.8899608e-01  1.3715000e+02]
 [ 9.9551688e-01  8.2388880e-02 -4.3627040e-02 -1.1750300e+03]
 [ 0.0000000e+00  0.0000000e+00  0.0000000e+00  1.0000000e+00]]
[-0132.54, +0038.22, -1104.48]
2000, 2000, 1375
[[-8.7585040e-02  9.8593608e-01 -1.4058740e-01 -8.0810000e+01]
 [ 3.0661200e-02  1.4396950e-01  9.8891040e-01  1.3713000e+02]
 [ 9.9543692e-01  8.2546560e-02 -4.2634900e-02 -1.1750400e+03]
 [ 0.0000000e+00  0.0000000e+00  0.0000000e+00  1.0000000e+00]]
[-0122.96, +0037.45, -1108.66]
2000, 2000, 1250
[[-8.7739060e-02  9.8604730e-01 -1.4030664e-01 -8.0780000e+01]
 [ 3.0369860e-02  1.4358974e-01  9.8904120e-01  1.3713000e+02]
 [ 9.9551640e-01  8.2677360e-02 -4.2409160e-02 -1.1750600e+03]
 [ 0.0000000e+00  0.0000000e+00  0.0000000e+00  1.0000000e+00]]
[-0114.46, +0037.13, -1113.50]
2000, 2000, 1125
[[-8.7929000e-02  9.8603508e-01 -1.4031156e-01 -8.0810000e+01]
 [ 3.0156360e-02  1.4357990e-01  9.8905342e-01  1.3715000e+02]
 [ 9.9551148e-01  8.2890860e-02 -4.2229060e-02 -1.1750900e+03]
 [ 0.0000000e+00  0.0000000e+00  0.0000000e+00  1.0000000e+00]]
[-0106.70, +0036.07, -1119.90]
2000, 2000, 1000
[[-8.7169480e-02  9.8598906e-01 -1.4017926e-01 -8.0810000e+01]
 [ 3.1105260e-02  1.4361878e-01  9.8891442e-01  1.3716000e+02]
 [ 9.9541806e-01  8.2126980e-02 -4.2949700e-02 -1.1750700e+03]
 [ 0.0000000e+00  0.0000000e+00  0.0000000e+00  1.0000000e+00]]
[-0100.25, +0035.19, -1127.04]
2000, 2000, 875
[[-8.7133600e-02  9.8598164e-01 -1.4019628e-01 -8.0750000e+01]
 [ 3.0706760e-02  1.4360918e-01  9.8892184e-01  1.3722000e+02]
 [ 9.9542548e-01  8.2155440e-02 -4.2543780e-02 -1.1751400e+03]
 [ 0.0000000e+00  0.0000000e+00  0.0000000e+00  1.0000000e+00]]
[-0094.49, +0034.42, -1134.69]
2000, 2000, 750
[[-8.8072680e-02  9.8595190e-01 -1.4033782e-01 -8.0690000e+01]
 [ 3.1637500e-02  1.4379900e-01  9.8892310e-01  1.3728000e+02]
 [ 9.9538682e-01  8.2877500e-02 -4.3672680e-02 -1.1751300e+03]
 [ 0.0000000e+00  0.0000000e+00  0.0000000e+00  1.0000000e+00]]
[-0089.70, +0033.57, -1142.42]
1220, 1220, 2125
[[-8.8237800e-02  9.8604968e-01 -1.3973236e-01 -8.0840000e+01]
 [ 2.9555960e-02  1.4299980e-01  9.8912408e-01  1.3702000e+02]
 [ 9.9546248e-01  8.3342840e-02 -4.1597640e-02 -1.1750500e+03]
 [ 0.0000000e+00  0.0000000e+00  0.0000000e+00  1.0000000e+00]]
[-0253.95, +0050.19, -1136.24]
1220, 1220, 2000
[[-8.7370960e-02  9.8611232e-01 -1.3934816e-01 -8.0800000e+01]
 [ 2.9629760e-02  1.4264960e-01  9.8911808e-01  1.3704000e+02]
 [ 9.9546848e-01  8.2552960e-02 -4.1461200e-02 -1.1750600e+03]
 [ 0.0000000e+00  0.0000000e+00  0.0000000e+00  1.0000000e+00]]
[-0246.72, +0049.59, -1121.14]
1220, 1220, 1875
[[-8.7490420e-02  9.8619884e-01 -1.3929228e-01 -8.0770000e+01]
 [ 2.8732040e-02  1.4243942e-01  9.8924496e-01  1.3702000e+02]
 [ 9.9557268e-01  8.2722240e-02 -4.0650000e-02 -1.1750700e+03]
 [ 0.0000000e+00  0.0000000e+00  0.0000000e+00  1.0000000e+00]]
[-0238.85, +0048.71, -1108.77]
1220, 1220, 1750
[[-8.7265000e-02  9.8622150e-01 -1.3909650e-01 -8.0770000e+01]
 [ 2.8754700e-02  1.4225932e-01  9.8925054e-01  1.3702000e+02]
 [ 9.9556710e-01  8.2526460e-02 -4.0604680e-02 -1.1750900e+03]
 [ 0.0000000e+00  0.0000000e+00  0.0000000e+00  1.0000000e+00]]
[-0231.05, +0047.83, -1099.18]
1220, 1220, 1625
[[-8.7715880e-02  9.8621142e-01 -1.3907238e-01 -8.0750000e+01]
 [ 2.9125020e-02  1.4225932e-01  9.8926062e-01  1.3699000e+02]
 [ 9.9554298e-01  8.2896780e-02 -4.1055560e-02 -1.1750800e+03]
 [ 0.0000000e+00  0.0000000e+00  0.0000000e+00  1.0000000e+00]]
[-0221.07, +0046.67, -1090.31]
1220, 1220, 1500
[[-8.6884680e-02  9.8626318e-01 -1.3887874e-01 -8.0730000e+01]
 [ 2.9389220e-02  1.4209910e-01  9.8923706e-01  1.3699000e+02]
 [ 9.9555946e-01  8.2089140e-02 -4.1145220e-02 -1.1750600e+03]
 [ 0.0000000e+00  0.0000000e+00  0.0000000e+00  1.0000000e+00]]
[-0209.53, +0045.39, -1082.75]
1220, 1220, 1375
[[-8.6624100e-02  9.8618360e-01 -1.3858730e-01 -8.0720000e+01]
 [ 2.9108320e-02  1.4190896e-01  9.8915960e-01  1.3698000e+02]
 [ 9.9544826e-01  8.2011680e-02 -4.0694500e-02 -1.1750500e+03]
 [ 0.0000000e+00  0.0000000e+00  0.0000000e+00  1.0000000e+00]]
[-0197.89, +0044.06, -1077.24]
1220, 1220, 1250
[[-8.6398800e-02  9.8630120e-01 -1.3850420e-01 -8.0690000e+01]
 [ 2.9035760e-02  1.4172870e-01  9.8925532e-01  1.3700000e+02]
 [ 9.9555532e-01  8.1725800e-02 -4.0649460e-02 -1.1750700e+03]
 [ 0.0000000e+00  0.0000000e+00  0.0000000e+00  1.0000000e+00]]
[-0185.16, +0042.53, -1073.24]
1220, 1220, 1125
[[-8.7039620e-02  9.8627928e-01 -1.3848516e-01 -8.0690000e+01]
 [ 2.9192880e-02  1.4171878e-01  9.8927724e-01  1.3698000e+02]
 [ 9.9552636e-01  8.2309560e-02 -4.0919840e-02 -1.1750700e+03]
 [ 0.0000000e+00  0.0000000e+00  0.0000000e+00  1.0000000e+00]]
[-0171.64, +0040.98, -1070.94]
1220, 1220, 1000
[[-8.7004500e-02  9.8638492e-01 -1.3840706e-01 -8.0690000e+01]
 [ 2.8907000e-02  1.4152856e-01  9.8938492e-01  1.3697000e+02]
 [ 9.9562850e-01  8.2237000e-02 -4.0694500e-02 -1.1750700e+03]
 [ 0.0000000e+00  0.0000000e+00  0.0000000e+00  1.0000000e+00]]
[-0157.14, +0039.29, -1070.52]
1220, 1220, 875
[[-8.7350100e-02  9.8627632e-01 -1.3811376e-01 -8.0660000e+01]
 [ 2.8384800e-02  1.4131806e-01  9.8933632e-01  1.3696000e+02]
 [ 9.9549520e-01  8.2771200e-02 -4.0108800e-02 -1.1750800e+03]
 [ 0.0000000e+00  0.0000000e+00  0.0000000e+00  1.0000000e+00]]
[-0142.64, +0037.58, -1071.84]
1220, 1220, 750
[[-8.6934500e-02  9.8631084e-01 -1.3791288e-01 -8.0640000e+01]
 [ 2.8620600e-02  1.4114800e-01  9.8932980e-01  1.3695000e+02]
 [ 9.9549480e-01  8.2362120e-02 -4.0243940e-02 -1.1750800e+03]
 [ 0.0000000e+00  0.0000000e+00  0.0000000e+00  1.0000000e+00]]
[-0128.37, +0035.88, -1075.42]
800, 800, 2125
[[-8.7525700e-02  9.8624118e-01 -1.3885954e-01 -8.0750000e+01]
 [ 2.9546220e-02  1.4208918e-01  9.8925906e-01  1.3695000e+02]
 [ 9.9553034e-01  8.2672860e-02 -4.1415880e-02 -1.1750300e+03]
 [ 0.0000000e+00  0.0000000e+00  0.0000000e+00  1.0000000e+00]]
[-0269.74, +0052.71, -1172.85]
800, 800, 2000
[[-8.7194760e-02  9.8626026e-01 -1.3850722e-01 -8.0700000e+01]
 [ 2.8581020e-02  1.4169870e-01  9.8929626e-01  1.3697000e+02]
 [ 9.9552834e-01  8.2550980e-02 -4.0334100e-02 -1.1750600e+03]
 [ 0.0000000e+00  0.0000000e+00  0.0000000e+00  1.0000000e+00]]
[-0269.41, +0051.94, -1155.91]
800, 800, 1875
[[-8.6624100e-02  9.8640892e-01 -1.3839714e-01 -8.0650000e+01]
 [ 2.9333640e-02  1.4154840e-01  9.8936092e-01  1.3690000e+02]
 [ 9.9563842e-01  8.1810360e-02 -4.1055060e-02 -1.1750500e+03]
 [ 0.0000000e+00  0.0000000e+00  0.0000000e+00  1.0000000e+00]]
[-0268.02, +0051.35, -1142.18]
800, 800, 1750
[[-8.7124840e-02  9.8637660e-01 -1.3823836e-01 -8.0630000e+01]
 [ 2.8104360e-02  1.4131806e-01  9.8942130e-01  1.3690000e+02]
 [ 9.9561980e-01  8.2495860e-02 -3.9883540e-02 -1.1750800e+03]
 [ 0.0000000e+00  0.0000000e+00  0.0000000e+00  1.0000000e+00]]
[-0265.48, +0051.10, -1129.13]
800, 800, 1625
[[-8.6934500e-02  9.8631084e-01 -1.3791288e-01 -8.0620000e+01]
 [ 2.8620600e-02  1.4114800e-01  9.8932980e-01  1.3691000e+02]
 [ 9.9549480e-01  8.2362120e-02 -4.0243940e-02 -1.1750700e+03]
 [ 0.0000000e+00  0.0000000e+00  0.0000000e+00  1.0000000e+00]]
[-0260.81, +0050.37, -1115.77]
800, 800, 1500
[[-8.7280420e-02  9.8650526e-01 -1.3774970e-01 -8.0620000e+01]
 [ 2.8020740e-02  1.4075708e-01  9.8956190e-01  1.3691000e+02]
 [ 9.9568190e-01  8.2615300e-02 -3.9838500e-02 -1.1751000e+03]
 [ 0.0000000e+00  0.0000000e+00  0.0000000e+00  1.0000000e+00]]
[-0253.91, +0049.48, -1102.92]
800, 800, 1375
[[-8.7124840e-02  9.8642892e-01 -1.3761496e-01 -8.0580000e+01]
 [ 2.8727760e-02  1.4077740e-01  9.8945292e-01  1.3691000e+02]
 [ 9.9556748e-01  8.2464240e-02 -4.0424200e-02 -1.1750600e+03]
 [ 0.0000000e+00  0.0000000e+00  0.0000000e+00  1.0000000e+00]]
[-0246.29, +0048.40, -1092.51]
800, 800, 1250
[[-8.6484100e-02  9.8645092e-01 -1.3763386e-01 -8.0610000e+01]
 [ 2.8570360e-02  1.4078744e-01  9.8943092e-01  1.3686000e+02]
 [ 9.9559642e-01  8.1880360e-02 -4.0154100e-02 -1.1750800e+03]
 [ 0.0000000e+00  0.0000000e+00  0.0000000e+00  1.0000000e+00]]
[-0235.92, +0046.98, -1081.85]
800, 800, 1125
[[-8.6639680e-02  9.8644952e-01 -1.3744808e-01 -8.0580000e+01]
 [ 2.8166320e-02  1.4058702e-01  9.8946022e-01  1.3689000e+02]
 [ 9.9558088e-01  8.2110980e-02 -3.9748660e-02 -1.1750900e+03]
 [ 0.0000000e+00  0.0000000e+00  0.0000000e+00  1.0000000e+00]]
[-0223.45, +0045.48, -1072.27]
800, 800, 1000
[[-8.6224200e-02  9.8657898e-01 -1.3735974e-01 -8.0570000e+01]
 [ 2.8306740e-02  1.4041676e-01  9.8954398e-01  1.3687000e+02]
 [ 9.9569298e-01  8.1611740e-02 -3.9884200e-02 -1.1750800e+03]
 [ 0.0000000e+00  0.0000000e+00  0.0000000e+00  1.0000000e+00]]
[-0209.35, +0043.86, -1064.49]
800, 800, 875
[[-8.6293800e-02  9.8659286e-01 -1.3732602e-01 -8.0560000e+01]
 [ 2.9103900e-02  1.4043660e-01  9.8953010e-01  1.3684000e+02]
 [ 9.9567910e-01  8.1556020e-02 -4.0695240e-02 -1.1750400e+03]
 [ 0.0000000e+00  0.0000000e+00  0.0000000e+00  1.0000000e+00]]
[-0194.49, +0041.87, -1058.71]
800, 750, 750
[[-8.6795460e-02  9.8648276e-01 -1.3684682e-01 -8.0520000e+01]
 [ 2.8177880e-02  1.4002584e-01  9.8951044e-01  1.3684000e+02]
 [ 9.9553066e-01  8.2320520e-02 -3.9703860e-02 -1.1750800e+03]
 [ 0.0000000e+00  0.0000000e+00  0.0000000e+00  1.0000000e+00]]
[-0181.50, +0046.38, -1054.69]
800, 875, 875
[[-8.6899620e-02  9.8652914e-01 -1.3773954e-01 -8.0620000e+01]
 [ 2.8447260e-02  1.4077740e-01  9.8953802e-01  1.3686000e+02]
 [ 9.9569206e-01  8.2188780e-02 -4.0198980e-02 -1.1750900e+03]
 [ 0.0000000e+00  0.0000000e+00  0.0000000e+00  1.0000000e+00]]
[-0192.72, +0031.26, -1059.84]
800, 1000, 1000
[[-8.6744200e-02  9.8632282e-01 -1.3790786e-01 -8.0630000e+01]
 [ 2.8833860e-02  1.4115804e-01  9.8931782e-01  1.3690000e+02]
 [ 9.9549982e-01  8.2148860e-02 -4.0424200e-02 -1.1750700e+03]
 [ 0.0000000e+00  0.0000000e+00  0.0000000e+00  1.0000000e+00]]
[-0200.81, +0018.80, -1066.71]
800, 1125, 1125
[[-8.6779200e-02  9.8640744e-01 -1.3821128e-01 -8.0650000e+01]
 [ 2.8929520e-02  1.4134830e-01  9.8939046e-01  1.3691000e+02]
 [ 9.9562296e-01  8.2041220e-02 -4.0649460e-02 -1.1750500e+03]
 [ 0.0000000e+00  0.0000000e+00  0.0000000e+00  1.0000000e+00]]
[-0207.26, +0007.53, -1075.10]
800, 1250, 1250
[[-8.6744200e-02  9.8630534e-01 -1.3811562e-01 -8.0650000e+01]
 [ 2.8626100e-02  1.4133830e-01  9.8930730e-01  1.3694000e+02]
 [ 9.9551730e-01  8.2159380e-02 -4.0243940e-02 -1.1750800e+03]
 [ 0.0000000e+00  0.0000000e+00  0.0000000e+00  1.0000000e+00]]
[-0212.93, -0001.81, -1084.73]
800, 1375, 1375
[[-8.7385060e-02  9.8624826e-01 -1.3851230e-01 -8.0690000e+01]
 [ 2.8367700e-02  1.4168854e-01  9.8930826e-01  1.3691000e+02]
 [ 9.9552326e-01  8.2764300e-02 -4.0153960e-02 -1.1750900e+03]
 [ 0.0000000e+00  0.0000000e+00  0.0000000e+00  1.0000000e+00]]
[-0218.75, -0009.64, -1096.18]
800, 1500, 1500
[[-8.7420100e-02  9.8625520e-01 -1.3849520e-01 -8.0680000e+01]
 [ 2.8766240e-02  1.4169870e-01  9.8930132e-01  1.3699000e+02]
 [ 9.9551632e-01  8.2736200e-02 -4.0559440e-02 -1.1750600e+03]
 [ 0.0000000e+00  0.0000000e+00  0.0000000e+00  1.0000000e+00]]
[-0222.79, -0016.45, -1108.76]
800, 1625, 1625
[[-8.7300240e-02  9.8624616e-01 -1.3887164e-01 -8.0730000e+01]
 [ 2.9361040e-02  1.4208918e-01  9.8925408e-01  1.3700000e+02]
 [ 9.9554244e-01  8.2487680e-02 -4.1190420e-02 -1.1750700e+03]
 [ 0.0000000e+00  0.0000000e+00  0.0000000e+00  1.0000000e+00]]
[-0225.40, -0022.92, -1123.10]
800, 1750, 1750
[[-8.7490420e-02  9.8619884e-01 -1.3929228e-01 -8.0720000e+01]
 [ 2.8732040e-02  1.4243942e-01  9.8924496e-01  1.3696000e+02]
 [ 9.9557268e-01  8.2722240e-02 -4.0650000e-02 -1.1751000e+03]
 [ 0.0000000e+00  0.0000000e+00  0.0000000e+00  1.0000000e+00]]
[-0226.00, -0026.98, -1135.47]
800, 1875, 1875
[[-8.7442000e-02  9.8607340e-01 -1.3993740e-01 -8.0820000e+01]
 [ 2.9803400e-02  1.4320982e-01  9.8907198e-01  1.3707000e+02]
 [ 9.9550740e-01  8.2528020e-02 -4.1732180e-02 -1.1750300e+03]
 [ 0.0000000e+00  0.0000000e+00  0.0000000e+00  1.0000000e+00]]
[-0227.21, -0028.24, -1149.17]
800, 2000, 2000
[[-8.8488400e-02  9.8569544e-01 -1.4188032e-01 -8.1010000e+01]
 [ 3.0040880e-02  1.4522936e-01  9.8876544e-01  1.3710000e+02]
 [ 9.9540096e-01  8.3450880e-02 -4.2278400e-02 -1.1750300e+03]
 [ 0.0000000e+00  0.0000000e+00  0.0000000e+00  1.0000000e+00]]
[-0224.78, -0027.81, -1157.92]
800, 2125, 2125
[[-8.7795620e-02  9.8515872e-01 -1.4555256e-01 -8.1090000e+01]
 [ 3.0026880e-02  1.4894200e-01  9.8816484e-01  1.3742000e+02]
 [ 9.9540024e-01  8.2665960e-02 -4.2423380e-02 -1.1750800e+03]
 [ 0.0000000e+00  0.0000000e+00  0.0000000e+00  1.0000000e+00]]
[-0221.99, -0027.38, -1160.20]
1220, 750, 750
[[-8.6085960e-02  9.8665538e-01 -1.3618086e-01 -8.0520000e+01]
 [ 2.7958740e-02  1.3929420e-01  9.8963402e-01  1.3677000e+02]
 [ 9.9561658e-01  8.1659940e-02 -3.9345000e-02 -1.1750900e+03]
 [ 0.0000000e+00  0.0000000e+00  0.0000000e+00  1.0000000e+00]]
[-0146.77, +0088.74, -1073.36]
1220, 875, 875
[[-8.6605000e-02  9.8647736e-01 -1.3704952e-01 -8.0610000e+01]
 [ 2.8183280e-02  1.4021630e-01  9.8948806e-01  1.3681000e+02]
 [ 9.9555304e-01  8.2117820e-02 -3.9703860e-02 -1.1750900e+03]
 [ 0.0000000e+00  0.0000000e+00  0.0000000e+00  1.0000000e+00]]
[-0158.31, +0074.79, -1069.68]
1220, 1000, 1000
[[-8.7090000e-02  9.8656940e-01 -1.3712120e-01 -8.0620000e+01]
 [ 2.8857400e-02  1.4022638e-01  9.8958140e-01  1.3686000e+02]
 [ 9.9563480e-01  8.2370600e-02 -4.0559620e-02 -1.1750700e+03]
 [ 0.0000000e+00  0.0000000e+00  0.0000000e+00  1.0000000e+00]]
[-0166.96, +0062.59, -1069.00]
1220, 1125, 1125
[[-8.6779200e-02  9.8657264e-01 -1.3749288e-01 -8.0650000e+01]
 [ 2.9665440e-02  1.4062686e-01  9.8952244e-01  1.3688000e+02]
 [ 9.9566552e-01  8.1909240e-02 -4.1370900e-02 -1.1750400e+03]
 [ 0.0000000e+00  0.0000000e+00  0.0000000e+00  1.0000000e+00]]
[-0175.35, +0050.44, -1070.46]
1220, 1250, 1250
[[-8.7540480e-02  9.8641184e-01 -1.3760800e-01 -8.0670000e+01]
 [ 2.8699840e-02  1.4076728e-01  9.8947000e-01  1.3689000e+02]
 [ 9.9555040e-01  8.2862800e-02 -4.0469200e-02 -1.1750900e+03]
 [ 0.0000000e+00  0.0000000e+00  0.0000000e+00  1.0000000e+00]]
[-0183.06, +0039.55, -1073.61]
1220, 1375, 1375
[[-8.7610400e-02  9.8640840e-01 -1.3778160e-01 -8.0700000e+01]
 [ 2.9289120e-02  1.4096774e-01  9.8944550e-01  1.3691000e+02]
 [ 9.9555384e-01  8.2817380e-02 -4.1100100e-02 -1.1750700e+03]
 [ 0.0000000e+00  0.0000000e+00  0.0000000e+00  1.0000000e+00]]
[-0191.26, +0029.52, -1078.56]
1220, 1500, 1500
[[-8.6553940e-02  9.8642992e-01 -1.3801550e-01 -8.0670000e+01]
 [ 2.8952000e-02  1.4116800e-01  9.8939600e-01  1.3689000e+02]
 [ 9.9561742e-01  8.1845440e-02 -4.0604500e-02 -1.1750100e+03]
 [ 0.0000000e+00  0.0000000e+00  0.0000000e+00  1.0000000e+00]]
[-0198.42, +0019.62, -1085.09]
1220, 1625, 1625
[[-8.7265000e-02  9.8630950e-01 -1.3805750e-01 -8.0670000e+01]
 [ 2.9793700e-02  1.4135822e-01  9.8930314e-01  1.3698000e+02]
 [ 9.9547910e-01  8.2473860e-02 -4.1505780e-02 -1.1749900e+03]
 [ 0.0000000e+00  0.0000000e+00  0.0000000e+00  1.0000000e+00]]
[-0205.02, +0009.52, -1093.94]
1220, 1750, 1750
[[-8.7420100e-02  9.8627274e-01 -1.3828738e-01 -8.0740000e+01]
 [ 2.8974060e-02  1.4151852e-01  9.8931186e-01  1.3696000e+02]
 [ 9.9549878e-01  8.2725660e-02 -4.0739620e-02 -1.1750800e+03]
 [ 0.0000000e+00  0.0000000e+00  0.0000000e+00  1.0000000e+00]]
[-0210.70, +0001.64, -1103.60]
1220, 1875, 1875
[[-8.8357140e-02  9.8618916e-01 -1.3905316e-01 -8.0810000e+01]
 [ 2.9281960e-02  1.4224920e-01  9.8928288e-01  1.3701000e+02]
 [ 9.9551364e-01  8.3480480e-02 -4.1326500e-02 -1.1750700e+03]
 [ 0.0000000e+00  0.0000000e+00  0.0000000e+00  1.0000000e+00]]
[-0215.48, -0005.84, -1115.18]
1220, 2000, 2000
[[-8.8166920e-02  9.8616598e-01 -1.3946386e-01 -8.0820000e+01]
 [ 2.9079580e-02  1.4261948e-01  9.8924954e-01  1.3698000e+02]
 [ 9.9555406e-01  8.3288260e-02 -4.1146440e-02 -1.1750400e+03]
 [ 0.0000000e+00  0.0000000e+00  0.0000000e+00  1.0000000e+00]]
[-0217.92, -0011.11, -1126.78]
1220, 2125, 2125
[[-8.8642260e-02  9.8597376e-01 -1.4088114e-01 -8.0960000e+01]
 [ 3.0486240e-02  1.4412992e-01  9.8902912e-01  1.3707000e+02]
 [ 9.9552114e-01  8.3449120e-02 -4.2772180e-02 -1.1750200e+03]
 [ 0.0000000e+00  0.0000000e+00  0.0000000e+00  1.0000000e+00]]
[-0217.25, -0013.10, -1135.75]
2000, 750, 750
[[-8.7315220e-02  9.8658180e-01 -1.3690136e-01 -8.0650000e+01]
 [ 2.9250600e-02  1.4004600e-01  9.8959680e-01  1.3684000e+02]
 [ 9.9560536e-01  8.2545600e-02 -4.0965220e-02 -1.1750500e+03]
 [ 0.0000000e+00  0.0000000e+00  0.0000000e+00  1.0000000e+00]]
[-0113.39, +0122.18, -1149.50]
2000, 875, 875
[[-8.7420100e-02  9.8634290e-01 -1.3745610e-01 -8.0710000e+01]
 [ 2.9805340e-02  1.4079740e-01  9.8935362e-01  1.3694000e+02]
 [ 9.9542862e-01  8.2683900e-02 -4.1460740e-02 -1.1750200e+03]
 [ 0.0000000e+00  0.0000000e+00  0.0000000e+00  1.0000000e+00]]
[-0117.53, +0116.97, -1137.64]
2000, 1000, 1000
[[-8.8702500e-02  9.8637606e-01 -1.3773792e-01 -8.0750000e+01]
 [ 2.9817060e-02  1.4095766e-01  9.8947784e-01  1.3694000e+02]
 [ 9.9550008e-01  8.3771840e-02 -4.1821600e-02 -1.1750600e+03]
 [ 0.0000000e+00  0.0000000e+00  0.0000000e+00  1.0000000e+00]]
[-0122.67, +0111.86, -1127.64]
2000, 1125, 1125
[[-8.7751200e-02  9.8630692e-01 -1.3801604e-01 -8.0770000e+01]
 [ 3.0562760e-02  1.4136806e-01  9.8930572e-01  1.3697000e+02]
 [ 9.9544748e-01  8.2816360e-02 -4.2362500e-02 -1.1750000e+03]
 [ 0.0000000e+00  0.0000000e+00  0.0000000e+00  1.0000000e+00]]
[-0127.75, +0104.96, -1118.64]
2000, 1250, 1250
[[-8.7976740e-02  9.8618924e-01 -1.3809886e-01 -8.0800000e+01]
 [ 3.0635240e-02  1.4154840e-01  9.8921012e-01  1.3700000e+02]
 [ 9.9534014e-01  8.3102120e-02 -4.2407700e-02 -1.1750300e+03]
 [ 0.0000000e+00  0.0000000e+00  0.0000000e+00  1.0000000e+00]]
[-0133.72, +0097.84, -1111.66]
2000, 1375, 1375
[[-8.8618120e-02  9.8626214e-01 -1.3819198e-01 -8.0850000e+01]
 [ 3.0697340e-02  1.4153852e-01  9.8932246e-01  1.3702000e+02]
 [ 9.9542338e-01  8.3595740e-02 -4.2678600e-02 -1.1751200e+03]
 [ 0.0000000e+00  0.0000000e+00  0.0000000e+00  1.0000000e+00]]
[-0141.10, +0090.40, -1106.05]
2000, 1500, 1500
[[-8.9034000e-02  9.8613196e-01 -1.3827972e-01 -8.0890000e+01]
 [ 3.0556440e-02  1.4170878e-01  9.8923934e-01  1.3712000e+02]
 [ 9.9531092e-01  8.4094740e-02 -4.2543780e-02 -1.1750800e+03]
 [ 0.0000000e+00  0.0000000e+00  0.0000000e+00  1.0000000e+00]]
[-0148.41, +0081.08, -1101.63]
2000, 1625, 1625
[[-8.8724800e-02  9.8623112e-01 -1.3876384e-01 -8.0870000e+01]
 [ 3.1269200e-02  1.4210894e-01  9.8926912e-01  1.3702000e+02]
 [ 9.9545440e-01  8.3542400e-02 -4.3355700e-02 -1.1750000e+03]
 [ 0.0000000e+00  0.0000000e+00  0.0000000e+00  1.0000000e+00]]
[-0156.51, +0072.18, -1099.10]
2000, 1750, 1750
[[-8.9485440e-02  9.8595576e-01 -1.3897400e-01 -8.0910000e+01]
 [ 3.0190000e-02  1.4242926e-01  9.8911776e-01  1.3705000e+02]
 [ 9.9524424e-01  8.4596800e-02 -4.2274740e-02 -1.1750700e+03]
 [ 0.0000000e+00  0.0000000e+00  0.0000000e+00  1.0000000e+00]]
[-0164.76, +0063.03, -1098.42]
2000, 1875, 1875
[[-8.9140680e-02  9.8595230e-01 -1.3936238e-01 -8.0940000e+01]
 [ 3.0599300e-02  1.4281974e-01  9.8906470e-01  1.3707000e+02]
 [ 9.9528262e-01  8.4162700e-02 -4.2680580e-02 -1.1750300e+03]
 [ 0.0000000e+00  0.0000000e+00  0.0000000e+00  1.0000000e+00]]
[-0172.32, +0052.80, -1099.58]
2000, 2000, 2000
[[-8.8534740e-02  9.8609492e-01 -1.3926978e-01 -8.0910000e+01]
 [ 3.0953880e-02  1.4265948e-01  9.8913548e-01  1.3707000e+02]
 [ 9.9539998e-01  8.3450280e-02 -4.2995220e-02 -1.1750200e+03]
 [ 0.0000000e+00  0.0000000e+00  0.0000000e+00  1.0000000e+00]]
[-0180.05, +0043.48, -1102.58]
2000, 2125, 2125
[[-8.8642260e-02  9.8596870e-01 -1.3972870e-01 -8.0960000e+01]
 [ 3.1620700e-02  1.4322942e-01  9.8899162e-01  1.3714000e+02]
 [ 9.9531830e-01  8.3486620e-02 -4.3672680e-02 -1.1750000e+03]
 [ 0.0000000e+00  0.0000000e+00  0.0000000e+00  1.0000000e+00]]
[-0185.90, +0034.33, -1107.13]
2000, 2000, 2000
[[-8.8083300e-02  9.8610476e-01 -1.3929442e-01 -8.0880000e+01]
 [ 3.0583640e-02  1.4265948e-01  9.8912564e-01  1.3700000e+02]
 [ 9.9542462e-01  8.3080040e-02 -4.2543780e-02 -1.1750300e+03]
 [ 0.0000000e+00  0.0000000e+00  0.0000000e+00  1.0000000e+00]]
[-0176.48, +0046.82, -1102.15]
1875, 1875, 2000
[[-8.8547400e-02  9.8609948e-01 -1.3873756e-01 -8.0840000e+01]
 [ 2.9371640e-02  1.4205894e-01  9.8921558e-01  1.3700000e+02]
 [ 9.9537812e-01  8.3773340e-02 -4.1326500e-02 -1.1750500e+03]
 [ 0.0000000e+00  0.0000000e+00  0.0000000e+00  1.0000000e+00]]
[-0190.95, +0046.24, -1100.92]
1750, 1750, 2000
[[-8.8772980e-02  9.8611204e-01 -1.3851738e-01 -8.0860000e+01]
 [ 2.9764760e-02  1.4187884e-01  9.8923116e-01  1.3697000e+02]
 [ 9.9534822e-01  8.3948040e-02 -4.1732180e-02 -1.1750600e+03]
 [ 0.0000000e+00  0.0000000e+00  0.0000000e+00  1.0000000e+00]]
[-0203.22, +0046.02, -1101.42]
1625, 1625, 2000
[[-8.7976740e-02  9.8613614e-01 -1.3872244e-01 -8.0840000e+01]
 [ 3.0011660e-02  1.4208918e-01  9.8917892e-01  1.3699000e+02]
 [ 9.9539324e-01  8.3133320e-02 -4.1866920e-02 -1.1750200e+03]
 [ 0.0000000e+00  0.0000000e+00  0.0000000e+00  1.0000000e+00]]
[-0215.87, +0047.49, -1104.69]
1500, 1500, 2000
[[-8.8321860e-02  9.8634772e-01 -1.3835158e-01 -8.0800000e+01]
 [ 2.9619880e-02  1.4151852e-01  9.8942212e-01  1.3698000e+02]
 [ 9.9556298e-01  8.3376520e-02 -4.1641380e-02 -1.1750100e+03]
 [ 0.0000000e+00  0.0000000e+00  0.0000000e+00  1.0000000e+00]]
[-0227.26, +0047.13, -1108.86]
1375, 1375, 2000
[[-8.7680640e-02  9.8625720e-01 -1.3846600e-01 -8.0780000e+01]
 [ 2.9350000e-02  1.4170878e-01  9.8929932e-01  1.3694000e+02]
 [ 9.9549720e-01  8.2893320e-02 -4.1190420e-02 -1.1750200e+03]
 [ 0.0000000e+00  0.0000000e+00  0.0000000e+00  1.0000000e+00]]
[-0235.23, +0047.58, -1112.22]
1250, 1250, 2000
[[-8.8286660e-02  9.8615028e-01 -1.3814334e-01 -8.0770000e+01]
 [ 2.9411640e-02  1.4150840e-01  9.8924908e-01  1.3695000e+02]
 [ 9.9534462e-01  8.3584760e-02 -4.1235700e-02 -1.1750500e+03]
 [ 0.0000000e+00  0.0000000e+00  0.0000000e+00  1.0000000e+00]]
[-0244.80, +0049.31, -1119.31]
1125, 1125, 2000
[[-8.7765780e-02  9.8627664e-01 -1.3789900e-01 -8.0750000e+01]
 [ 2.8564640e-02  1.4112768e-01  9.8936400e-01  1.3692000e+02]
 [ 9.9546060e-01  8.3159200e-02 -4.0334100e-02 -1.1750600e+03]
 [ 0.0000000e+00  0.0000000e+00  0.0000000e+00  1.0000000e+00]]
[-0253.17, +0050.02, -1127.66]
1000, 1000, 2000
[[-8.8181540e-02  9.8625942e-01 -1.3789206e-01 -8.0740000e+01]
 [ 2.8536660e-02  1.4111740e-01  9.8938122e-01  1.3691000e+02]
 [ 9.9544338e-01  8.3557740e-02 -4.0379300e-02 -1.1750600e+03]
 [ 0.0000000e+00  0.0000000e+00  0.0000000e+00  1.0000000e+00]]
[-0261.10, +0051.23, -1138.62]
875, 875, 2000
[[-8.7730900e-02  9.8649502e-01 -1.3772574e-01 -8.0670000e+01]
 [ 2.8391380e-02  1.4075708e-01  9.8957214e-01  1.3685000e+02]
 [ 9.9565794e-01  8.2985940e-02 -4.0288980e-02 -1.1750400e+03]
 [ 0.0000000e+00  0.0000000e+00  0.0000000e+00  1.0000000e+00]]
[-0267.23, +0051.60, -1150.44]
750, 750, 2000
[[-8.8077140e-02  9.8651622e-01 -1.3712958e-01 -8.0680000e+01]
 [ 2.8189980e-02  1.4018558e-01  9.8963458e-01  1.3685000e+02]
 [ 9.9560238e-01  8.3408780e-02 -4.0063720e-02 -1.1750400e+03]
 [ 0.0000000e+00  0.0000000e+00  0.0000000e+00  1.0000000e+00]]
[-0271.28, +0052.96, -1162.30]
2125, 2125, 1220
[[-8.8904200e-02  9.8600758e-01 -1.3928306e-01 -8.0880000e+01]
 [ 3.2620100e-02  1.4287854e-01  9.8900942e-01  1.3723000e+02]
 [ 9.9526210e-01  8.3622700e-02 -4.4665300e-02 -1.1750800e+03]
 [ 0.0000000e+00  0.0000000e+00  0.0000000e+00  1.0000000e+00]]
[-0112.21, +0033.91, -1120.81]
2000, 2000, 1220
[[-8.7265000e-02  9.8645740e-01 -1.3754680e-01 -8.0770000e+01]
 [ 3.0322000e-02  1.4081708e-01  9.8942444e-01  1.3699000e+02]
 [ 9.9553900e-01  8.2352560e-02 -4.2046920e-02 -1.1750700e+03]
 [ 0.0000000e+00  0.0000000e+00  0.0000000e+00  1.0000000e+00]]
[-0116.54, +0035.58, -1112.67]
1875, 1875, 1220
[[-8.7610400e-02  9.8634828e-01 -1.3725324e-01 -8.0760000e+01]
 [ 2.9799960e-02  1.4060710e-01  9.8937612e-01  1.3692000e+02]
 [ 9.9540612e-01  8.2886760e-02 -4.1460740e-02 -1.1750700e+03]
 [ 0.0000000e+00  0.0000000e+00  0.0000000e+00  1.0000000e+00]]
[-0125.88, +0035.58, -1102.81]
1750, 1750, 1220
[[-8.7800740e-02  9.8643130e-01 -1.3737092e-01 -8.0750000e+01]
 [ 2.9491580e-02  1.4059710e-01  9.8947844e-01  1.3692000e+02]
 [ 9.9551380e-01  8.3009800e-02 -4.1280400e-02 -1.1750600e+03]
 [ 0.0000000e+00  0.0000000e+00  0.0000000e+00  1.0000000e+00]]
[-0134.64, +0036.33, -1094.17]
1625, 1625, 1220
[[-8.7350100e-02  9.8645880e-01 -1.3718730e-01 -8.0770000e+01]
 [ 2.9328720e-02  1.4041676e-01  9.8947880e-01  1.3692000e+02]
 [ 9.9552054e-01  8.2628720e-02 -4.1010100e-02 -1.1750800e+03]
 [ 0.0000000e+00  0.0000000e+00  0.0000000e+00  1.0000000e+00]]
[-0143.90, +0037.44, -1087.00]
1500, 1500, 1220
[[-8.8216500e-02  9.8643160e-01 -1.3715590e-01 -8.0760000e+01]
 [ 2.9671600e-02  1.4040672e-01  9.8950600e-01  1.3695000e+02]
 [ 9.9547910e-01  8.3398000e-02 -4.1505780e-02 -1.1750300e+03]
 [ 0.0000000e+00  0.0000000e+00  0.0000000e+00  1.0000000e+00]]
[-0154.55, +0038.22, -1080.96]
1375, 1375, 1220
[[-8.7420100e-02  9.8650820e-01 -1.3673750e-01 -8.0700000e+01]
 [ 3.0541480e-02  1.4007564e-01  9.8948500e-01  1.3695000e+02]
 [ 9.9547114e-01  8.2552520e-02 -4.2182500e-02 -1.1750100e+03]
 [ 0.0000000e+00  0.0000000e+00  0.0000000e+00  1.0000000e+00]]
[-0166.07, +0039.77, -1076.62]
1250, 1250, 1220
[[-8.7540480e-02  9.8657680e-01 -1.3688928e-01 -8.0700000e+01]
 [ 2.9436000e-02  1.4004600e-01  9.8960180e-01  1.3685000e+02]
 [ 9.9559328e-01  8.2731000e-02 -4.1190480e-02 -1.1750300e+03]
 [ 0.0000000e+00  0.0000000e+00  0.0000000e+00  1.0000000e+00]]
[-0179.81, +0041.88, -1073.07]
1125, 1125, 1220
[[-8.7315220e-02  9.8659922e-01 -1.3669354e-01 -8.0630000e+01]
 [ 2.9458420e-02  1.3986558e-01  9.8960714e-01  1.3684000e+02]
 [ 9.9558794e-01  8.2535260e-02 -4.1145640e-02 -1.1750500e+03]
 [ 0.0000000e+00  0.0000000e+00  0.0000000e+00  1.0000000e+00]]
[-0193.93, +0042.60, -1071.83]
1000, 1000, 1220
[[-8.7436200e-02  9.8660782e-01 -1.3631706e-01 -8.0570000e+01]
 [ 2.8863780e-02  1.3947462e-01  9.8965394e-01  1.3685000e+02]
 [ 9.9556226e-01  8.2783140e-02 -4.0514820e-02 -1.1750900e+03]
 [ 0.0000000e+00  0.0000000e+00  0.0000000e+00  1.0000000e+00]]
[-0209.46, +0044.91, -1072.87]
875, 875, 1220
[[-8.7245700e-02  9.8661986e-01 -1.3631202e-01 -8.0530000e+01]
 [ 2.9076900e-02  1.3948470e-01  9.8964190e-01  1.3678000e+02]
 [ 9.9556730e-01  8.2570020e-02 -4.0695240e-02 -1.1751000e+03]
 [ 0.0000000e+00  0.0000000e+00  0.0000000e+00  1.0000000e+00]]
[-0224.67, +0045.76, -1076.25]
750, 750, 1220
[[-8.7211060e-02  9.8666478e-01 -1.3570562e-01 -8.0480000e+01]
 [ 2.9301780e-02  1.3893324e-01  9.8967978e-01  1.3681000e+02]
 [ 9.9552238e-01  8.2566780e-02 -4.0831060e-02 -1.1750400e+03]
 [ 0.0000000e+00  0.0000000e+00  0.0000000e+00  1.0000000e+00]]
[-0239.05, +0048.02, -1081.85]
2125, 2125, 800
[[-8.9158720e-02  9.8593256e-01 -1.3946440e-01 -8.0720000e+01]
 [ 3.5088560e-02  1.4330462e-01  9.8884270e-01  1.3748000e+02]
 [ 9.9512920e-01  8.3534900e-02 -4.7150100e-02 -1.1750600e+03]
 [ 0.0000000e+00  0.0000000e+00  0.0000000e+00  1.0000000e+00]]
[-0091.94, +0031.18, -1142.71]
2000, 2000, 800
[[-8.8251540e-02  9.8665676e-01 -1.3579608e-01 -8.0700000e+01]
 [ 3.1430280e-02  1.3915326e-01  9.8966024e-01  1.3693000e+02]
 [ 9.9546184e-01  8.3208720e-02 -4.3175040e-02 -1.1750500e+03]
 [ 0.0000000e+00  0.0000000e+00  0.0000000e+00  1.0000000e+00]]
[-0091.97, +0031.97, -1138.59]
1875, 1875, 800
[[-8.8164160e-02  9.8672488e-01 -1.3427568e-01 -8.0650000e+01]
 [ 2.9691920e-02  1.3761902e-01  9.8981148e-01  1.3677000e+02]
 [ 9.9537648e-01  8.3560680e-02 -4.1192180e-02 -1.1750200e+03]
 [ 0.0000000e+00  0.0000000e+00  0.0000000e+00  1.0000000e+00]]
[-0095.21, +0032.02, -1128.43]
1750, 1750, 800
[[-8.7488980e-02  9.8674006e-01 -1.3431210e-01 -8.0630000e+01]
 [ 2.9134940e-02  1.3761902e-01  9.8979630e-01  1.3671000e+02]
 [ 9.9541290e-01  8.3003700e-02 -4.0517000e-02 -1.1750100e+03]
 [ 0.0000000e+00  0.0000000e+00  0.0000000e+00  1.0000000e+00]]
[-0100.11, +0032.14, -1115.71]
1625, 1625, 800
[[-8.8668100e-02  9.8669146e-01 -1.3411782e-01 -8.0620000e+01]
 [ 2.8463980e-02  1.3738700e-01  9.8987214e-01  1.3673000e+02]
 [ 9.9535794e-01  8.4243780e-02 -4.0019940e-02 -1.1750600e+03]
 [ 0.0000000e+00  0.0000000e+00  0.0000000e+00  1.0000000e+00]]
[-0105.52, +0032.39, -1104.54]
1500, 1500, 800
[[-8.7420580e-02  9.8696816e-01 -1.3394772e-01 -8.0640000e+01]
 [ 2.8770560e-02  1.3705688e-01  9.9002124e-01  1.3674000e+02]
 [ 9.9560052e-01  8.2847160e-02 -4.0247700e-02 -1.1750400e+03]
 [ 0.0000000e+00  0.0000000e+00  0.0000000e+00  1.0000000e+00]]
[-0112.37, +0033.59, -1094.35]
1375, 1375, 800
[[-8.7645520e-02  9.8696308e-01 -1.3393568e-01 -8.0610000e+01]
 [ 2.8956280e-02  1.3705688e-01  9.9002632e-01  1.3670000e+02]
 [ 9.9558848e-01  8.3032880e-02 -4.0472640e-02 -1.1750100e+03]
 [ 0.0000000e+00  0.0000000e+00  0.0000000e+00  1.0000000e+00]]
[-0121.31, +0034.48, -1084.55]
1250, 1250, 800
[[-8.7768260e-02  9.8708370e-01 -1.3346388e-01 -8.0550000e+01]
 [ 2.8474380e-02  1.3648430e-01  9.9017284e-01  1.3671000e+02]
 [ 9.9565860e-01  8.3179400e-02 -4.0022800e-02 -1.1750000e+03]
 [ 0.0000000e+00  0.0000000e+00  0.0000000e+00  1.0000000e+00]]
[-0132.86, +0036.15, -1075.29]
1125, 1125, 800
[[-8.7318580e-02  9.8690306e-01 -1.3326304e-01 -8.0580000e+01]
 [ 2.8293740e-02  1.3648430e-01  9.8998192e-01  1.3668000e+02]
 [ 9.9545776e-01  8.2988480e-02 -3.9573120e-02 -1.1750100e+03]
 [ 0.0000000e+00  0.0000000e+00  0.0000000e+00  1.0000000e+00]]
[-0145.94, +0037.06, -1067.78]
1000, 1000, 800
[[-8.9657160e-02  9.8675650e-01 -1.3267038e-01 -8.1020000e+01]
 [ 2.9254620e-02  1.3608150e-01  9.8999666e-01  1.3667000e+02]
 [ 9.9520550e-01  8.5210500e-02 -4.0786500e-02 -1.1752200e+03]
 [ 0.0000000e+00  0.0000000e+00  0.0000000e+00  1.0000000e+00]]
[-0161.92, +0038.88, -1062.32]
875, 875, 800
[[-8.9589320e-02  9.8696754e-01 -1.3251438e-01 -8.1060000e+01]
 [ 2.8682460e-02  1.3569926e-01  9.9021114e-01  1.3658000e+02]
 [ 9.9541062e-01  8.5063860e-02 -4.0336420e-02 -1.1753100e+03]
 [ 0.0000000e+00  0.0000000e+00  0.0000000e+00  1.0000000e+00]]
[-0178.15, +0040.09, -1058.37]
750, 800, 800
[[-9.0455680e-02  9.8695624e-01 -1.3227464e-01 -8.1090000e+01]
 [ 2.9235440e-02  1.3550808e-01  9.9024932e-01  1.3658000e+02]
 [ 9.9535144e-01  8.5824280e-02 -4.1011600e-02 -1.1753100e+03]
 [ 0.0000000e+00  0.0000000e+00  0.0000000e+00  1.0000000e+00]]
[-0191.88, +0036.24, -1057.19]
875, 800, 800
[[-8.9814340e-02  9.8686666e-01 -1.3238960e-01 -8.1110000e+01]
 [ 2.8963900e-02  1.3569926e-01  9.9012616e-01  1.3660000e+02]
 [ 9.9528584e-01  8.5340000e-02 -4.0561440e-02 -1.1752900e+03]
 [ 0.0000000e+00  0.0000000e+00  0.0000000e+00  1.0000000e+00]]
[-0180.58, +0050.82, -1057.88]
1000, 800, 800
[[-8.9207080e-02  9.8689648e-01 -1.3239136e-01 -8.1070000e+01]
 [ 2.9203520e-02  1.3572030e-01  9.9009634e-01  1.3662000e+02]
 [ 9.9530864e-01  8.4728660e-02 -4.0697620e-02 -1.1752300e+03]
 [ 0.0000000e+00  0.0000000e+00  0.0000000e+00  1.0000000e+00]]
[-0169.85, +0064.12, -1061.18]
1125, 800, 800
[[-8.9814340e-02  9.8686666e-01 -1.3238960e-01 -8.1100000e+01]
 [ 2.8963900e-02  1.3569926e-01  9.9012616e-01  1.3662000e+02]
 [ 9.9528584e-01  8.5340000e-02 -4.0561440e-02 -1.1752600e+03]
 [ 0.0000000e+00  0.0000000e+00  0.0000000e+00  1.0000000e+00]]
[-0160.46, +0075.53, -1066.46]
1250, 800, 800
[[-9.0264500e-02  9.8683908e-01 -1.3257306e-01 -8.1110000e+01]
 [ 2.9127480e-02  1.3587980e-01  9.9012684e-01  1.3664000e+02]
 [ 9.9527814e-01  8.5721640e-02 -4.0831060e-02 -1.1752500e+03]
 [ 0.0000000e+00  0.0000000e+00  0.0000000e+00  1.0000000e+00]]
[-0151.56, +0085.99, -1073.74]
1375, 800, 800
[[-9.0680820e-02  9.8670878e-01 -1.3266162e-01 -8.1190000e+01]
 [ 2.8987980e-02  1.3604958e-01  9.9004438e-01  1.3662000e+02]
 [ 9.9516482e-01  8.6220420e-02 -4.0695240e-02 -1.1752700e+03]
 [ 0.0000000e+00  0.0000000e+00  0.0000000e+00  1.0000000e+00]]
[-0143.02, +0096.18, -1083.34]
1500, 800, 800
[[-9.1097220e-02  9.8682054e-01 -1.3235076e-01 -8.1120000e+01]
 [ 2.9281860e-02  1.3567790e-01  9.9017228e-01  1.3669000e+02]
 [ 9.9522564e-01  8.6508920e-02 -4.1100880e-02 -1.1752600e+03]
 [ 0.0000000e+00  0.0000000e+00  0.0000000e+00  1.0000000e+00]]
[-0135.51, +0104.22, -1093.97]
1625, 800, 800
[[-8.8668100e-02  9.8687222e-01 -1.3319044e-01 -8.0690000e+01]
 [ 2.9408420e-02  1.3648430e-01  9.9001276e-01  1.3664000e+02]
 [ 9.9538516e-01  8.4103160e-02 -4.0922640e-02 -1.1750200e+03]
 [ 0.0000000e+00  0.0000000e+00  0.0000000e+00  1.0000000e+00]]
[-0128.53, +0110.64, -1104.81]
1750, 800, 800
[[-8.8859040e-02  9.8687704e-01 -1.3298760e-01 -8.0670000e+01]
 [ 2.9403600e-02  1.3629336e-01  9.9003496e-01  1.3669000e+02]
 [ 9.9536296e-01  8.4306000e-02 -4.0922640e-02 -1.1750200e+03]
 [ 0.0000000e+00  0.0000000e+00  0.0000000e+00  1.0000000e+00]]
[-0123.15, +0115.80, -1117.77]
1875, 800, 800
[[-8.8286340e-02  9.8699208e-01 -1.3329276e-01 -8.0700000e+01]
 [ 2.9738640e-02  1.3650470e-01  9.9007868e-01  1.3668000e+02]
 [ 9.9550788e-01  8.3587160e-02 -4.1284000e-02 -1.1750000e+03]
 [ 0.0000000e+00  0.0000000e+00  0.0000000e+00  1.0000000e+00]]
[-0118.83, +0119.29, -1131.05]
2000, 800, 800
[[-8.8893160e-02  9.8685000e-01 -1.3338620e-01 -8.0720000e+01]
 [ 2.9386200e-02  1.3666492e-01  9.9000792e-01  1.3668000e+02]
 [ 9.9539000e-01  8.4298920e-02 -4.0967080e-02 -1.1750300e+03]
 [ 0.0000000e+00  0.0000000e+00  0.0000000e+00  1.0000000e+00]]
[-0116.10, +0120.72, -1144.03]
2125, 800, 800
[[-9.0175720e-02  9.8669194e-01 -1.3344282e-01 -8.0780000e+01]
 [ 2.9590940e-02  1.3682462e-01  9.8995314e-01  1.3671000e+02]
 [ 9.9523482e-01  8.5567860e-02 -4.1326100e-02 -1.1750300e+03]
 [ 0.0000000e+00  0.0000000e+00  0.0000000e+00  1.0000000e+00]]
[-0115.31, +0119.81, -1155.12]
750, 1220, 1220
[[-8.8791040e-02  9.8695856e-01 -1.3313488e-01 -8.0620000e+01]
 [ 2.8510880e-02  1.3627256e-01  9.9013924e-01  1.3665000e+02]
 [ 9.9548944e-01  8.4269720e-02 -4.0111440e-02 -1.1750500e+03]
 [ 0.0000000e+00  0.0000000e+00  0.0000000e+00  1.0000000e+00]]
[-0215.43, -0003.51, -1084.84]
875, 1220, 1220
[[-8.7993160e-02  9.8700010e-01 -1.3313146e-01 -8.0630000e+01]
 [ 2.8963540e-02  1.3630364e-01  9.9009770e-01  1.3668000e+02]
 [ 9.9551710e-01  8.3445460e-02 -4.0428360e-02 -1.1750100e+03]
 [ 0.0000000e+00  0.0000000e+00  0.0000000e+00  1.0000000e+00]]
[-0206.59, +0009.45, -1078.07]
1000, 1220, 1220
[[-8.7836340e-02  9.8679430e-01 -1.3330002e-01 -8.0680000e+01]
 [ 2.9350020e-02  1.3668540e-01  9.8987786e-01  1.3666000e+02]
 [ 9.9532430e-01  8.3406300e-02 -4.0653300e-02 -1.1750100e+03]
 [ 0.0000000e+00  0.0000000e+00  0.0000000e+00  1.0000000e+00]]
[-0197.59, +0021.67, -1074.10]
1125, 1220, 1220
[[-8.7993160e-02  9.8700010e-01 -1.3313146e-01 -8.0650000e+01]
 [ 2.8963540e-02  1.3630364e-01  9.9009770e-01  1.3672000e+02]
 [ 9.9551710e-01  8.3445460e-02 -4.0428360e-02 -1.1750100e+03]
 [ 0.0000000e+00  0.0000000e+00  0.0000000e+00  1.0000000e+00]]
[-0188.87, +0033.62, -1072.55]
1250, 1220, 1220
[[-8.8477200e-02  9.8686736e-01 -1.3339328e-01 -8.0680000e+01]
 [ 2.9413280e-02  1.3667520e-01  9.8999056e-01  1.3666000e+02]
 [ 9.9540736e-01  8.3900320e-02 -4.0922640e-02 -1.1749700e+03]
 [ 0.0000000e+00  0.0000000e+00  0.0000000e+00  1.0000000e+00]]
[-0179.79, +0045.26, -1072.91]
1375, 1220, 1220
[[-8.8859040e-02  9.8693844e-01 -1.3351612e-01 -8.0690000e+01]
 [ 2.8892120e-02  1.3665456e-01  9.9010524e-01  1.3672000e+02]
 [ 9.9550956e-01  8.4235720e-02 -4.0561440e-02 -1.1750200e+03]
 [ 0.0000000e+00  0.0000000e+00  0.0000000e+00  1.0000000e+00]]
[-0170.40, +0057.14, -1075.59]
1500, 1220, 1220
[[-8.9084100e-02  9.8693324e-01 -1.3350392e-01 -8.0700000e+01]
 [ 2.9077880e-02  1.3665456e-01  9.9011044e-01  1.3669000e+02]
 [ 9.9549736e-01  8.4421480e-02 -4.0786500e-02 -1.1750100e+03]
 [ 0.0000000e+00  0.0000000e+00  0.0000000e+00  1.0000000e+00]]
[-0161.81, +0067.45, -1079.80]
1625, 1220, 1220
[[-8.8702260e-02  9.8674970e-01 -1.3347650e-01 -8.0690000e+01]
 [ 2.9486500e-02  1.3685582e-01  9.8989538e-01  1.3674000e+02]
 [ 9.9529970e-01  8.4186380e-02 -4.0967080e-02 -1.1749900e+03]
 [ 0.0000000e+00  0.0000000e+00  0.0000000e+00  1.0000000e+00]]
[-0153.71, +0077.08, -1085.76]
1750, 1220, 1220
[[-8.8961640e-02  9.8671742e-01 -1.3386282e-01 -8.0740000e+01]
 [ 2.9654820e-02  1.3722726e-01  9.8987338e-01  1.3672000e+02]
 [ 9.9531458e-01  8.4364980e-02 -4.1236740e-02 -1.1750000e+03]
 [ 0.0000000e+00  0.0000000e+00  0.0000000e+00  1.0000000e+00]]
[-0146.30, +0085.49, -1093.07]
1875, 1220, 1220
[[-8.9309200e-02  9.8691096e-01 -1.3369972e-01 -8.0760000e+01]
 [ 2.9055600e-02  1.3683510e-01  9.9010560e-01  1.3675000e+02]
 [ 9.9550220e-01  8.4617280e-02 -4.0831060e-02 -1.1750100e+03]
 [ 0.0000000e+00  0.0000000e+00  0.0000000e+00  1.0000000e+00]]
[-0138.87, +0093.67, -1102.75]
2000, 1220, 1220
[[-8.9221220e-02  9.8671950e-01 -1.3383306e-01 -8.0770000e+01]
 [ 3.0239100e-02  1.3723750e-01  9.8987130e-01  1.3678000e+02]
 [ 9.9529506e-01  8.4523500e-02 -4.1867720e-02 -1.1750100e+03]
 [ 0.0000000e+00  0.0000000e+00  0.0000000e+00  1.0000000e+00]]
[-0132.49, +0100.32, -1113.46]
2125, 1220, 1220
[[-9.0504180e-02  9.8665680e-01 -1.3400172e-01 -8.0820000e+01]
 [ 3.0348000e-02  1.3739744e-01  9.8990680e-01  1.3682000e+02]
 [ 9.9525228e-01  8.5702000e-02 -4.2227380e-02 -1.1750100e+03]
 [ 0.0000000e+00  0.0000000e+00  0.0000000e+00  1.0000000e+00]]
[-0128.67, +0104.00, -1123.31]
750, 2000, 2000
[[-8.6535880e-02  9.8658452e-01 -1.3562912e-01 -8.0680000e+01]
 [ 2.8840480e-02  1.3893324e-01  9.8957452e-01  1.3676000e+02]
 [ 9.9544588e-01  8.2100480e-02 -4.0155880e-02 -1.1750500e+03]
 [ 0.0000000e+00  0.0000000e+00  0.0000000e+00  1.0000000e+00]]
[-0226.15, -0027.64, -1158.85]
875, 2000, 2000
[[-8.7264000e-02  9.8682336e-01 -1.3464448e-01 -8.0680000e+01]
 [ 2.8646080e-02  1.3779960e-01  9.8987136e-01  1.3675000e+02]
 [ 9.9555456e-01  8.2737920e-02 -4.0111440e-02 -1.1750900e+03]
 [ 0.0000000e+00  0.0000000e+00  0.0000000e+00  1.0000000e+00]]
[-0224.94, -0023.95, -1150.80]
1000, 2000, 2000
[[-8.7039060e-02  9.8686264e-01 -1.3424082e-01 -8.0620000e+01]
 [ 2.8876080e-02  1.3743840e-01  9.8988664e-01  1.3669000e+02]
 [ 9.9553234e-01  8.2531920e-02 -4.0247700e-02 -1.1750900e+03]
 [ 0.0000000e+00  0.0000000e+00  0.0000000e+00  1.0000000e+00]]
[-0222.15, -0019.91, -1140.25]
1125, 2000, 2000
[[-8.7264000e-02  9.8685760e-01 -1.3422880e-01 -8.0630000e+01]
 [ 2.9061760e-02  1.3743840e-01  9.8989168e-01  1.3672000e+02]
 [ 9.9552032e-01  8.2717600e-02 -4.0472640e-02 -1.1750600e+03]
 [ 0.0000000e+00  0.0000000e+00  0.0000000e+00  1.0000000e+00]]
[-0219.48, -0013.95, -1131.30]
1250, 2000, 2000
[[-8.7264000e-02  9.8687472e-01 -1.3402096e-01 -8.0620000e+01]
 [ 2.9269600e-02  1.3725774e-01  9.8990178e-01  1.3673000e+02]
 [ 9.9550320e-01  8.2707500e-02 -4.0653300e-02 -1.1750500e+03]
 [ 0.0000000e+00  0.0000000e+00  0.0000000e+00  1.0000000e+00]]
[-0214.56, -0005.84, -1121.19]
1375, 2000, 2000
[[-8.7870500e-02  9.8682840e-01 -1.3422690e-01 -8.0650000e+01]
 [ 2.8821600e-02  1.3741808e-01  9.8992088e-01  1.3673000e+02]
 [ 9.9549810e-01  8.3329120e-02 -4.0336420e-02 -1.1750500e+03]
 [ 0.0000000e+00  0.0000000e+00  0.0000000e+00  1.0000000e+00]]
[-0210.93, +0002.25, -1115.09]
1500, 2000, 2000
[[-8.7367080e-02  9.8686172e-01 -1.3438540e-01 -8.0680000e+01]
 [ 3.0049720e-02  1.3764902e-01  9.8986030e-01  1.3671000e+02]
 [ 9.9551620e-01  8.2645900e-02 -4.1509060e-02 -1.1750200e+03]
 [ 0.0000000e+00  0.0000000e+00  0.0000000e+00  1.0000000e+00]]
[-0202.75, +0010.88, -1107.94]
1625, 2000, 2000
[[-8.8164160e-02  9.8682024e-01 -1.3438824e-01 -8.0630000e+01]
 [ 2.9596560e-02  1.3761902e-01  9.8990178e-01  1.3675000e+02]
 [ 9.9548904e-01  8.3470380e-02 -4.1192180e-02 -1.1750000e+03]
 [ 0.0000000e+00  0.0000000e+00  0.0000000e+00  1.0000000e+00]]
[-0196.32, +0019.78, -1104.00]
1750, 2000, 2000
[[-8.8164160e-02  9.8682024e-01 -1.3438824e-01 -8.0680000e+01]
 [ 2.9596560e-02  1.3761902e-01  9.8990178e-01  1.3675000e+02]
 [ 9.9548904e-01  8.3470380e-02 -4.1192180e-02 -1.1750300e+03]
 [ 0.0000000e+00  0.0000000e+00  0.0000000e+00  1.0000000e+00]]
[-0189.75, +0028.87, -1101.85]
1875, 2000, 2000
[[-8.8095520e-02  9.8680616e-01 -1.3442272e-01 -8.0690000e+01]
 [ 2.8799360e-02  1.3759862e-01  9.8991586e-01  1.3677000e+02]
 [ 9.9550312e-01  8.3524940e-02 -4.0380900e-02 -1.1750500e+03]
 [ 0.0000000e+00  0.0000000e+00  0.0000000e+00  1.0000000e+00]]
[-0182.52, +0038.70, -1101.27]
2000, 2000, 2000
[[-8.7886600e-02  9.8675394e-01 -1.3442198e-01 -8.0730000e+01]
 [ 3.1105620e-02  1.3784940e-01  9.8975514e-01  1.3678000e+02]
 [ 9.9538186e-01  8.3062980e-02 -4.2590440e-02 -1.1750100e+03]
 [ 0.0000000e+00  0.0000000e+00  0.0000000e+00  1.0000000e+00]]
[-0175.90, +0047.18, -1102.20]
2125, 2000, 2000
[[-8.8527700e-02  9.8667966e-01 -1.3502602e-01 -8.0750000e+01]
 [ 3.0640140e-02  1.3838158e-01  9.8974734e-01  1.3672000e+02]
 [ 9.9540442e-01  8.3677140e-02 -4.2318280e-02 -1.1749800e+03]
 [ 0.0000000e+00  0.0000000e+00  0.0000000e+00  1.0000000e+00]]
[-0170.51, +0055.39, -1104.26]
2000, 2000, 2000
[[-8.7679720e-02  9.8682336e-01 -1.3442968e-01 -8.0640000e+01]
 [ 2.8826640e-02  1.3760886e-01  9.8989866e-01  1.3672000e+02]
 [ 9.9552032e-01  8.3126340e-02 -4.0336420e-02 -1.1750400e+03]
 [ 0.0000000e+00  0.0000000e+00  0.0000000e+00  1.0000000e+00]]
[-0179.36, +0044.06, -1101.92]
2000, 2000, 1875
[[-8.6848360e-02  9.8689176e-01 -1.3402800e-01 -8.0620000e+01]
 [ 2.9296800e-02  1.3726774e-01  9.8988474e-01  1.3678000e+02]
 [ 9.9552024e-01  8.2308900e-02 -4.0609060e-02 -1.1750200e+03]
 [ 0.0000000e+00  0.0000000e+00  0.0000000e+00  1.0000000e+00]]
[-0168.50, +0042.79, -1100.16]
2000, 2000, 1750
[[-8.7488980e-02  9.8696506e-01 -1.3412138e-01 -8.0610000e+01]
 [ 2.9359940e-02  1.3725774e-01  9.8999714e-01  1.3672000e+02]
 [ 9.9560362e-01  8.2802860e-02 -4.0878280e-02 -1.1750200e+03]
 [ 0.0000000e+00  0.0000000e+00  0.0000000e+00  1.0000000e+00]]
[-0155.15, +0040.15, -1099.98]
2000, 2000, 1625
[[-8.7420580e-02  9.8687276e-01 -1.3383526e-01 -8.0620000e+01]
 [ 2.8865960e-02  1.3705688e-01  9.8993092e-01  1.3673000e+02]
 [ 9.9548806e-01  8.2937480e-02 -4.0247700e-02 -1.1751100e+03]
 [ 0.0000000e+00  0.0000000e+00  0.0000000e+00  1.0000000e+00]]
[-0144.48, +0038.78, -1101.29]
2000, 2000, 1500
[[-8.7454740e-02  9.8689686e-01 -1.3361028e-01 -8.0600000e+01]
 [ 2.9472420e-02  1.3688630e-01  9.8993396e-01  1.3675000e+02]
 [ 9.9546396e-01  8.2900280e-02 -4.0834000e-02 -1.1750900e+03]
 [ 0.0000000e+00  0.0000000e+00  0.0000000e+00  1.0000000e+00]]
[-0133.65, +0037.35, -1104.20]
2000, 2000, 1375
[[-8.7939060e-02  9.8687684e-01 -1.3377670e-01 -8.0600000e+01]
 [ 3.0034600e-02  1.3707704e-01  9.8992684e-01  1.3672000e+02]
 [ 9.9544966e-01  8.3254600e-02 -4.1509060e-02 -1.1750600e+03]
 [ 0.0000000e+00  0.0000000e+00  0.0000000e+00  1.0000000e+00]]
[-0124.56, +0036.11, -1108.03]
2000, 2000, 1250
[[-8.7645520e-02  9.8698016e-01 -1.3372780e-01 -8.0590000e+01]
 [ 2.9164160e-02  1.3687622e-01  9.9003640e-01  1.3672000e+02]
 [ 9.9557140e-01  8.3022800e-02 -4.0653300e-02 -1.1750700e+03]
 [ 0.0000000e+00  0.0000000e+00  0.0000000e+00  1.0000000e+00]]
[-0115.26, +0034.90, -1113.43]
2000, 2000, 1125
[[-8.7714000e-02  9.8688184e-01 -1.3378888e-01 -8.0580000e+01]
 [ 2.9848880e-02  1.3707704e-01  9.8992184e-01  1.3673000e+02]
 [ 9.9546184e-01  8.3068880e-02 -4.1284000e-02 -1.1750600e+03]
 [ 0.0000000e+00  0.0000000e+00  0.0000000e+00  1.0000000e+00]]
[-0107.56, +0033.66, -1119.56]
2000, 2000, 1000
[[-8.7229800e-02  9.8699726e-01 -1.3373482e-01 -8.0560000e+01]
 [ 2.9191300e-02  1.3688630e-01  9.9001930e-01  1.3675000e+02]
 [ 9.9558850e-01  8.2624180e-02 -4.0609060e-02 -1.1750700e+03]
 [ 0.0000000e+00  0.0000000e+00  0.0000000e+00  1.0000000e+00]]
[-0100.72, +0032.90, -1127.00]
2000, 2000, 875
[[-8.7523300e-02  9.8691118e-01 -1.3357604e-01 -8.0530000e+01]
 [ 3.0269620e-02  1.3690622e-01  9.8991964e-01  1.3680000e+02]
 [ 9.9544964e-01  8.2846040e-02 -4.1645520e-02 -1.1750700e+03]
 [ 0.0000000e+00  0.0000000e+00  0.0000000e+00  1.0000000e+00]]
[-0095.02, +0032.28, -1134.54]
2000, 2000, 750
[[-8.7107620e-02  9.8704076e-01 -1.3348796e-01 -8.0460000e+01]
 [ 3.0409240e-02  1.3673520e-01  9.9000292e-01  1.3687000e+02]
 [ 9.9556204e-01  8.2347080e-02 -4.1782180e-02 -1.1750900e+03]
 [ 0.0000000e+00  0.0000000e+00  0.0000000e+00  1.0000000e+00]]
[-0090.06, +0032.03, -1142.57]
1220, 1220, 2125
[[-8.8375080e-02  9.8688040e-01 -1.3302932e-01 -8.0630000e+01]
 [ 2.8633400e-02  1.3628300e-01  9.9003160e-01  1.3665000e+02]
 [ 9.9539432e-01  8.3961400e-02 -4.0067080e-02 -1.1750100e+03]
 [ 0.0000000e+00  0.0000000e+00  0.0000000e+00  1.0000000e+00]]
[-0254.23, +0050.94, -1135.98]
1220, 1220, 2000
[[-8.7768260e-02  9.8715162e-01 -1.3263228e-01 -8.0580000e+01]
 [ 2.9305980e-02  1.3576142e-01  9.9021292e-01  1.3665000e+02]
 [ 9.9559068e-01  8.3139320e-02 -4.0745680e-02 -1.1750300e+03]
 [ 0.0000000e+00  0.0000000e+00  0.0000000e+00  1.0000000e+00]]
[-0246.58, +0050.11, -1120.78]
1220, 1220, 1875
[[-8.7060000e-02  9.8717680e-01 -1.3247760e-01 -8.0590000e+01]
 [ 2.8557600e-02  1.3557048e-01  9.9021464e-01  1.3665000e+02]
 [ 9.9561680e-01  8.2598640e-02 -3.9846480e-02 -1.1750500e+03]
 [ 0.0000000e+00  0.0000000e+00  0.0000000e+00  1.0000000e+00]]
[-0239.18, +0049.37, -1108.92]
1220, 1220, 1750
[[-8.7666740e-02  9.8716458e-01 -1.3226796e-01 -8.0490000e+01]
 [ 2.8525860e-02  1.3536926e-01  9.9025372e-01  1.3658000e+02]
 [ 9.9557772e-01  8.3200040e-02 -3.9890440e-02 -1.1750200e+03]
 [ 0.0000000e+00  0.0000000e+00  0.0000000e+00  1.0000000e+00]]
[-0230.92, +0048.31, -1098.96]
1220, 1220, 1625
[[-8.6734500e-02  9.8719520e-01 -1.3212490e-01 -8.0420000e+01]
 [ 2.7591440e-02  1.3517820e-01  9.9024992e-01  1.3659000e+02]
 [ 9.9561542e-01  8.2473200e-02 -3.8767140e-02 -1.1750000e+03]
 [ 0.0000000e+00  0.0000000e+00  0.0000000e+00  1.0000000e+00]]
[-0220.92, +0047.12, -1090.06]
1220, 1220, 1500
[[-8.7442000e-02  9.8718656e-01 -1.3207208e-01 -8.0490000e+01]
 [ 2.8547840e-02  1.3518848e-01  9.9025856e-01  1.3664000e+02]
 [ 9.9557288e-01  8.3004160e-02 -3.9846480e-02 -1.1750100e+03]
 [ 0.0000000e+00  0.0000000e+00  0.0000000e+00  1.0000000e+00]]
[-0210.04, +0045.87, -1082.94]
1220, 1220, 1375
[[-8.7060000e-02  9.8711508e-01 -1.3194956e-01 -8.0510000e+01]
 [ 2.9068760e-02  1.3520880e-01  9.9014412e-01  1.3664000e+02]
 [ 9.9547068e-01  8.2669160e-02 -4.0208160e-02 -1.1750200e+03]
 [ 0.0000000e+00  0.0000000e+00  0.0000000e+00  1.0000000e+00]]
[-0198.28, +0044.48, -1077.37]
1220, 1220, 1250
[[-8.7442000e-02  9.8718656e-01 -1.3207208e-01 -8.0510000e+01]
 [ 2.8547840e-02  1.3518848e-01  9.9025856e-01  1.3656000e+02]
 [ 9.9557288e-01  8.3004160e-02 -3.9846480e-02 -1.1750300e+03]
 [ 0.0000000e+00  0.0000000e+00  0.0000000e+00  1.0000000e+00]]
[-0185.50, +0042.78, -1073.32]
1220, 1220, 1125
[[-8.6678160e-02  9.8721764e-01 -1.3225972e-01 -8.0500000e+01]
 [ 2.9190920e-02  1.3540974e-01  9.9020066e-01  1.3662000e+02]
 [ 9.9560996e-01  8.2163180e-02 -4.0389060e-02 -1.1749800e+03]
 [ 0.0000000e+00  0.0000000e+00  0.0000000e+00  1.0000000e+00]]
[-0171.78, +0041.16, -1071.03]
1220, 1220, 1000
[[-8.6577000e-02  9.8734290e-01 -1.3179950e-01 -8.0420000e+01]
 [ 2.8522900e-02  1.3483692e-01  9.9034170e-01  1.3657000e+02]
 [ 9.9569250e-01  8.2123300e-02 -3.9715080e-02 -1.1749900e+03]
 [ 0.0000000e+00  0.0000000e+00  0.0000000e+00  1.0000000e+00]]
[-0157.18, +0039.36, -1070.61]
1220, 1220, 875
[[-8.6992640e-02  9.8730912e-01 -1.3200048e-01 -8.0470000e+01]
 [ 2.8288320e-02  1.3500766e-01  9.9034872e-01  1.3651000e+02]
 [ 9.9569232e-01  8.2531920e-02 -3.9577940e-02 -1.1750400e+03]
 [ 0.0000000e+00  0.0000000e+00  0.0000000e+00  1.0000000e+00]]
[-0142.40, +0037.43, -1072.11]
1220, 1220, 750
[[-8.6476560e-02  9.8735604e-01 -1.3143472e-01 -8.0390000e+01]
 [ 2.7742520e-02  1.3444464e-01  9.9038196e-01  1.3658000e+02]
 [ 9.9567936e-01  8.2183480e-02 -3.8860560e-02 -1.1750400e+03]
 [ 0.0000000e+00  0.0000000e+00  0.0000000e+00  1.0000000e+00]]
[-0128.29, +0035.67, -1075.71]
800, 800, 2125
[[-8.7442000e-02  9.8707420e-01 -1.3216760e-01 -8.0490000e+01]
 [ 2.8435480e-02  1.3536926e-01  9.9015820e-01  1.3653000e+02]
 [ 9.9547736e-01  8.3104520e-02 -3.9665700e-02 -1.1749900e+03]
 [ 0.0000000e+00  0.0000000e+00  0.0000000e+00  1.0000000e+00]]
[-0270.23, +0053.50, -1173.27]
800, 800, 2000
[[-8.7150180e-02  9.8719490e-01 -1.3191036e-01 -8.0440000e+01]
 [ 2.7772500e-02  1.3498710e-01  9.9027700e-01  1.3650000e+02]
 [ 9.9558164e-01  8.2861800e-02 -3.8991720e-02 -1.1750100e+03]
 [ 0.0000000e+00  0.0000000e+00  0.0000000e+00  1.0000000e+00]]
[-0269.49, +0052.81, -1155.37]
800, 800, 1875
[[-8.6925600e-02  9.8734580e-01 -1.3141100e-01 -8.0400000e+01]
 [ 2.8114520e-02  1.3444464e-01  9.9039220e-01  1.3650000e+02]
 [ 9.9565564e-01  8.2555480e-02 -3.9309600e-02 -1.1750100e+03]
 [ 0.0000000e+00  0.0000000e+00  0.0000000e+00  1.0000000e+00]]
[-0268.12, +0052.31, -1141.51]
800, 800, 1750
[[-8.6476560e-02  9.8735604e-01 -1.3143472e-01 -8.0390000e+01]
 [ 2.7742520e-02  1.3444464e-01  9.9038196e-01  1.3650000e+02]
 [ 9.9567936e-01  8.2183480e-02 -3.8860560e-02 -1.1750200e+03]
 [ 0.0000000e+00  0.0000000e+00  0.0000000e+00  1.0000000e+00]]
[-0265.61, +0051.68, -1129.20]
800, 800, 1625
[[-8.6443240e-02  9.8744496e-01 -1.3156388e-01 -8.0360000e+01]
 [ 2.7248280e-02  1.3443436e-01  9.9047904e-01  1.3649000e+02]
 [ 9.9579824e-01  8.2119720e-02 -3.8455240e-02 -1.1750200e+03]
 [ 0.0000000e+00  0.0000000e+00  0.0000000e+00  1.0000000e+00]]
[-0260.93, +0050.80, -1115.59]
800, 800, 1500
[[-8.6318900e-02  9.8726238e-01 -1.3150824e-01 -8.0380000e+01]
 [ 2.8241580e-02  1.3464590e-01  9.9026296e-01  1.3643000e+02]
 [ 9.9558216e-01  8.2044560e-02 -3.9265960e-02 -1.1750000e+03]
 [ 0.0000000e+00  0.0000000e+00  0.0000000e+00  1.0000000e+00]]
[-0253.93, +0049.83, -1102.56]
800, 800, 1375
[[-8.6509960e-02  9.8737950e-01 -1.3120998e-01 -8.0340000e+01]
 [ 2.8348980e-02  1.3427390e-01  9.9038514e-01  1.3647000e+02]
 [ 9.9565590e-01  8.2146900e-02 -3.9446900e-02 -1.1749800e+03]
 [ 0.0000000e+00  0.0000000e+00  0.0000000e+00  1.0000000e+00]]
[-0246.26, +0048.70, -1092.27]
800, 800, 1250
[[-8.6701060e-02  9.8736762e-01 -1.3121506e-01 -8.0350000e+01]
 [ 2.8136340e-02  1.3426374e-01  9.9039702e-01  1.3648000e+02]
 [ 9.9565082e-01  8.2359540e-02 -3.9265960e-02 -1.1749900e+03]
 [ 0.0000000e+00  0.0000000e+00  0.0000000e+00  1.0000000e+00]]
[-0235.76, +0047.26, -1081.53]
800, 800, 1125
[[-8.6218820e-02  9.8738778e-01 -1.3104786e-01 -8.0290000e+01]
 [ 2.7573420e-02  1.3407260e-01  9.9040346e-01  1.3652000e+02]
 [ 9.9566454e-01  8.2004140e-02 -3.8592580e-02 -1.1750300e+03]
 [ 0.0000000e+00  0.0000000e+00  0.0000000e+00  1.0000000e+00]]
[-0223.39, +0045.63, -1072.21]
800, 800, 1000
[[-8.6410000e-02  9.8737600e-01 -1.3105300e-01 -8.0330000e+01]
 [ 2.7360800e-02  1.3406232e-01  9.9041524e-01  1.3648000e+02]
 [ 9.9565940e-01  8.2216760e-02 -3.8411680e-02 -1.1750400e+03]
 [ 0.0000000e+00  0.0000000e+00  0.0000000e+00  1.0000000e+00]]
[-0209.06, +0044.25, -1064.31]
800, 800, 875
[[-8.6634420e-02  9.8740408e-01 -1.3062556e-01 -8.0260000e+01]
 [ 2.7962480e-02  1.3370048e-01  9.9044024e-01  1.3646000e+02]
 [ 9.9561436e-01  8.2382960e-02 -3.8997940e-02 -1.1750500e+03]
 [ 0.0000000e+00  0.0000000e+00  0.0000000e+00  1.0000000e+00]]
[-0194.28, +0042.33, -1058.70]
