945, 1029, 1206
[[-3.2866882e-01  8.8272120e-02 -9.4023152e-01  6.1200000e+01]
 [ 1.7938680e-02  9.9602616e-01  8.7233280e-02  8.3590000e+01]
 [ 9.4419568e-01  1.1809920e-02 -3.2894602e-01 -1.1156000e+03]
 [ 0.0000000e+00  0.0000000e+00  0.0000000e+00  1.0000000e+00]]
[+0096.84, -0055.14, -0986.77]
1025, 1027, 1111
[[-3.2831880e-01  8.8040280e-02 -9.4029176e-01  6.1180000e+01]
 [ 1.8157480e-02  9.9605040e-01  8.6907960e-02  8.3550000e+01]
 [ 9.4422984e-01  1.1471560e-02 -3.2862024e-01 -1.1156100e+03]
 [ 0.0000000e+00  0.0000000e+00  0.0000000e+00  1.0000000e+00]]
[+0092.75, -0036.33, -0984.62]
1844, 1838, 1229
[[-3.3154234e-01  8.5880780e-02 -9.3925098e-01  6.0950000e+01]
 [ 1.6859620e-02  9.9622748e-01  8.5118220e-02  8.3420000e+01]
 [ 9.4301838e-01  1.2403620e-02 -3.3173882e-01 -1.1156000e+03]
 [ 0.0000000e+00  0.0000000e+00  0.0000000e+00  1.0000000e+00]]
[+0123.78, +0028.32, -1017.41]
1652, 2165, 998
[[-3.3122818e-01  8.6001900e-02 -9.3945538e-01  6.0940000e+01]
 [ 1.6725900e-02  9.9621550e-01  8.5287900e-02  8.3490000e+01]
 [ 9.4323538e-01  1.2548100e-02 -3.3141268e-01 -1.1156300e+03]
 [ 0.0000000e+00  0.0000000e+00  0.0000000e+00  1.0000000e+00]]
[+0169.97, +0028.22, -1031.84]
2233, 2063, 2026
[[-3.3284730e-01  8.4087300e-02 -9.3912580e-01  6.0830000e+01]
 [ 1.5113980e-02  9.9636366e-01  8.3848200e-02  8.3230000e+01]
 [ 9.4276164e-01  1.3721480e-02 -3.3290760e-01 -1.1156000e+03]
 [ 0.0000000e+00  0.0000000e+00  0.0000000e+00  1.0000000e+00]]
[+0095.84, -0017.61, -1026.53]
1317, 2039, 1329
[[-3.2993604e-01  8.7746040e-02 -9.3957896e-01  6.1100000e+01]
 [ 1.8190960e-02  9.9607548e-01  8.6607480e-02  8.3560000e+01]
 [ 9.4349196e-01  1.1506480e-02 -3.3023652e-01 -1.1155900e+03]
 [ 0.0000000e+00  0.0000000e+00  0.0000000e+00  1.0000000e+00]]
[+0166.05, -0017.57, -1006.30]
2052, 974, 784
[[-3.3103650e-01  8.8406940e-02 -9.3922708e-01  6.1140000e+01]
 [ 1.6590820e-02  9.9599190e-01  8.7883560e-02  8.3500000e+01]
 [ 9.4323276e-01  1.3527320e-02 -3.3117576e-01 -1.1155600e+03]
 [ 0.0000000e+00  0.0000000e+00  0.0000000e+00  1.0000000e+00]]
[+0071.85, +0055.33, -1075.22]
2104, 1681, 1620
[[-3.3195322e-01  8.5716420e-02 -9.3935902e-01  6.0940000e+01]
 [ 1.5079380e-02  9.9621766e-01  8.5573380e-02  8.3310000e+01]
 [ 9.4314118e-01  1.4243820e-02 -3.3199012e-01 -1.1156000e+03]
 [ 0.0000000e+00  0.0000000e+00  0.0000000e+00  1.0000000e+00]]
[+0083.82, +0007.19, -1027.22]
954, 2036, 1066
[[-3.2927218e-01  8.8287260e-02 -9.3981920e-01  6.1130000e+01]
 [ 1.8927260e-02  9.9603518e-01  8.6914400e-02  8.3600000e+01]
 [ 9.4376720e-01  1.0849600e-02 -3.2963700e-01 -1.1155800e+03]
 [ 0.0000000e+00  0.0000000e+00  0.0000000e+00  1.0000000e+00]]
[+0198.87, -0020.05, -1020.02]
793, 1451, 1802
[[-3.2831880e-01  8.7714520e-02 -9.4030384e-01  6.1170000e+01]
 [ 1.7831720e-02  9.9607640e-01  8.6676560e-02  8.3480000e+01]
 [ 9.4421776e-01  1.1702960e-02 -3.2859424e-01 -1.1155900e+03]
 [ 0.0000000e+00  0.0000000e+00  0.0000000e+00  1.0000000e+00]]
[+0141.38, -0107.70, -1032.02]
