1000, 800, 800
[[-3.7213194e-01 -8.2062160e-02 -9.2433196e-01  1.7025000e+02]
 [ 3.6433840e-02  9.9402230e-01 -1.0291028e-01  9.2700000e+01]
 [ 9.2725204e-01 -7.1998280e-02 -3.6691600e-01 -1.3291900e+03]
 [ 0.0000000e+00  0.0000000e+00  0.0000000e+00  1.0000000e+00]]
[+0197.07, +0015.83, -1189.45]
1000, 1080, 1080
[[-3.7252626e-01 -8.3206340e-02 -9.2405180e-01  1.7015000e+02]
 [ 3.5919100e-02  9.9393054e-01 -1.0397116e-01  9.2590000e+01]
 [ 9.2709484e-01 -7.1950600e-02 -3.6727476e-01 -1.3291900e+03]
 [ 0.0000000e+00  0.0000000e+00  0.0000000e+00  1.0000000e+00]]
[+0226.44, -0006.92, -1184.19]
1000, 1360, 1360
[[-3.7225962e-01 -8.3715380e-02 -9.2408588e-01  1.7012000e+02]
 [ 3.6103220e-02  9.9386078e-01 -1.0457132e-01  9.2550000e+01]
 [ 9.2716748e-01 -7.2321080e-02 -3.6694984e-01 -1.3291800e+03]
 [ 0.0000000e+00  0.0000000e+00  0.0000000e+00  1.0000000e+00]]
[+0251.09, -0026.24, -1190.47]
1000, 1640, 1640
[[-3.7300690e-01 -8.4467440e-02 -9.2378068e-01  1.7005000e+02]
 [ 3.6182320e-02  9.9376326e-01 -1.0546936e-01  9.2450000e+01]
 [ 9.2692844e-01 -7.2788720e-02 -3.6762280e-01 -1.3291700e+03]
 [ 0.0000000e+00  0.0000000e+00  0.0000000e+00  1.0000000e+00]]
[+0275.25, -0042.66, -1205.61]
1000, 1920, 1920
[[-3.7468258e-01 -8.5500320e-02 -9.2294888e-01  1.6997000e+02]
 [ 3.5200480e-02  9.9370592e-01 -1.0633592e-01  9.2350000e+01]
 [ 9.2623208e-01 -7.2360880e-02 -3.6931266e-01 -1.3291500e+03]
 [ 0.0000000e+00  0.0000000e+00  0.0000000e+00  1.0000000e+00]]
[+0294.68, -0051.64, -1227.89]
1220, 800, 800
[[-3.7182250e-01 -8.2182000e-02 -9.2438250e-01  1.7024000e+02]
 [ 3.6559200e-02  9.9400112e-01 -1.0306776e-01  9.2670000e+01]
 [ 9.2730810e-01 -7.2150240e-02 -3.6658538e-01 -1.3292100e+03]
 [ 0.0000000e+00  0.0000000e+00  0.0000000e+00  1.0000000e+00]]
[+0182.19, +0032.05, -1208.25]
1220, 1080, 1080
[[-3.7157704e-01 -8.3629680e-02 -9.2436064e-01  1.7016000e+02]
 [ 3.6029040e-02  9.9388216e-01 -1.0439328e-01  9.2570000e+01]
 [ 9.2743648e-01 -7.2125760e-02 -3.6628864e-01 -1.3292100e+03]
 [ 0.0000000e+00  0.0000000e+00  0.0000000e+00  1.0000000e+00]]
[+0208.31, +0010.38, -1194.61]
1220, 1360, 1360
[[-3.7298536e-01 -8.3694080e-02 -9.2382664e-01  1.7010000e+02]
 [ 3.6731840e-02  9.9380784e-01 -1.0485632e-01  9.2540000e+01]
 [ 9.2688248e-01 -7.3071040e-02 -3.6759976e-01 -1.3291900e+03]
 [ 0.0000000e+00  0.0000000e+00  0.0000000e+00  1.0000000e+00]]
[+0231.24, -0009.85, -1193.39]
1220, 1640, 1640
[[-3.7329460e-01 -8.4401160e-02 -9.2372232e-01  1.7006000e+02]
 [ 3.5779440e-02  9.9380044e-01 -1.0525836e-01  9.2480000e+01]
 [ 9.2687988e-01 -7.2359760e-02 -3.6795940e-01 -1.3291900e+03]
 [ 0.0000000e+00  0.0000000e+00  0.0000000e+00  1.0000000e+00]]
[+0255.29, -0026.25, -1200.32]
1220, 1920, 1920
[[-3.7366842e-01 -8.5764140e-02 -9.2342208e-01  1.6999000e+02]
 [ 3.4820940e-02  9.9371526e-01 -1.0637704e-01  9.2340000e+01]
 [ 9.2674232e-01 -7.1924160e-02 -3.6833232e-01 -1.3291800e+03]
 [ 0.0000000e+00  0.0000000e+00  0.0000000e+00  1.0000000e+00]]
[+0277.64, -0042.83, -1217.24]
1220, 2200, 2200
[[-3.7223584e-01 -8.8279280e-02 -9.2368816e-01  1.6980000e+02]
 [ 3.8034160e-02  9.9317600e-01 -1.1023888e-01  9.2380000e+01]
 [ 9.2711728e-01 -7.6196960e-02 -3.6633600e-01 -1.3293500e+03]
 [ 0.0000000e+00  0.0000000e+00  0.0000000e+00  1.0000000e+00]]
[+0289.78, -0042.50, -1232.04]
1450, 800, 800
[[-3.7217434e-01 -8.2606180e-02 -9.2413988e-01  1.7018000e+02]
 [ 3.6316580e-02  9.9396878e-01 -1.0346212e-01  9.2690000e+01]
 [ 9.2711348e-01 -7.2107720e-02 -3.6692712e-01 -1.3292100e+03]
 [ 0.0000000e+00  0.0000000e+00  0.0000000e+00  1.0000000e+00]]
[+0191.18, +0026.81, -1210.61]
1450, 1080, 1080
[[-3.7320900e-01 -8.3457420e-02 -9.2376606e-01  1.7013000e+02]
 [ 3.5827980e-02  9.9390350e-01 -1.0426114e-01  9.2550000e+01]
 [ 9.2683614e-01 -7.2033940e-02 -3.6794194e-01 -1.3291700e+03]
 [ 0.0000000e+00  0.0000000e+00  0.0000000e+00  1.0000000e+00]]
[+0192.26, +0026.56, -1211.67]
1450, 1360, 1360
[[-3.7329460e-01 -8.3739640e-02 -9.2376528e-01  1.7008000e+02]
 [ 3.6440960e-02  9.9382364e-01 -1.0481076e-01  9.2520000e+01]
 [ 9.2683692e-01 -7.2807360e-02 -3.6793620e-01 -1.3291400e+03]
 [ 0.0000000e+00  0.0000000e+00  0.0000000e+00  1.0000000e+00]]
[+0212.55, +0006.64, -1203.08]
1450, 1640, 1640
[[-3.7360392e-01 -8.4446880e-02 -9.2366104e-01  1.7005000e+02]
 [ 3.5488480e-02  9.9381600e-01 -1.0521264e-01  9.2480000e+01]
 [ 9.2683416e-01 -7.2096160e-02 -3.6829608e-01 -1.3291900e+03]
 [ 0.0000000e+00  0.0000000e+00  0.0000000e+00  1.0000000e+00]]
[+0234.65, -0011.56, -1202.96]
1450, 1920, 1920
[[-3.7329460e-01 -8.5548080e-02 -9.2348176e-01  1.6999000e+02]
 [ 3.4611040e-02  9.9375830e-01 -1.0603858e-01  9.2360000e+01]
 [ 9.2678968e-01 -7.1579540e-02 -3.6800154e-01 -1.3292100e+03]
 [ 0.0000000e+00  0.0000000e+00  0.0000000e+00  1.0000000e+00]]
[+0258.63, -0030.41, -1212.06]
1450, 2200, 2200
[[-3.7423882e-01 -8.7615360e-02 -9.2279438e-01  1.6983000e+02]
 [ 3.5342640e-02  9.9345072e-01 -1.0864224e-01  9.2290000e+01]
 [ 9.2627038e-01 -7.3319760e-02 -3.6868810e-01 -1.3292200e+03]
 [ 0.0000000e+00  0.0000000e+00  0.0000000e+00  1.0000000e+00]]
[+0277.71, -0036.50, -1226.27]
1700, 800, 800
[[-3.7320900e-01 -8.2806560e-02 -9.2397408e-01  1.7015000e+02]
 [ 3.6500160e-02  9.9392622e-01 -1.0381634e-01  9.2660000e+01]
 [ 9.2695888e-01 -7.2478740e-02 -3.6791922e-01 -1.3292200e+03]
 [ 0.0000000e+00  0.0000000e+00  0.0000000e+00  1.0000000e+00]]
[+0179.99, +0041.06, -1233.67]
1700, 1080, 1080
[[-3.7323034e-01 -8.3900080e-02 -9.2374182e-01  1.7010000e+02]
 [ 3.5609120e-02  9.9387056e-01 -1.0465032e-01  9.2510000e+01]
 [ 9.2686038e-01 -7.1975520e-02 -3.6795354e-01 -1.3291600e+03]
 [ 0.0000000e+00  0.0000000e+00  0.0000000e+00  1.0000000e+00]]
[+0182.08, +0040.81, -1234.09]
1700, 1360, 1360
[[-3.7325172e-01 -8.4332040e-02 -9.2355212e-01  1.7006000e+02]
 [ 3.5379560e-02  9.9383742e-01 -1.0503654e-01  9.2460000e+01]
 [ 9.2671932e-01 -7.1920060e-02 -3.6796530e-01 -1.3291900e+03]
 [ 0.0000000e+00  0.0000000e+00  0.0000000e+00  1.0000000e+00]]
[+0197.78, +0022.14, -1218.63]
1700, 1640, 1640
[[-3.7364688e-01 -8.4814520e-02 -9.2331356e-01  1.7001000e+02]
 [ 3.5525320e-02  9.9376710e-01 -1.0564936e-01  9.2420000e+01]
 [ 9.2652004e-01 -7.2321040e-02 -3.6830202e-01 -1.3291700e+03]
 [ 0.0000000e+00  0.0000000e+00  0.0000000e+00  1.0000000e+00]]
[+0217.32, +0004.83, -1211.55]
1700, 1920, 1920
[[-3.7430856e-01 -8.5449960e-02 -9.2299788e-01  1.6996000e+02]
 [ 3.4825320e-02  9.9374294e-01 -1.0610906e-01  9.2330000e+01]
 [ 9.2629044e-01 -7.1904380e-02 -3.6898786e-01 -1.3291500e+03]
 [ 0.0000000e+00  0.0000000e+00  0.0000000e+00  1.0000000e+00]]
[+0241.36, -0017.13, -1212.92]
1700, 2200, 2200
[[-3.7448200e-01 -8.6840520e-02 -9.2294064e-01  1.6988000e+02]
 [ 3.5223240e-02  9.9355096e-01 -1.0776792e-01  9.2280000e+01]
 [ 9.2634768e-01 -7.2892560e-02 -3.6900640e-01 -1.3291800e+03]
 [ 0.0000000e+00  0.0000000e+00  0.0000000e+00  1.0000000e+00]]
[+0264.31, -0028.71, -1222.88]
800, 1000, 800
[[-3.7190762e-01 -8.2475460e-02 -9.2454744e-01  1.7022000e+02]
 [ 3.7183260e-02  9.9392150e-01 -1.0361968e-01  9.2740000e+01]
 [ 9.2747376e-01 -7.2920720e-02 -3.6657988e-01 -1.3292500e+03]
 [ 0.0000000e+00  0.0000000e+00  0.0000000e+00  1.0000000e+00]]
[+0243.68, +0000.70, -1181.70]
1080, 1000, 1080
[[-3.7192900e-01 -8.2742100e-02 -9.2436870e-01  1.7019000e+02]
 [ 3.7119300e-02  9.9389462e-01 -1.0389426e-01  9.2670000e+01]
 [ 9.2732190e-01 -7.2976740e-02 -3.6658538e-01 -1.3292400e+03]
 [ 0.0000000e+00  0.0000000e+00  0.0000000e+00  1.0000000e+00]]
[+0207.60, -0004.14, -1190.86]
1360, 1000, 1360
[[-3.7327314e-01 -8.3286260e-02 -9.2362420e-01  1.7013000e+02]
 [ 3.6649100e-02  9.9385646e-01 -1.0441876e-01  9.2610000e+01]
 [ 9.2664724e-01 -7.2868600e-02 -3.6792484e-01 -1.3291800e+03]
 [ 0.0000000e+00  0.0000000e+00  0.0000000e+00  1.0000000e+00]]
[+0185.98, -0013.38, -1214.46]
1640, 1000, 1640
[[-3.7327314e-01 -8.3793120e-02 -9.2375742e-01  1.7011000e+02]
 [ 3.6163680e-02  9.9383936e-01 -1.0475728e-01  9.2550000e+01]
 [ 9.2684478e-01 -7.2530080e-02 -3.6794194e-01 -1.3291900e+03]
 [ 0.0000000e+00  0.0000000e+00  0.0000000e+00  1.0000000e+00]]
[+0172.87, -0020.61, -1243.29]
1920, 1000, 1920
[[-3.7397770e-01 -8.5313760e-02 -9.2339312e-01  1.7003000e+02]
 [ 3.5026080e-02  9.9374904e-01 -1.0599564e-01  9.2350000e+01]
 [ 9.2666416e-01 -7.1996280e-02 -3.6865090e-01 -1.3291800e+03]
 [ 0.0000000e+00  0.0000000e+00  0.0000000e+00  1.0000000e+00]]
[+0171.56, -0029.13, -1272.35]
800, 1220, 800
[[-3.7155570e-01 -8.1534280e-02 -9.2449144e-01  1.7023000e+02]
 [ 3.7900360e-02  9.9396974e-01 -1.0288352e-01  9.2830000e+01]
 [ 9.2730568e-01 -7.3304960e-02 -3.6622240e-01 -1.3292700e+03]
 [ 0.0000000e+00  0.0000000e+00  0.0000000e+00  1.0000000e+00]]
[+0265.80, +0017.21, -1178.23]
1080, 1220, 1080
[[-3.7263316e-01 -8.2774100e-02 -9.2410194e-01  1.7014000e+02]
 [ 3.7470940e-02  9.9385724e-01 -1.0412610e-01  9.2660000e+01]
 [ 9.2704470e-01 -7.3449060e-02 -3.6724116e-01 -1.3292000e+03]
 [ 0.0000000e+00  0.0000000e+00  0.0000000e+00  1.0000000e+00]]
[+0232.23, +0005.61, -1185.93]
1360, 1220, 1360
[[-3.7325172e-01 -8.3515840e-02 -9.2377100e-01  1.7012000e+02]
 [ 3.6217160e-02  9.9386652e-01 -1.0448000e-01  9.2600000e+01]
 [ 9.2683120e-01 -7.2476600e-02 -3.6793620e-01 -1.3291800e+03]
 [ 0.0000000e+00  0.0000000e+00  0.0000000e+00  1.0000000e+00]]
[+0206.23, -0004.25, -1202.88]
1640, 1220, 1640
[[-3.7263316e-01 -8.4096820e-02 -9.2401602e-01  1.7010000e+02]
 [ 3.6148220e-02  9.9381212e-01 -1.0502178e-01  9.2540000e+01]
 [ 9.2713062e-01 -7.2553380e-02 -3.6728628e-01 -1.3292400e+03]
 [ 0.0000000e+00  0.0000000e+00  0.0000000e+00  1.0000000e+00]]
[+0187.44, -0013.25, -1226.36]
1920, 1220, 1920
[[-3.7362538e-01 -8.5695080e-02 -9.2325210e-01  1.7001000e+02]
 [ 3.4421080e-02  9.9375212e-01 -1.0615500e-01  9.2360000e+01]
 [ 9.2658150e-01 -7.1484600e-02 -3.6833850e-01 -1.3292200e+03]
 [ 0.0000000e+00  0.0000000e+00  0.0000000e+00  1.0000000e+00]]
[+0178.49, -0024.04, -1253.98]
2200, 1220, 2200
[[-3.7835802e-01 -8.8930020e-02 -9.2118954e-01  1.6982000e+02]
 [ 2.8283820e-02  9.9379670e-01 -1.0754806e-01  9.1780000e+01]
 [ 9.2503986e-01 -6.6768340e-02 -3.7349428e-01 -1.3290100e+03]
 [ 0.0000000e+00  0.0000000e+00  0.0000000e+00  1.0000000e+00]]
[+0182.26, -0025.84, -1267.35]
800, 1450, 800
[[-3.7221690e-01 -8.2664820e-02 -9.2414494e-01  1.7016000e+02]
 [ 3.6705860e-02  9.9393180e-01 -1.0368078e-01  9.2670000e+01]
 [ 9.2710842e-01 -7.2550340e-02 -3.6692154e-01 -1.3292200e+03]
 [ 0.0000000e+00  0.0000000e+00  0.0000000e+00  1.0000000e+00]]
[+0257.61, +0014.31, -1185.65]
1080, 1450, 1080
[[-3.7252626e-01 -8.3713000e-02 -9.2418522e-01  1.7013000e+02]
 [ 3.5433720e-02  9.9391320e-01 -1.0430996e-01  9.2600000e+01]
 [ 9.2729210e-01 -7.1611800e-02 -3.6729210e-01 -1.3291900e+03]
 [ 0.0000000e+00  0.0000000e+00  0.0000000e+00  1.0000000e+00]]
[+0255.24, +0013.50, -1187.26]
1360, 1450, 1360
[[-3.7351848e-01 -8.3988720e-02 -9.2350748e-01  1.7008000e+02]
 [ 3.5030320e-02  9.9390144e-01 -1.0454808e-01  9.2550000e+01]
 [ 9.2665692e-01 -7.1437520e-02 -3.6829608e-01 -1.3291800e+03]
 [ 0.0000000e+00  0.0000000e+00  0.0000000e+00  1.0000000e+00]]
[+0228.04, +0003.84, -1197.19]
1640, 1450, 1640
[[-3.7320900e-01 -8.4284320e-02 -9.2371276e-01  1.7007000e+02]
 [ 3.5001080e-02  9.9387420e-01 -1.0482064e-01  9.2510000e+01]
 [ 9.2688944e-01 -7.1474440e-02 -3.6797124e-01 -1.3291800e+03]
 [ 0.0000000e+00  0.0000000e+00  0.0000000e+00  1.0000000e+00]]
[+0205.58, -0006.74, -1214.57]
1920, 1450, 1920
[[-3.7428706e-01 -8.5679800e-02 -9.2314490e-01  1.6999000e+02]
 [ 3.4393400e-02  9.9375212e-01 -1.0617028e-01  9.2350000e+01]
 [ 9.2647430e-01 -7.1512280e-02 -3.6900018e-01 -1.3291800e+03]
 [ 0.0000000e+00  0.0000000e+00  0.0000000e+00  1.0000000e+00]]
[+0189.86, -0017.60, -1238.78]
2200, 1450, 2200
[[-3.7689250e-01 -8.8333400e-02 -9.2186570e-01  1.6985000e+02]
 [ 3.1035800e-02  9.9367692e-01 -1.0789588e-01  9.1970000e+01]
 [ 9.2556790e-01 -6.9296120e-02 -3.7176658e-01 -1.3290800e+03]
 [ 0.0000000e+00  0.0000000e+00  0.0000000e+00  1.0000000e+00]]
[+0188.99, -0021.84, -1256.28]
800, 1700, 800
[[-3.7254756e-01 -8.2502260e-02 -9.2426758e-01  1.7016000e+02]
 [ 3.6868420e-02  9.9393734e-01 -1.0357946e-01  9.2680000e+01]
 [ 9.2720974e-01 -7.2672980e-02 -3.6724666e-01 -1.3291900e+03]
 [ 0.0000000e+00  0.0000000e+00  0.0000000e+00  1.0000000e+00]]
[+0281.33, +0021.56, -1193.95]
1080, 1700, 1080
[[-3.7256890e-01 -8.3760940e-02 -9.2402472e-01  1.7009000e+02]
 [ 3.5812340e-02  9.9387638e-01 -1.0452576e-01  9.2590000e+01]
 [ 9.2712192e-01 -7.2057360e-02 -3.6728628e-01 -1.3291900e+03]
 [ 0.0000000e+00  0.0000000e+00  0.0000000e+00  1.0000000e+00]]
[+0280.32, +0021.22, -1195.54]
1360, 1700, 1360
[[-3.7259028e-01 -8.4038240e-02 -9.2401112e-01  1.7007000e+02]
 [ 3.5758960e-02  9.9384918e-01 -1.0480306e-01  9.2560000e+01]
 [ 9.2713552e-01 -7.2110740e-02 -3.6729210e-01 -1.3292200e+03]
 [ 0.0000000e+00  0.0000000e+00  0.0000000e+00  1.0000000e+00]]
[+0251.34, +0012.48, -1197.41]
1640, 1700, 1640
[[-3.7360392e-01 -8.4612280e-02 -9.2365032e-01  1.7003000e+02]
 [ 3.5323080e-02  9.9381006e-01 -1.0532452e-01  9.2490000e+01]
 [ 9.2684488e-01 -7.1984280e-02 -3.6830202e-01 -1.3291900e+03]
 [ 0.0000000e+00  0.0000000e+00  0.0000000e+00  1.0000000e+00]]
[+0226.18, +0002.30, -1208.27]
1920, 1700, 1920
[[-3.7428706e-01 -8.5669060e-02 -9.2297946e-01  1.6997000e+02]
 [ 3.4382660e-02  9.9375212e-01 -1.0616718e-01  9.2350000e+01]
 [ 9.2630886e-01 -7.1515380e-02 -3.6900018e-01 -1.3292000e+03]
 [ 0.0000000e+00  0.0000000e+00  0.0000000e+00  1.0000000e+00]]
[+0206.27, -0009.44, -1226.31]
2200, 1700, 2200
[[-3.7561090e-01 -8.7448480e-02 -9.2248084e-01  1.6989000e+02]
 [ 3.2495840e-02  9.9368150e-01 -1.0742312e-01  9.2140000e+01]
 [ 9.2604652e-01 -7.0345360e-02 -3.7039464e-01 -1.3291800e+03]
 [ 0.0000000e+00  0.0000000e+00  0.0000000e+00  1.0000000e+00]]
[+0197.62, -0017.57, -1245.85]
800, 800, 1000
[[-3.7190762e-01 -8.2123500e-02 -9.2423820e-01  1.7022000e+02]
 [ 3.7492500e-02  9.9393238e-01 -1.0339020e-01  9.2670000e+01]
 [ 9.2712180e-01 -7.3150200e-02 -3.6656900e-01 -1.3291900e+03]
 [ 0.0000000e+00  0.0000000e+00  0.0000000e+00  1.0000000e+00]]
[+0206.49, -0023.00, -1195.00]
1080, 1080, 1000
[[-3.7215312e-01 -8.2835440e-02 -9.2428680e-01  1.7019000e+02]
 [ 3.5884560e-02  9.9397872e-01 -1.0352360e-01  9.2650000e+01]
 [ 9.2729720e-01 -7.1715600e-02 -3.6693840e-01 -1.3292200e+03]
 [ 0.0000000e+00  0.0000000e+00  0.0000000e+00  1.0000000e+00]]
[+0220.58, +0011.45, -1186.84]
1360, 1360, 1000
[[-3.7287826e-01 -8.3310500e-02 -9.2399554e-01  1.7013000e+02]
 [ 3.6017540e-02  9.9390924e-01 -1.0414430e-01  9.2620000e+01]
 [ 9.2704430e-01 -7.2129460e-02 -3.6760546e-01 -1.3292000e+03]
 [ 0.0000000e+00  0.0000000e+00  0.0000000e+00  1.0000000e+00]]
[+0226.26, +0040.03, -1200.20]
1640, 1640, 1000
[[-3.7325172e-01 -8.3670520e-02 -9.2359492e-01  1.7008000e+02]
 [ 3.6041080e-02  9.9386078e-01 -1.0458902e-01  9.2560000e+01]
 [ 9.2667652e-01 -7.2367580e-02 -3.6794194e-01 -1.3292100e+03]
 [ 0.0000000e+00  0.0000000e+00  0.0000000e+00  1.0000000e+00]]
[+0237.04, +0062.53, -1220.41]
1920, 1920, 1000
[[-3.7457508e-01 -8.4445140e-02 -9.2299618e-01  1.6999000e+02]
 [ 3.5138060e-02  9.9383148e-01 -1.0517334e-01  9.2530000e+01]
 [ 9.2618478e-01 -7.1868860e-02 -3.6929460e-01 -1.3292100e+03]
 [ 0.0000000e+00  0.0000000e+00  0.0000000e+00  1.0000000e+00]]
[+0247.69, +0073.84, -1242.99]
800, 800, 1220
[[-3.7184372e-01 -8.2294020e-02 -9.2437974e-01  1.7026000e+02]
 [ 3.6671220e-02  9.9397990e-01 -1.0323306e-01  9.2710000e+01]
 [ 9.2731086e-01 -7.2315540e-02 -3.6658538e-01 -1.3292000e+03]
 [ 0.0000000e+00  0.0000000e+00  0.0000000e+00  1.0000000e+00]]
[+0213.08, -0052.07, -1195.82]
1080, 1080, 1220
[[-3.7192900e-01 -8.3238000e-02 -9.2433660e-01  1.7016000e+02]
 [ 3.6623400e-02  9.9387788e-01 -1.0423032e-01  9.2610000e+01]
 [ 9.2735400e-01 -7.2640680e-02 -3.6660212e-01 -1.3292000e+03]
 [ 0.0000000e+00  0.0000000e+00  0.0000000e+00  1.0000000e+00]]
[+0217.77, -0015.26, -1190.69]
1360, 1360, 1220
[[-3.7225962e-01 -8.3560760e-02 -9.2426190e-01  1.7012000e+02]
 [ 3.6279240e-02  9.9386652e-01 -1.0446220e-01  9.2590000e+01]
 [ 9.2732210e-01 -7.2430200e-02 -3.6694410e-01 -1.3292200e+03]
 [ 0.0000000e+00  0.0000000e+00  0.0000000e+00  1.0000000e+00]]
[+0221.25, +0016.46, -1197.67]
1640, 1640, 1220
[[-3.7333764e-01 -8.3798060e-02 -9.2377034e-01  1.7006000e+02]
 [ 3.6830140e-02  9.9378630e-01 -1.0502962e-01  9.2550000e+01]
 [ 9.2683186e-01 -7.3250020e-02 -3.6793050e-01 -1.3291800e+03]
 [ 0.0000000e+00  0.0000000e+00  0.0000000e+00  1.0000000e+00]]
[+0228.87, +0042.99, -1211.63]
1920, 1920, 1220
[[-3.7424418e-01 -8.4959880e-02 -9.2318320e-01  1.6997000e+02]
 [ 3.4666120e-02  9.9381342e-01 -1.0550400e-01  9.2500000e+01]
 [ 9.2643600e-01 -7.1516800e-02 -3.6898176e-01 -1.3292400e+03]
 [ 0.0000000e+00  0.0000000e+00  0.0000000e+00  1.0000000e+00]]
[+0240.97, +0061.67, -1231.37]
2200, 2200, 1220
[[-3.7744000e-01 -9.1088800e-02 -9.2128240e-01  1.6939000e+02]
 [ 3.3791200e-02  9.9312942e-01 -1.1202550e-01  9.2270000e+01]
 [ 9.2515760e-01 -7.3446500e-02 -3.7176658e-01 -1.3294300e+03]
 [ 0.0000000e+00  0.0000000e+00  0.0000000e+00  1.0000000e+00]]
[+0249.38, +0064.08, -1243.95]
800, 800, 1450
[[-3.7274106e-01 -8.4315100e-02 -9.2385786e-01  1.7008000e+02]
 [ 3.7027860e-02  9.9371574e-01 -1.0562170e-01  9.2530000e+01]
 [ 9.2695810e-01 -7.3606860e-02 -3.6727476e-01 -1.3292000e+03]
 [ 0.0000000e+00  0.0000000e+00  0.0000000e+00  1.0000000e+00]]
[+0216.21, -0041.88, -1200.13]
1080, 1080, 1450
[[-3.7302848e-01 -8.4744720e-02 -9.2376696e-01  1.7006000e+02]
 [ 3.6128880e-02  9.9373582e-01 -1.0574664e-01  9.2490000e+01]
 [ 9.2694216e-01 -7.2842160e-02 -3.6762866e-01 -1.3292000e+03]
 [ 0.0000000e+00  0.0000000e+00  0.0000000e+00  1.0000000e+00]]
[+0216.89, -0040.21, -1201.40]
1360, 1360, 1450
[[-3.7366842e-01 -8.5433340e-02 -9.2344364e-01  1.7001000e+02]
 [ 3.5151740e-02  9.9372750e-01 -1.0615332e-01  9.2430000e+01]
 [ 9.2672076e-01 -7.2147880e-02 -3.6832008e-01 -1.3292000e+03]
 [ 0.0000000e+00  0.0000000e+00  0.0000000e+00  1.0000000e+00]]
[+0217.88, -0009.39, -1200.89]
1640, 1640, 1450
[[-3.7406410e-01 -8.5584860e-02 -9.2322638e-01  1.6997000e+02]
 [ 3.5628020e-02  9.9366870e-01 -1.0654246e-01  9.2400000e+01]
 [ 9.2650006e-01 -7.2772820e-02 -3.6864484e-01 -1.3292000e+03]
 [ 0.0000000e+00  0.0000000e+00  0.0000000e+00  1.0000000e+00]]
[+0224.07, +0019.29, -1207.87]
1920, 1920, 1450
[[-3.7412932e-01 -8.6405680e-02 -9.2301920e-01  1.6991000e+02]
 [ 3.5456320e-02  9.9358518e-01 -1.0737110e-01  9.2330000e+01]
 [ 9.2637640e-01 -7.2936700e-02 -3.6866314e-01 -1.3292100e+03]
 [ 0.0000000e+00  0.0000000e+00  0.0000000e+00  1.0000000e+00]]
[+0232.49, +0042.85, -1221.74]
2200, 2200, 1450
[[-3.7618066e-01 -8.9309560e-02 -9.2201554e-01  1.6964000e+02]
 [ 3.3025960e-02  9.9341592e-01 -1.0969132e-01  9.2220000e+01]
 [ 9.2574194e-01 -7.1740520e-02 -3.7075258e-01 -1.3292700e+03]
 [ 0.0000000e+00  0.0000000e+00  0.0000000e+00  1.0000000e+00]]
[+0243.52, +0051.13, -1235.35]
800, 800, 1700
[[-3.7271940e-01 -8.4699180e-02 -9.2382826e-01  1.7008000e+02]
 [ 3.6419900e-02  9.9372006e-01 -1.0579218e-01  9.2480000e+01]
 [ 9.2698770e-01 -7.3105700e-02 -3.6729210e-01 -1.3291800e+03]
 [ 0.0000000e+00  0.0000000e+00  0.0000000e+00  1.0000000e+00]]
[+0218.77, -0065.00, -1217.55]
1080, 1080, 1700
[[-3.7338084e-01 -8.5168700e-02 -9.2352354e-01  1.7005000e+02]
 [ 3.5885460e-02  9.9370236e-01 -1.0614070e-01  9.2420000e+01]
 [ 9.2674790e-01 -7.2800460e-02 -3.6797124e-01 -1.3291800e+03]
 [ 0.0000000e+00  0.0000000e+00  0.0000000e+00  1.0000000e+00]]
[+0219.02, -0063.16, -1218.65]
1360, 1360, 1700
[[-3.7340250e-01 -8.5126040e-02 -9.2369678e-01  1.7001000e+02]
 [ 3.6173560e-02  9.9368664e-01 -1.0619716e-01  9.2440000e+01]
 [ 9.2690542e-01 -7.3074760e-02 -3.6796530e-01 -1.3291500e+03]
 [ 0.0000000e+00  0.0000000e+00  0.0000000e+00  1.0000000e+00]]
[+0217.35, -0033.98, -1210.09]
1640, 1640, 1700
[[-3.7369000e-01 -8.6206800e-02 -9.2339740e-01  1.6997000e+02]
 [ 3.4602000e-02  9.9368128e-01 -1.0676616e-01  9.2400000e+01]
 [ 9.2676700e-01 -7.1865840e-02 -3.6834472e-01 -1.3292400e+03]
 [ 0.0000000e+00  0.0000000e+00  0.0000000e+00  1.0000000e+00]]
[+0220.43, -0005.47, -1210.35]
1920, 1920, 1700
[[-3.7476930e-01 -8.6443740e-02 -9.2290408e-01  1.6988000e+02]
 [ 3.5151140e-02  9.9360078e-01 -1.0733304e-01  9.2330000e+01]
 [ 9.2627688e-01 -7.2687440e-02 -3.6933108e-01 -1.3292200e+03]
 [ 0.0000000e+00  0.0000000e+00  0.0000000e+00  1.0000000e+00]]
[+0227.45, +0020.93, -1217.79]
2200, 2200, 1700
[[-3.7476930e-01 -8.8583840e-02 -9.2259718e-01  1.6978000e+02]
 [ 3.2989280e-02  9.9351680e-01 -1.0878256e-01  9.2210000e+01]
 [ 9.2625286e-01 -7.1237920e-02 -3.6941506e-01 -1.3292500e+03]
 [ 0.0000000e+00  0.0000000e+00  0.0000000e+00  1.0000000e+00]]
[+0239.15, +0038.93, -1230.01]
1700, 1920, 1920
[[-3.7375498e-01 -8.6376980e-02 -9.2339890e-01  1.6995000e+02]
 [ 3.5102980e-02  9.9362252e-01 -1.0715050e-01  9.2270000e+01]
 [ 9.2676550e-01 -7.2473900e-02 -3.6833850e-01 -1.3291700e+03]
 [ 0.0000000e+00  0.0000000e+00  0.0000000e+00  1.0000000e+00]]
[+0242.84, -0020.08, -1213.17]
1700, 1640, 1640
[[-3.7342420e-01 -8.5557840e-02 -9.2350672e-01  1.6999000e+02]
 [ 3.5943840e-02  9.9365302e-01 -1.0658334e-01  9.2400000e+01]
 [ 9.2676472e-01 -7.3019340e-02 -3.6797722e-01 -1.3291900e+03]
 [ 0.0000000e+00  0.0000000e+00  0.0000000e+00  1.0000000e+00]]
[+0220.65, +0001.49, -1209.76]
1700, 1360, 1360
[[-3.7199338e-01 -8.5051000e-02 -9.2406600e-01  1.7005000e+02]
 [ 3.5461000e-02  9.9376112e-01 -1.0573140e-01  9.2470000e+01]
 [ 9.2729400e-01 -7.2131400e-02 -3.6665450e-01 -1.3292200e+03]
 [ 0.0000000e+00  0.0000000e+00  0.0000000e+00  1.0000000e+00]]
[+0200.73, +0020.88, -1215.95]
1700, 1080, 1080
[[-3.7305010e-01 -8.4195200e-02 -9.2380730e-01  1.7008000e+02]
 [ 3.6902240e-02  9.9373740e-01 -1.0546432e-01  9.2530000e+01]
 [ 9.2690182e-01 -7.3455200e-02 -3.6760546e-01 -1.3291700e+03]
 [ 0.0000000e+00  0.0000000e+00  0.0000000e+00  1.0000000e+00]]
[+0183.35, +0037.94, -1230.94]
1700, 800, 800
[[-3.7217434e-01 -8.3598100e-02 -9.2407616e-01  1.7018000e+02]
 [ 3.5324660e-02  9.9393446e-01 -1.0413400e-01  9.2590000e+01]
 [ 9.2717720e-01 -7.1435840e-02 -3.6696144e-01 -1.3292100e+03]
 [ 0.0000000e+00  0.0000000e+00  0.0000000e+00  1.0000000e+00]]
[+0170.65, +0052.85, -1254.86]
1450, 2200, 2200
[[-3.7346772e-01 -8.7104640e-02 -9.2341352e-01  1.6992000e+02]
 [ 3.4844560e-02  9.9356022e-01 -1.0780914e-01  9.2280000e+01]
 [ 9.2685792e-01 -7.2455060e-02 -3.6802650e-01 -1.3292200e+03]
 [ 0.0000000e+00  0.0000000e+00  0.0000000e+00  1.0000000e+00]]
[+0262.50, -0031.78, -1213.81]
1450, 1920, 1920
[[-3.7307176e-01 -8.4637840e-02 -9.2378276e-01  1.7003000e+02]
 [ 3.6683440e-02  9.9370422e-01 -1.0585352e-01  9.2610000e+01]
 [ 9.2692636e-01 -7.3396720e-02 -3.6761698e-01 -1.3292300e+03]
 [ 0.0000000e+00  0.0000000e+00  0.0000000e+00  1.0000000e+00]]
[+0257.97, -0025.59, -1210.88]
1450, 1640, 1640
[[-3.7402082e-01 -8.4214080e-02 -9.2347344e-01  1.7005000e+02]
 [ 3.6573120e-02  9.9375328e-01 -1.0543176e-01  9.2640000e+01]
 [ 9.2658384e-01 -7.3221840e-02 -3.6860354e-01 -1.3292600e+03]
 [ 0.0000000e+00  0.0000000e+00  0.0000000e+00  1.0000000e+00]]
[+0236.30, -0011.77, -1202.47]
1450, 1360, 1360
[[-3.7230250e-01 -8.4104660e-02 -9.2406938e-01  1.7009000e+02]
 [ 3.6161860e-02  9.9381212e-01 -1.0501394e-01  9.2610000e+01]
 [ 9.2718398e-01 -7.2539740e-02 -3.6695562e-01 -1.3292100e+03]
 [ 0.0000000e+00  0.0000000e+00  0.0000000e+00  1.0000000e+00]]
[+0214.13, +0007.15, -1202.26]
1450, 1080, 1080
[[-3.7256890e-01 -8.3430260e-02 -9.2404608e-01  1.7012000e+02]
 [ 3.6143020e-02  9.9388790e-01 -1.0430184e-01  9.2670000e+01]
 [ 9.2710056e-01 -7.2281280e-02 -3.6727476e-01 -1.3292000e+03]
 [ 0.0000000e+00  0.0000000e+00  0.0000000e+00  1.0000000e+00]]
[+0192.25, +0025.89, -1211.18]
1450, 800, 800
[[-3.7188628e-01 -8.2518060e-02 -9.2437422e-01  1.7015000e+02]
 [ 3.6895260e-02  9.9393734e-01 -1.0356366e-01  9.2650000e+01]
 [ 9.2731638e-01 -7.2646140e-02 -3.6658538e-01 -1.3291400e+03]
 [ 0.0000000e+00  0.0000000e+00  0.0000000e+00  1.0000000e+00]]
[+0173.74, +0044.73, -1230.71]
1220, 2200, 2200
[[-3.7397770e-01 -8.6460940e-02 -9.2315238e-01  1.6993000e+02]
 [ 3.3857380e-02  9.9370550e-01 -1.0677534e-01  9.2320000e+01]
 [ 9.2657406e-01 -7.1216580e-02 -3.6869444e-01 -1.3291300e+03]
 [ 0.0000000e+00  0.0000000e+00  0.0000000e+00  1.0000000e+00]]
[+0280.11, -0042.87, -1219.83]
1220, 1920, 1920
[[-3.7238874e-01 -8.3384520e-02 -9.2396820e-01  1.7009000e+02]
 [ 3.7756200e-02  9.9376550e-01 -1.0488860e-01  9.2740000e+01]
 [ 9.2695452e-01 -7.3987640e-02 -3.6691600e-01 -1.3292200e+03]
 [ 0.0000000e+00  0.0000000e+00  0.0000000e+00  1.0000000e+00]]
[+0274.81, -0037.03, -1215.04]
1220, 1640, 1640
[[-3.7234554e-01 -8.2829960e-02 -9.2399528e-01  1.7012000e+02]
 [ 3.7862920e-02  9.9381966e-01 -1.0433404e-01  9.2740000e+01]
 [ 9.2692744e-01 -7.3880920e-02 -3.6690504e-01 -1.3292400e+03]
 [ 0.0000000e+00  0.0000000e+00  0.0000000e+00  1.0000000e+00]]
[+0254.46, -0025.43, -1200.32]
1220, 1360, 1360
[[-3.7294240e-01 -8.2323440e-02 -9.2407272e-01  1.7016000e+02]
 [ 3.7676240e-02  9.9388958e-01 -1.0374486e-01  9.2790000e+01]
 [ 9.2696712e-01 -7.3521060e-02 -3.6756098e-01 -1.3292300e+03]
 [ 0.0000000e+00  0.0000000e+00  0.0000000e+00  1.0000000e+00]]
[+0231.51, -0008.86, -1193.23]
1220, 1080, 1080
[[-3.7186498e-01 -8.2581980e-02 -9.2453164e-01  1.7017000e+02]
 [ 3.6628580e-02  9.9395310e-01 -1.0351316e-01  9.2710000e+01]
 [ 9.2748956e-01 -7.2366040e-02 -3.6659092e-01 -1.3292100e+03]
 [ 0.0000000e+00  0.0000000e+00  0.0000000e+00  1.0000000e+00]]
[+0206.70, +0010.87, -1195.17]
1220, 800, 800
[[-3.7215312e-01 -8.1678200e-02 -9.2436100e-01  1.7021000e+02]
 [ 3.7041800e-02  9.9401750e-01 -1.0273960e-01  9.2740000e+01]
 [ 9.2722300e-01 -7.2499600e-02 -3.6689962e-01 -1.3291500e+03]
 [ 0.0000000e+00  0.0000000e+00  0.0000000e+00  1.0000000e+00]]
[+0182.80, +0032.19, -1207.74]
1000, 1920, 1920
[[-3.7236712e-01 -8.5256400e-02 -9.2384136e-01  1.7000000e+02]
 [ 3.5660400e-02  9.9371800e-01 -1.0606680e-01  9.2470000e+01]
 [ 9.2708136e-01 -7.2478800e-02 -3.6698512e-01 -1.3292100e+03]
 [ 0.0000000e+00  0.0000000e+00  0.0000000e+00  1.0000000e+00]]
[+0294.27, -0050.94, -1226.92]
1000, 1640, 1640
[[-3.7190762e-01 -8.3445900e-02 -9.2415276e-01  1.7012000e+02]
 [ 3.6170100e-02  9.9388790e-01 -1.0428620e-01  9.2640000e+01]
 [ 9.2720724e-01 -7.2254200e-02 -3.6661348e-01 -1.3292200e+03]
 [ 0.0000000e+00  0.0000000e+00  0.0000000e+00  1.0000000e+00]]
[+0273.65, -0038.30, -1204.24]
1000, 1360, 1360
[[-3.7225962e-01 -8.2888780e-02 -9.2413938e-01  1.7015000e+02]
 [ 3.6929820e-02  9.9388908e-01 -1.0401142e-01  9.2670000e+01]
 [ 9.2711398e-01 -7.2880980e-02 -3.6692154e-01 -1.3292100e+03]
 [ 0.0000000e+00  0.0000000e+00  0.0000000e+00  1.0000000e+00]]
[+0250.92, -0024.56, -1190.38]
1000, 1080, 1080
[[-3.7219560e-01 -8.2398160e-02 -9.2432368e-01  1.7020000e+02]
 [ 3.6769840e-02  9.9395864e-01 -1.0340624e-01  9.2690000e+01]
 [ 9.2726032e-01 -7.2494240e-02 -3.6691600e-01 -1.3292000e+03]
 [ 0.0000000e+00  0.0000000e+00  0.0000000e+00  1.0000000e+00]]
[+0224.93, -0005.05, -1184.63]
1000, 800, 800
[[-3.7248378e-01 -8.1504960e-02 -9.2431826e-01  1.7024000e+02]
 [ 3.7193840e-02  9.9402288e-01 -1.0263552e-01  9.2800000e+01]
 [ 9.2715906e-01 -7.2624880e-02 -3.6722490e-01 -1.3291900e+03]
 [ 0.0000000e+00  0.0000000e+00  0.0000000e+00  1.0000000e+00]]
[+0196.76, +0016.95, -1189.81]
2200, 1700, 2200
[[-3.7497040e-01 -8.6096480e-02 -9.2284744e-01  1.6993000e+02]
 [ 3.4135760e-02  9.9371814e-01 -1.0657142e-01  9.2340000e+01]
 [ 9.2622608e-01 -7.1485060e-02 -3.6967450e-01 -1.3291500e+03]
 [ 0.0000000e+00  0.0000000e+00  0.0000000e+00  1.0000000e+00]]
[+0193.41, -0013.28, -1238.29]
1920, 1700, 1920
[[-3.7300690e-01 -8.5294240e-02 -9.2372678e-01  1.7001000e+02]
 [ 3.5355520e-02  9.9373356e-01 -1.0602896e-01  9.2480000e+01]
 [ 9.2698234e-01 -7.2229120e-02 -3.6765250e-01 -1.3292000e+03]
 [ 0.0000000e+00  0.0000000e+00  0.0000000e+00  1.0000000e+00]]
[+0213.21, -0008.64, -1221.83]
1640, 1700, 1640
[[-3.7298536e-01 -8.4366280e-02 -9.2394896e-01  1.7005000e+02]
 [ 3.6081160e-02  9.9378480e-01 -1.0530692e-01  9.2540000e+01]
 [ 9.2709088e-01 -7.2620440e-02 -3.6762280e-01 -1.3292400e+03]
 [ 0.0000000e+00  0.0000000e+00  0.0000000e+00  1.0000000e+00]]
[+0231.42, +0000.87, -1206.12]
1360, 1700, 1360
[[-3.7230250e-01 -8.3939340e-02 -9.2408012e-01  1.7007000e+02]
 [ 3.6327180e-02  9.9381790e-01 -1.0490196e-01  9.2600000e+01]
 [ 9.2717324e-01 -7.2651720e-02 -3.6694984e-01 -1.3292400e+03]
 [ 0.0000000e+00  0.0000000e+00  0.0000000e+00  1.0000000e+00]]
[+0255.22, +0011.04, -1196.59]
1080, 1700, 1080
[[-3.7261170e-01 -8.3147440e-02 -9.2390718e-01  1.7010000e+02]
 [ 3.6852240e-02  9.9386208e-01 -1.0429384e-01  9.2660000e+01]
 [ 9.2690878e-01 -7.2950640e-02 -3.6725778e-01 -1.3291600e+03]
 [ 0.0000000e+00  0.0000000e+00  0.0000000e+00  1.0000000e+00]]
[+0281.61, +0021.09, -1195.63]
800, 1700, 800
[[-3.7223824e-01 -8.1784880e-02 -9.2420624e-01  1.7019000e+02]
 [ 3.7809760e-02  9.9394310e-01 -1.0317422e-01  9.2830000e+01]
 [ 9.2704712e-01 -7.3387540e-02 -3.6688890e-01 -1.3292200e+03]
 [ 0.0000000e+00  0.0000000e+00  0.0000000e+00  1.0000000e+00]]
[+0309.75, +0029.38, -1204.27]
2200, 1450, 2200
[[-3.7523700e-01 -8.6084700e-02 -9.2278170e-01  1.6994000e+02]
 [ 3.3455700e-02  9.9376988e-01 -1.0630598e-01  9.2350000e+01]
 [ 9.2618430e-01 -7.0779020e-02 -3.7001812e-01 -1.3291600e+03]
 [ 0.0000000e+00  0.0000000e+00  0.0000000e+00  1.0000000e+00]]
[+0191.68, -0016.08, -1238.03]
1920, 1450, 1920
[[-3.7428706e-01 -8.4676420e-02 -9.2304390e-01  1.7002000e+02]
 [ 3.5375300e-02  9.9378860e-01 -1.0549650e-01  9.2460000e+01]
 [ 9.2624442e-01 -7.2186060e-02 -3.6896370e-01 -1.3291600e+03]
 [ 0.0000000e+00  0.0000000e+00  0.0000000e+00  1.0000000e+00]]
[+0196.50, -0015.53, -1232.32]
1640, 1450, 1640
[[-3.7327314e-01 -8.4289260e-02 -9.2372526e-01  1.7007000e+02]
 [ 3.5667540e-02  9.9382190e-01 -1.0509298e-01  9.2540000e+01]
 [ 9.2687694e-01 -7.2194380e-02 -3.6795940e-01 -1.3292200e+03]
 [ 0.0000000e+00  0.0000000e+00  0.0000000e+00  1.0000000e+00]]
[+0209.33, -0005.64, -1212.34]
1360, 1450, 1360
[[-3.7362538e-01 -8.3566360e-02 -9.2372252e-01  1.7009000e+02]
 [ 3.6592760e-02  9.9382934e-01 -1.0470676e-01  9.2620000e+01]
 [ 9.2677268e-01 -7.2932840e-02 -3.6826128e-01 -1.3291900e+03]
 [ 0.0000000e+00  0.0000000e+00  0.0000000e+00  1.0000000e+00]]
[+0232.03, +0003.09, -1195.82]
1080, 1450, 1080
[[-3.7223824e-01 -8.3118120e-02 -9.2428612e-01  1.7015000e+02]
 [ 3.6497880e-02  9.9389926e-01 -1.0407288e-01  9.2680000e+01]
 [ 9.2729788e-01 -7.2488880e-02 -3.6693274e-01 -1.3292400e+03]
 [ 0.0000000e+00  0.0000000e+00  0.0000000e+00  1.0000000e+00]]
[+0258.67, +0014.16, -1187.39]
800, 1450, 800
[[-3.719290e-01 -8.141970e-02 -9.244543e-01  1.702000e+02]
 [ 3.844170e-02  9.939375e-01 -1.029981e-01  9.285000e+01]
 [ 9.272363e-01 -7.387290e-02 -3.665425e-01 -1.329230e+03]
 [ 0.000000e+00  0.000000e+00  0.000000e+00  1.000000e+00]]
[+0289.72, +0024.16, -1188.53]
2200, 1220, 2200
[[-3.7463946e-01 -8.5783940e-02 -9.2308814e-01  1.6997000e+02]
 [ 3.4491340e-02  9.9373062e-01 -1.0634338e-01  9.2370000e+01]
 [ 9.2642374e-01 -7.1691580e-02 -3.6933108e-01 -1.3291700e+03]
 [ 0.0000000e+00  0.0000000e+00  0.0000000e+00  1.0000000e+00]]
[+0179.83, -0023.06, -1253.37]
1920, 1220, 1920
[[-3.7337050e-01 -8.3877800e-02 -9.2365160e-01  1.7010000e+02]
 [ 3.3596200e-02  9.9402542e-01 -1.0384076e-01  9.2500000e+01]
 [ 9.2684360e-01 -6.9829240e-02 -3.6832008e-01 -1.3291100e+03]
 [ 0.0000000e+00  0.0000000e+00  0.0000000e+00  1.0000000e+00]]
[+0182.91, -0021.98, -1247.59]
1640, 1220, 1640
[[-3.7213194e-01 -8.2888760e-02 -9.2427906e-01  1.7015000e+02]
 [ 3.5607240e-02  9.9399420e-01 -1.0347028e-01  9.2590000e+01]
 [ 9.2730494e-01 -7.1438280e-02 -3.6694410e-01 -1.3291700e+03]
 [ 0.0000000e+00  0.0000000e+00  0.0000000e+00  1.0000000e+00]]
[+0192.16, -0015.01, -1222.15]
1360, 1220, 1360
[[-3.7244146e-01 -8.2438380e-02 -9.2424970e-01  1.7017000e+02]
 [ 3.5812500e-02  9.9402670e-01 -1.0308870e-01  9.2660000e+01]
 [ 9.2722762e-01 -7.1510340e-02 -3.6726340e-01 -1.3291600e+03]
 [ 0.0000000e+00  0.0000000e+00  0.0000000e+00  1.0000000e+00]]
[+0209.24, -0005.70, -1200.86]
1080, 1220, 1080
[[-3.717170e-01 -8.195250e-02 -9.243753e-01  1.702100e+02]
 [ 3.566850e-02  9.940955e-01 -1.024653e-01  9.273000e+01]
 [ 9.273153e-01 -7.109970e-02 -3.665965e-01 -1.329180e+03]
 [ 0.000000e+00  0.000000e+00  0.000000e+00  1.000000e+00]]
[+0233.95, +0005.35, -1185.40]
800, 1220, 800
[[-3.7147074e-01 -8.1251400e-02 -9.2449142e-01  1.7025000e+02]
 [ 3.7286920e-02  9.9404940e-01 -1.0233444e-01  9.2830000e+01]
 [ 9.2730570e-01 -7.2531800e-02 -3.6622770e-01 -1.3292100e+03]
 [ 0.0000000e+00  0.0000000e+00  0.0000000e+00  1.0000000e+00]]
[+0265.34, +0016.86, -1178.12]
1920, 1000, 1920
[[-3.7490602e-01 -8.5264820e-02 -9.2288896e-01  1.7001000e+02]
 [ 3.4296980e-02  9.9380118e-01 -1.0573976e-01  9.2340000e+01]
 [ 9.2618456e-01 -7.1323840e-02 -3.6965584e-01 -1.3291300e+03]
 [ 0.0000000e+00  0.0000000e+00  0.0000000e+00  1.0000000e+00]]
[+0171.42, -0028.49, -1271.31]
1640, 1000, 1640
[[-3.7351848e-01 -8.3337760e-02 -9.2371544e-01  1.7012000e+02]
 [ 3.5702560e-02  9.9392480e-01 -1.0410352e-01  9.2560000e+01]
 [ 9.2677976e-01 -7.1882080e-02 -3.6827272e-01 -1.3291300e+03]
 [ 0.0000000e+00  0.0000000e+00  0.0000000e+00  1.0000000e+00]]
[+0176.32, -0020.67, -1239.08]
1360, 1000, 1360
[[-3.7281448e-01 -8.2974680e-02 -9.2400412e-01  1.7016000e+02]
 [ 3.5681720e-02  9.9397302e-01 -1.0364822e-01  9.2620000e+01]
 [ 9.2703572e-01 -7.1633380e-02 -3.6760546e-01 -1.3291800e+03]
 [ 0.0000000e+00  0.0000000e+00  0.0000000e+00  1.0000000e+00]]
[+0188.77, -0013.53, -1212.02]
1080, 1000, 1080
[[-3.7147074e-01 -8.2418940e-02 -9.2458264e-01  1.7021000e+02]
 [ 3.6140540e-02  9.9401118e-01 -1.0312152e-01  9.2700000e+01]
 [ 9.2754504e-01 -7.1744720e-02 -3.6626592e-01 -1.3292000e+03]
 [ 0.0000000e+00  0.0000000e+00  0.0000000e+00  1.0000000e+00]]
[+0210.06, -0003.29, -1189.78]
800, 1000, 800
[[-3.7211080e-01 -8.1134120e-02 -9.2455284e-01  1.7025000e+02]
 [ 3.7159000e-02  9.9407054e-01 -1.0218762e-01  9.2830000e+01]
 [ 9.2736180e-01 -7.2390300e-02 -3.6688890e-01 -1.3291900e+03]
 [ 0.0000000e+00  0.0000000e+00  0.0000000e+00  1.0000000e+00]]
[+0239.99, +0008.59, -1174.56]
2200, 2200, 1700
[[-3.7362538e-01 -8.5540420e-02 -9.2342824e-01  1.6994000e+02]
 [ 3.4597220e-02  9.9375830e-01 -1.0604624e-01  9.2410000e+01]
 [ 9.2673616e-01 -7.1593360e-02 -3.6833232e-01 -1.3292000e+03]
 [ 0.0000000e+00  0.0000000e+00  0.0000000e+00  1.0000000e+00]]
[+0236.88, +0037.43, -1221.79]
1920, 1920, 1700
[[-3.7391332e-01 -8.4802120e-02 -9.2324752e-01  1.6999000e+02]
 [ 3.4845280e-02  9.9381948e-01 -1.0538452e-01  9.2460000e+01]
 [ 9.2647892e-01 -7.1614880e-02 -3.6864484e-01 -1.3291600e+03]
 [ 0.0000000e+00  0.0000000e+00  0.0000000e+00  1.0000000e+00]]
[+0230.95, +0014.93, -1215.33]
1640, 1640, 1700
[[-3.7360392e-01 -8.4116080e-02 -9.2368248e-01  1.7003000e+02]
 [ 3.5819280e-02  9.9382776e-01 -1.0498888e-01  9.2500000e+01]
 [ 9.2681272e-01 -7.2319920e-02 -3.6828432e-01 -1.3291900e+03]
 [ 0.0000000e+00  0.0000000e+00  0.0000000e+00  1.0000000e+00]]
[+0224.55, -0009.37, -1208.49]
1360, 1360, 1700
[[-3.7389194e-01 -8.3873880e-02 -9.2346936e-01  1.7007000e+02]
 [ 3.5571240e-02  9.9387056e-01 -1.0466292e-01  9.2520000e+01]
 [ 9.2658792e-01 -7.2005640e-02 -3.6861514e-01 -1.3291600e+03]
 [ 0.0000000e+00  0.0000000e+00  0.0000000e+00  1.0000000e+00]]
[+0220.73, -0035.17, -1208.59]
1080, 1080, 1700
[[-3.7219560e-01 -8.3390080e-02 -9.2425984e-01  1.7014000e+02]
 [ 3.5777920e-02  9.9392480e-01 -1.0407824e-01  9.2580000e+01]
 [ 9.2732416e-01 -7.1822240e-02 -3.6694984e-01 -1.3291900e+03]
 [ 0.0000000e+00  0.0000000e+00  0.0000000e+00  1.0000000e+00]]
[+0219.29, -0061.99, -1217.12]
800, 800, 1700
[[-3.7118260e-01 -8.2496240e-02 -9.2480612e-01  1.7025000e+02]
 [ 3.6553960e-02  9.9397436e-01 -1.0333496e-01  9.2680000e+01]
 [ 9.2775848e-01 -7.2171160e-02 -3.6592980e-01 -1.3292100e+03]
 [ 0.0000000e+00  0.0000000e+00  0.0000000e+00  1.0000000e+00]]
[+0221.17, -0087.08, -1236.31]
2200, 2200, 1450
[[-3.7457508e-01 -8.5117680e-02 -9.2311884e-01  1.6993000e+02]
 [ 3.4486920e-02  9.9380732e-01 -1.0562344e-01  9.2460000e+01]
 [ 9.2639304e-01 -7.1418760e-02 -3.6931876e-01 -1.3292100e+03]
 [ 0.0000000e+00  0.0000000e+00  0.0000000e+00  1.0000000e+00]]
[+0234.83, +0043.99, -1223.37]
1920, 1920, 1450
[[-3.7375498e-01 -8.5208320e-02 -9.2330952e-01  1.6997000e+02]
 [ 3.6249920e-02  9.9366494e-01 -1.0636452e-01  9.2520000e+01]
 [ 9.2652408e-01 -7.3259880e-02 -3.6829608e-01 -1.3292400e+03]
 [ 0.0000000e+00  0.0000000e+00  0.0000000e+00  1.0000000e+00]]
[+0235.29, +0035.76, -1217.99]
1640, 1640, 1450
[[-3.7366842e-01 -8.5102540e-02 -9.2346520e-01  1.7001000e+02]
 [ 3.5482540e-02  9.9373958e-01 -1.0592960e-01  9.2550000e+01]
 [ 9.2669920e-01 -7.2371600e-02 -3.6830800e-01 -1.3292200e+03]
 [ 0.0000000e+00  0.0000000e+00  0.0000000e+00  1.0000000e+00]]
[+0226.84, +0013.52, -1205.49]
1360, 1360, 1450
[[-3.7302848e-01 -8.4248640e-02 -9.2379936e-01  1.7006000e+02]
 [ 3.6624960e-02  9.9375328e-01 -1.0541088e-01  9.2580000e+01]
 [ 9.2690976e-01 -7.3177920e-02 -3.6761120e-01 -1.3292400e+03]
 [ 0.0000000e+00  0.0000000e+00  0.0000000e+00  1.0000000e+00]]
[+0221.04, -0012.87, -1199.63]
1080, 1080, 1450
[[-3.7168434e-01 -8.3848540e-02 -9.2420252e-01  1.7013000e+02]
 [ 3.6909020e-02  9.9378630e-01 -1.0499276e-01  9.2600000e+01]
 [ 9.2726404e-01 -7.3179080e-02 -3.6627720e-01 -1.3292600e+03]
 [ 0.0000000e+00  0.0000000e+00  0.0000000e+00  1.0000000e+00]]
[+0216.90, -0042.05, -1201.91]
800, 800, 1450
[[-3.7267620e-01 -8.2832680e-02 -9.2410724e-01  1.7018000e+02]
 [ 3.7860200e-02  9.9381966e-01 -1.0434482e-01  9.2730000e+01]
 [ 9.2703940e-01 -7.3891700e-02 -3.6723570e-01 -1.3292000e+03]
 [ 0.0000000e+00  0.0000000e+00  0.0000000e+00  1.0000000e+00]]
[+0216.22, -0072.45, -1214.52]
2200, 2200, 1220
[[-3.7505680e-01 -8.6047000e-02 -9.2286740e-01  1.6988000e+02]
 [ 3.5079160e-02  9.9365040e-01 -1.0689812e-01  9.2470000e+01]
 [ 9.2620612e-01 -7.2482200e-02 -3.6965584e-01 -1.3292500e+03]
 [ 0.0000000e+00  0.0000000e+00  0.0000000e+00  1.0000000e+00]]
[+0241.46, +0060.99, -1232.96]
1920, 1920, 1220
[[-3.7483476e-01 -8.5951720e-02 -9.2294948e-01  1.6991000e+02]
 [ 3.6313720e-02  9.9356582e-01 -1.0727062e-01  9.2470000e+01]
 [ 9.2623148e-01 -7.3742620e-02 -3.6930058e-01 -1.3292000e+03]
 [ 0.0000000e+00  0.0000000e+00  0.0000000e+00  1.0000000e+00]]
[+0241.63, +0055.55, -1226.72]
1640, 1640, 1220
[[-3.7406410e-01 -8.5750280e-02 -9.2321554e-01  1.6998000e+02]
 [ 3.5462600e-02  9.9366264e-01 -1.0665428e-01  9.2520000e+01]
 [ 9.2651090e-01 -7.2661000e-02 -3.6865090e-01 -1.3292000e+03]
 [ 0.0000000e+00  0.0000000e+00  0.0000000e+00  1.0000000e+00]]
[+0231.88, +0037.09, -1207.85]
1360, 1360, 1220
[[-3.7375498e-01 -8.5219180e-02 -9.2347492e-01  1.7001000e+02]
 [ 3.6260780e-02  9.9366494e-01 -1.0636748e-01  9.2520000e+01]
 [ 9.2668948e-01 -7.3256920e-02 -3.6829608e-01 -1.3292100e+03]
 [ 0.0000000e+00  0.0000000e+00  0.0000000e+00  1.0000000e+00]]
[+0223.52, +0013.12, -1195.92]
1080, 1080, 1220
[[-3.7261170e-01 -8.4811560e-02 -9.2396532e-01  1.7006000e+02]
 [ 3.5209560e-02  9.9380408e-01 -1.0541624e-01  9.2540000e+01]
 [ 9.2718132e-01 -7.1828240e-02 -3.6731578e-01 -1.3292100e+03]
 [ 0.0000000e+00  0.0000000e+00  0.0000000e+00  1.0000000e+00]]
[+0217.08, -0016.97, -1190.98]
800, 800, 1220
[[-3.7203650e-01 -8.3291400e-02 -9.2418960e-01  1.7014000e+02]
 [ 3.7668600e-02  9.9378712e-01 -1.0471800e-01  9.2640000e+01]
 [ 9.2717040e-01 -7.3806000e-02 -3.6658538e-01 -1.3291900e+03]
 [ 0.0000000e+00  0.0000000e+00  0.0000000e+00  1.0000000e+00]]
[+0213.10, -0050.99, -1195.71]
1920, 1920, 1000
[[-3.7476930e-01 -8.6278280e-02 -9.2291496e-01  1.6988000e+02]
 [ 3.5316600e-02  9.9360696e-01 -1.0722128e-01  9.2410000e+01]
 [ 9.2626600e-01 -7.2799200e-02 -3.6932490e-01 -1.3292200e+03]
 [ 0.0000000e+00  0.0000000e+00  0.0000000e+00  1.0000000e+00]]
[+0247.80, +0073.97, -1242.73]
1640, 1640, 1000
[[-3.7371162e-01 -8.4995460e-02 -9.2348084e-01  1.7001000e+02]
 [ 3.6037060e-02  9.9370830e-01 -1.0603668e-01  9.2510000e+01]
 [ 9.2668356e-01 -7.2926120e-02 -3.6829608e-01 -1.3291900e+03]
 [ 0.0000000e+00  0.0000000e+00  0.0000000e+00  1.0000000e+00]]
[+0237.47, +0057.07, -1216.36]
1360, 1360, 1000
[[-3.7265466e-01 -8.4859380e-02 -9.2380474e-01  1.7005000e+02]
 [ 3.5588060e-02  9.9376710e-01 -1.0563198e-01  9.2530000e+01]
 [ 9.2701122e-01 -7.2273860e-02 -3.6730980e-01 -1.3292300e+03]
 [ 0.0000000e+00  0.0000000e+00  0.0000000e+00  1.0000000e+00]]
[+0227.74, +0036.73, -1198.24]
1080, 1080, 1000
[[-3.7230250e-01 -8.4269980e-02 -9.2405864e-01  1.7011000e+02]
 [ 3.5996540e-02  9.9380630e-01 -1.0512592e-01  9.2590000e+01]
 [ 9.2719472e-01 -7.2427760e-02 -3.6696144e-01 -1.3292000e+03]
 [ 0.0000000e+00  0.0000000e+00  0.0000000e+00  1.0000000e+00]]
[+0219.23, +0007.85, -1186.59]
800, 1000, 1000
[[-3.7126788e-01 -8.3925500e-02 -9.2456554e-01  1.7016000e+02]
 [ 3.6000100e-02  9.9385500e-01 -1.0466570e-01  9.2650000e+01]
 [ 9.2766854e-01 -7.2162500e-02 -3.6596388e-01 -1.3292300e+03]
 [ 0.0000000e+00  0.0000000e+00  0.0000000e+00  1.0000000e+00]]
[+0236.68, -0017.75, -1178.52]
1080, 1000, 1000
[[-3.7296386e-01 -8.4243600e-02 -9.2378652e-01  1.7009000e+02]
 [ 3.5958480e-02  9.9380630e-01 -1.0513864e-01  9.2570000e+01]
 [ 9.2692260e-01 -7.2458000e-02 -3.6762280e-01 -1.3291800e+03]
 [ 0.0000000e+00  0.0000000e+00  0.0000000e+00  1.0000000e+00]]
[+0209.42, +0006.22, -1189.39]
1360, 1000, 1000
[[-3.7296386e-01 -8.4408960e-02 -9.2377578e-01  1.7008000e+02]
 [ 3.5793120e-02  9.9380044e-01 -1.0525056e-01  9.2550000e+01]
 [ 9.2693334e-01 -7.2346080e-02 -3.6762866e-01 -1.3291800e+03]
 [ 0.0000000e+00  0.0000000e+00  0.0000000e+00  1.0000000e+00]]
[+0190.25, +0026.00, -1208.78]
1640, 1000, 1000
[[-3.7323034e-01 -8.4892360e-02 -9.2367774e-01  1.7007000e+02]
 [ 3.4616840e-02  9.9383480e-01 -1.0532172e-01  9.2510000e+01]
 [ 9.2692446e-01 -7.1304120e-02 -3.6798930e-01 -1.3292200e+03]
 [ 0.0000000e+00  0.0000000e+00  0.0000000e+00  1.0000000e+00]]
[+0178.49, +0041.81, -1234.66]
1920, 1000, 1000
[[-3.7366842e-01 -8.5102540e-02 -9.2346520e-01  1.7002000e+02]
 [ 3.5482540e-02  9.9373958e-01 -1.0592960e-01  9.2460000e+01]
 [ 9.2669920e-01 -7.2371600e-02 -3.6830800e-01 -1.3292000e+03]
 [ 0.0000000e+00  0.0000000e+00  0.0000000e+00  1.0000000e+00]]
[+0174.77, +0052.28, -1262.97]
800, 1220, 1220
[[-3.7230250e-01 -8.4589880e-02 -9.2387184e-01  1.7008000e+02]
 [ 3.5655160e-02  9.9379454e-01 -1.0534692e-01  9.2540000e+01]
 [ 9.2705088e-01 -7.2206760e-02 -3.6697320e-01 -1.3292100e+03]
 [ 0.0000000e+00  0.0000000e+00  0.0000000e+00  1.0000000e+00]]
[+0259.17, -0032.70, -1186.03]
1080, 1220, 1220
[[-3.7338084e-01 -8.4837940e-02 -9.2354518e-01  1.7005000e+02]
 [ 3.6216220e-02  9.9371420e-01 -1.0591694e-01  9.2510000e+01]
 [ 9.2672626e-01 -7.3024220e-02 -3.6795940e-01 -1.3291800e+03]
 [ 0.0000000e+00  0.0000000e+00  0.0000000e+00  1.0000000e+00]]
[+0230.50, -0009.70, -1188.28]
1360, 1220, 1220
[[-3.7298536e-01 -8.5347680e-02 -9.2371904e-01  1.7004000e+02]
 [ 3.5078240e-02  9.9374904e-01 -1.0597552e-01  9.2460000e+01]
 [ 9.2699008e-01 -7.1951840e-02 -3.6765856e-01 -1.3292100e+03]
 [ 0.0000000e+00  0.0000000e+00  0.0000000e+00  1.0000000e+00]]
[+0208.15, +0011.00, -1200.65]
1640, 1220, 1220
[[-3.7335922e-01 -8.5387580e-02 -9.2350492e-01  1.7002000e+02]
 [ 3.5442820e-02  9.9371198e-01 -1.0619908e-01  9.2460000e+01]
 [ 9.2676652e-01 -7.2411320e-02 -3.6798324e-01 -1.3292100e+03]
 [ 0.0000000e+00  0.0000000e+00  0.0000000e+00  1.0000000e+00]]
[+0191.99, +0028.93, -1220.33]
1920, 1220, 1220
[[-3.7373328e-01 -8.5768920e-02 -9.2343452e-01  1.6999000e+02]
 [ 3.5487320e-02  9.9366264e-01 -1.0664952e-01  9.2420000e+01]
 [ 9.2672988e-01 -7.2644080e-02 -3.6832008e-01 -1.3291900e+03]
 [ 0.0000000e+00  0.0000000e+00  0.0000000e+00  1.0000000e+00]]
[+0182.77, +0042.98, -1245.80]
2200, 1220, 1220
[[-3.7532292e-01 -8.6366080e-02 -9.2277976e-01  1.6993000e+02]
 [ 3.4068080e-02  9.9369030e-01 -1.0685626e-01  9.2340000e+01]
 [ 9.2618624e-01 -7.1552740e-02 -3.7001178e-01 -1.3291800e+03]
 [ 0.0000000e+00  0.0000000e+00  0.0000000e+00  1.0000000e+00]]
[+0182.13, +0050.25, -1270.33]
800, 1450, 1450
[[-3.7307176e-01 -8.5133920e-02 -9.2375024e-01  1.7003000e+02]
 [ 3.6187360e-02  9.9368664e-01 -1.0618928e-01  9.2480000e+01]
 [ 9.2695888e-01 -7.3060960e-02 -3.6763456e-01 -1.3291800e+03]
 [ 0.0000000e+00  0.0000000e+00  0.0000000e+00  1.0000000e+00]]
[+0253.52, -0027.99, -1192.61]
1080, 1450, 1450
[[-3.7364688e-01 -8.5476120e-02 -9.2327052e-01  1.7002000e+02]
 [ 3.4863720e-02  9.9374294e-01 -1.0609672e-01  9.2460000e+01]
 [ 9.2656308e-01 -7.1873680e-02 -3.6832618e-01 -1.3292200e+03]
 [ 0.0000000e+00  0.0000000e+00  0.0000000e+00  1.0000000e+00]]
[+0250.18, -0025.83, -1194.01]
1360, 1450, 1450
[[-3.7276276e-01 -8.5242880e-02 -9.2363536e-01  1.7003000e+02]
 [ 3.6302240e-02  9.9366494e-01 -1.0634378e-01  9.2460000e+01]
 [ 9.2684992e-01 -7.3215460e-02 -3.6730386e-01 -1.3292100e+03]
 [ 0.0000000e+00  0.0000000e+00  0.0000000e+00  1.0000000e+00]]
[+0226.05, -0005.98, -1198.98]
1640, 1450, 1450
[[-3.7441666e-01 -8.5357960e-02 -9.2319146e-01  1.6998000e+02]
 [ 3.6056840e-02  9.9365900e-01 -1.0649212e-01  9.2430000e+01]
 [ 9.2642774e-01 -7.3175720e-02 -3.6896370e-01 -1.3291800e+03]
 [ 0.0000000e+00  0.0000000e+00  0.0000000e+00  1.0000000e+00]]
[+0206.38, +0012.74, -1212.30]
1920, 1450, 1450
[[-3.7435168e-01 -8.6346080e-02 -9.2311400e-01  1.6996000e+02]
 [ 3.4397920e-02  9.9367502e-01 -1.0689020e-01  9.2390000e+01]
 [ 9.2650520e-01 -7.1785000e-02 -3.6901266e-01 -1.3292100e+03]
 [ 0.0000000e+00  0.0000000e+00  0.0000000e+00  1.0000000e+00]]
[+0192.76, +0028.85, -1232.09]
2200, 1450, 1450
[[-3.7430856e-01 -8.7104360e-02 -9.2289028e-01  1.6991000e+02]
 [ 3.3170920e-02  9.9367974e-01 -1.0722686e-01  9.2300000e+01]
 [ 9.2639804e-01 -7.0786580e-02 -3.6905106e-01 -1.3292200e+03]
 [ 0.0000000e+00  0.0000000e+00  0.0000000e+00  1.0000000e+00]]
[+0187.30, +0039.41, -1254.26]
800, 1700, 1700
[[-3.7410754e-01 -8.5323120e-02 -9.2341840e-01  1.6999000e+02]
 [ 3.6358800e-02  9.9364320e-01 -1.0654080e-01  9.2430000e+01]
 [ 9.2663888e-01 -7.3436160e-02 -3.6862690e-01 -1.3291500e+03]
 [ 0.0000000e+00  0.0000000e+00  0.0000000e+00  1.0000000e+00]]
[+0273.69, -0041.63, -1205.77]
1080, 1700, 1700
[[-3.7300690e-01 -8.6110260e-02 -9.2350752e-01  1.7000000e+02]
 [ 3.4517940e-02  9.9370286e-01 -1.0658544e-01  9.2420000e+01]
 [ 9.2687088e-01 -7.1672640e-02 -3.6768320e-01 -1.3291800e+03]
 [ 0.0000000e+00  0.0000000e+00  0.0000000e+00  1.0000000e+00]]
[+0270.74, -0039.00, -1206.16]
1360, 1700, 1700
[[-3.7309346e-01 -8.5896420e-02 -9.2353848e-01  1.6999000e+02]
 [ 3.5626980e-02  9.9364094e-01 -1.0679928e-01  9.2410000e+01]
 [ 9.2683992e-01 -7.2781680e-02 -3.6765856e-01 -1.3292200e+03]
 [ 0.0000000e+00  0.0000000e+00  0.0000000e+00  1.0000000e+00]]
[+0246.50, -0021.45, -1203.27]
1640, 1700, 1700
[[-3.7348954e-01 -8.6058860e-02 -9.2348680e-01  1.6996000e+02]
 [ 3.6114100e-02  9.9358166e-01 -1.0719136e-01  9.2390000e+01]
 [ 9.2678464e-01 -7.3403600e-02 -3.6798324e-01 -1.3292300e+03]
 [ 0.0000000e+00  0.0000000e+00  0.0000000e+00  1.0000000e+00]]
[+0225.09, -0003.42, -1209.37]
1920, 1700, 1700
[[-3.7441666e-01 -8.6670620e-02 -9.2293914e-01  1.6992000e+02]
 [ 3.4722460e-02  9.9361004e-01 -1.0738338e-01  9.2330000e+01]
 [ 9.2634918e-01 -7.2284460e-02 -3.6901266e-01 -1.3292200e+03]
 [ 0.0000000e+00  0.0000000e+00  0.0000000e+00  1.0000000e+00]]
[+0207.90, +0013.65, -1222.70]
2200, 1700, 1700
[[-3.7567552e-01 -8.7607200e-02 -9.2231616e-01  1.6986000e+02]
 [ 3.2985600e-02  9.9362350e-01 -1.0780470e-01  9.2260000e+01]
 [ 9.2588016e-01 -7.0956900e-02 -3.7038802e-01 -1.3291900e+03]
 [ 0.0000000e+00  0.0000000e+00  0.0000000e+00  1.0000000e+00]]
[+0197.88, +0026.51, -1240.03]
1000, 800, 1000
[[-3.7230250e-01 -8.3443380e-02 -9.2411234e-01  1.7018000e+02]
 [ 3.6823140e-02  9.9383500e-01 -1.0456602e-01  9.2590000e+01]
 [ 9.2714102e-01 -7.2987660e-02 -3.6693274e-01 -1.3292200e+03]
 [ 0.0000000e+00  0.0000000e+00  0.0000000e+00  1.0000000e+00]]
[+0194.40, -0006.63, -1194.97]
1000, 1080, 1000
[[-3.7230250e-01 -8.3774020e-02 -9.2409086e-01  1.7014000e+02]
 [ 3.6492500e-02  9.9382364e-01 -1.0478998e-01  9.2590000e+01]
 [ 9.2716250e-01 -7.2763700e-02 -3.6694410e-01 -1.3292000e+03]
 [ 0.0000000e+00  0.0000000e+00  0.0000000e+00  1.0000000e+00]]
[+0228.27, +0004.58, -1182.82]
1000, 1360, 1000
[[-3.7267620e-01 -8.4144620e-02 -9.2385566e-01  1.7008000e+02]
 [ 3.6526700e-02  9.9377486e-01 -1.0523762e-01  9.2590000e+01]
 [ 9.2696030e-01 -7.2998900e-02 -3.6728050e-01 -1.3291900e+03]
 [ 0.0000000e+00  0.0000000e+00  0.0000000e+00  1.0000000e+00]]
[+0256.39, +0014.13, -1183.94]
1000, 1640, 1000
[[-3.7267620e-01 -8.4640640e-02 -9.2382332e-01  1.7006000e+02]
 [ 3.6030680e-02  9.9375740e-01 -1.0557344e-01  9.2560000e+01]
 [ 9.2699264e-01 -7.2663080e-02 -3.6729796e-01 -1.3292300e+03]
 [ 0.0000000e+00  0.0000000e+00  0.0000000e+00  1.0000000e+00]]
[+0282.95, +0022.14, -1193.39]
1000, 1920, 1000
[[-3.7236712e-01 -8.5101880e-02 -9.2401748e-01  1.7004000e+02]
 [ 3.5836520e-02  9.9372398e-01 -1.0595782e-01  9.2540000e+01]
 [ 9.2723588e-01 -7.2587780e-02 -3.6697914e-01 -1.3292500e+03]
 [ 0.0000000e+00  0.0000000e+00  0.0000000e+00  1.0000000e+00]]
[+0308.60, +0028.83, -1212.36]
1220, 800, 1220
[[-3.7302848e-01 -8.4237840e-02 -9.2363400e-01  1.7009000e+02]
 [ 3.6614160e-02  9.9375328e-01 -1.0540800e-01  9.2510000e+01]
 [ 9.2674440e-01 -7.3180800e-02 -3.6761120e-01 -1.3291400e+03]
 [ 0.0000000e+00  0.0000000e+00  0.0000000e+00  1.0000000e+00]]
[+0177.65, -0017.75, -1214.78]
1220, 1080, 1220
[[-3.7335922e-01 -8.4726060e-02 -9.2354812e-01  1.7005000e+02]
 [ 3.6104340e-02  9.9373582e-01 -1.0575156e-01  9.2510000e+01]
 [ 9.2672332e-01 -7.2858840e-02 -3.6795940e-01 -1.3291600e+03]
 [ 0.0000000e+00  0.0000000e+00  0.0000000e+00  1.0000000e+00]]
[+0206.38, -0004.71, -1196.81]
1220, 1360, 1220
[[-3.7267620e-01 -8.4971320e-02 -9.2380176e-01  1.7003000e+02]
 [ 3.5700000e-02  9.9374556e-01 -1.0579732e-01  9.2490000e+01]
 [ 9.2701420e-01 -7.2439200e-02 -3.6730980e-01 -1.3292100e+03]
 [ 0.0000000e+00  0.0000000e+00  0.0000000e+00  1.0000000e+00]]
[+0232.97, +0005.59, -1191.05]
1220, 1640, 1220
[[-3.7335922e-01 -8.5387580e-02 -9.2350492e-01  1.7002000e+02]
 [ 3.5442820e-02  9.9371198e-01 -1.0619908e-01  9.2480000e+01]
 [ 9.2676652e-01 -7.2411320e-02 -3.6798324e-01 -1.3292000e+03]
 [ 0.0000000e+00  0.0000000e+00  0.0000000e+00  1.0000000e+00]]
[+0260.07, +0015.13, -1193.40]
1220, 1920, 1220
[[-3.7274106e-01 -8.5637820e-02 -9.2377114e-01  1.6998000e+02]
 [ 3.5705140e-02  9.9366870e-01 -1.0651722e-01  9.2470000e+01]
 [ 9.2704482e-01 -7.2711340e-02 -3.6732180e-01 -1.3292200e+03]
 [ 0.0000000e+00  0.0000000e+00  0.0000000e+00  1.0000000e+00]]
[+0286.74, +0023.35, -1204.58]
1220, 2200, 1220
[[-3.7313698e-01 -8.6285580e-02 -9.2352150e-01  1.6992000e+02]
 [ 3.5685420e-02  9.9359132e-01 -1.0724190e-01  9.2440000e+01]
 [ 9.2685690e-01 -7.3000500e-02 -3.6766466e-01 -1.3292400e+03]
 [ 0.0000000e+00  0.0000000e+00  0.0000000e+00  1.0000000e+00]]
[+0308.82, +0028.45, -1224.58]
1450, 800, 1450
[[-3.7241040e-01 -8.5160520e-02 -9.2402236e-01  1.7005000e+02]
 [ 3.6225800e-02  9.9368664e-01 -1.0617648e-01  9.2460000e+01]
 [ 9.2723100e-01 -7.3030400e-02 -3.6697320e-01 -1.3292100e+03]
 [ 0.0000000e+00  0.0000000e+00  0.0000000e+00  1.0000000e+00]]
[+0185.73, -0014.12, -1217.21]
1450, 1080, 1450
[[-3.7271940e-01 -8.4864520e-02 -9.2381744e-01  1.7006000e+02]
 [ 3.6254560e-02  9.9371420e-01 -1.0590412e-01  9.2470000e+01]
 [ 9.2699852e-01 -7.2993760e-02 -3.6729796e-01 -1.3292200e+03]
 [ 0.0000000e+00  0.0000000e+00  0.0000000e+00  1.0000000e+00]]
[+0189.14, -0013.03, -1216.50]
1450, 1360, 1450
[[-3.7338084e-01 -8.5499460e-02 -9.2350190e-01  1.7002000e+02]
 [ 3.5554700e-02  9.9369036e-01 -1.0636446e-01  9.2450000e+01]
 [ 9.2676954e-01 -7.2576700e-02 -3.6798324e-01 -1.3292100e+03]
 [ 0.0000000e+00  0.0000000e+00  0.0000000e+00  1.0000000e+00]]
[+0211.88, -0003.36, -1204.43]
1450, 1640, 1450
[[-3.7307176e-01 -8.5619160e-02 -9.2355236e-01  1.7000000e+02]
 [ 3.5680440e-02  9.9366870e-01 -1.0652202e-01  9.2440000e+01]
 [ 9.2682604e-01 -7.2728220e-02 -3.6765250e-01 -1.3292300e+03]
 [ 0.0000000e+00  0.0000000e+00  0.0000000e+00  1.0000000e+00]]
[+0237.17, +0006.23, -1199.86]
1450, 1920, 1450
[[-3.7340250e-01 -8.5942100e-02 -9.2347720e-01  1.6996000e+02]
 [ 3.5335820e-02  9.9365654e-01 -1.0675360e-01  9.2430000e+01]
 [ 9.2679424e-01 -7.2518320e-02 -3.6799540e-01 -1.3292300e+03]
 [ 0.0000000e+00  0.0000000e+00  0.0000000e+00  1.0000000e+00]]
[+0264.49, +0015.65, -1203.35]
1450, 2200, 1450
[[-3.7410754e-01 -8.6470180e-02 -9.2317682e-01  1.6990000e+02]
 [ 3.5189980e-02  9.9360078e-01 -1.0732058e-01  9.2390000e+01]
 [ 9.2654962e-01 -7.2656380e-02 -3.6866932e-01 -1.3292200e+03]
 [ 0.0000000e+00  0.0000000e+00  0.0000000e+00  1.0000000e+00]]
[+0290.33, +0023.23, -1216.62]
1700, 800, 1700
[[-3.7377672e-01 -8.5661840e-02 -9.2345020e-01  1.7002000e+02]
 [ 3.6041840e-02  9.9363128e-01 -1.0675660e-01  9.2390000e+01]
 [ 9.2671420e-01 -7.3198600e-02 -3.6830800e-01 -1.3291800e+03]
 [ 0.0000000e+00  0.0000000e+00  0.0000000e+00  1.0000000e+00]]
[+0174.82, -0022.51, -1242.52]
1700, 1080, 1700
[[-3.7404244e-01 -8.5649280e-02 -9.2338400e-01  1.7001000e+02]
 [ 3.5361600e-02  9.9368430e-01 -1.0649190e-01  9.2370000e+01]
 [ 9.2667328e-01 -7.2492540e-02 -3.6865090e-01 -1.3291900e+03]
 [ 0.0000000e+00  0.0000000e+00  0.0000000e+00  1.0000000e+00]]
[+0177.24, -0019.21, -1240.61]
1700, 1360, 1700
[[-3.7371162e-01 -8.5811640e-02 -9.2326134e-01  1.7001000e+02]
 [ 3.5199240e-02  9.9367820e-01 -1.0659292e-01  9.2430000e+01]
 [ 9.2657226e-01 -7.2369880e-02 -3.6832618e-01 -1.3291800e+03]
 [ 0.0000000e+00  0.0000000e+00  0.0000000e+00  1.0000000e+00]]
[+0194.66, -0011.58, -1223.61]
1700, 1640, 1700
[[-3.7342420e-01 -8.6043120e-02 -9.2330876e-01  1.6998000e+02]
 [ 3.5436840e-02  9.9363484e-01 -1.0691592e-01  9.2380000e+01]
 [ 9.2663192e-01 -7.2686760e-02 -3.6799540e-01 -1.3292500e+03]
 [ 0.0000000e+00  0.0000000e+00  0.0000000e+00  1.0000000e+00]]
[+0216.31, -0002.22, -1212.77]
1700, 1920, 1700
[[-3.7280628e-01 -8.6293420e-02 -9.2357494e-01  1.6994000e+02]
 [ 3.5699380e-02  9.9359132e-01 -1.0723406e-01  9.2380000e+01]
 [ 9.2691034e-01 -7.2986540e-02 -3.6733396e-01 -1.3292200e+03]
 [ 0.0000000e+00  0.0000000e+00  0.0000000e+00  1.0000000e+00]]
[+0242.33, +0007.67, -1208.88]
1700, 2200, 1700
[[-3.7313698e-01 -8.7112380e-02 -9.2346700e-01  1.6988000e+02]
 [ 3.4858620e-02  9.9356022e-01 -1.0780140e-01  9.2320000e+01]
 [ 9.2691140e-01 -7.2441000e-02 -3.6769576e-01 -1.3292600e+03]
 [ 0.0000000e+00  0.0000000e+00  0.0000000e+00  1.0000000e+00]]
[+0269.62, +0016.55, -1214.38]
1000, 1000, 800
[[-3.7197188e-01 -8.3296740e-02 -9.2434170e-01  1.7018000e+02]
 [ 3.7012740e-02  9.9384062e-01 -1.0444890e-01  9.2660000e+01]
 [ 9.2734890e-01 -7.3083300e-02 -3.6659650e-01 -1.3292500e+03]
 [ 0.0000000e+00  0.0000000e+00  0.0000000e+00  1.0000000e+00]]
[+0223.90, +0024.36, -1184.56]
1000, 1000, 1080
[[-3.7234554e-01 -8.4163300e-02 -9.2407436e-01  1.7013000e+02]
 [ 3.6551140e-02  9.9377486e-01 -1.0523260e-01  9.2580000e+01]
 [ 9.2717900e-01 -7.2982360e-02 -3.6694984e-01 -1.3292300e+03]
 [ 0.0000000e+00  0.0000000e+00  0.0000000e+00  1.0000000e+00]]
[+0215.97, -0011.36, -1186.56]
1000, 1000, 1360
[[-3.7263316e-01 -8.4592840e-02 -9.2398380e-01  1.7012000e+02]
 [ 3.5652200e-02  9.9379454e-01 -1.0535766e-01  9.2540000e+01]
 [ 9.2716284e-01 -7.2217500e-02 -3.6730386e-01 -1.3292300e+03]
 [ 0.0000000e+00  0.0000000e+00  0.0000000e+00  1.0000000e+00]]
[+0215.39, -0041.52, -1198.35]
1000, 1000, 1640
[[-3.7265466e-01 -8.4694040e-02 -9.2381550e-01  1.7009000e+02]
 [ 3.5753400e-02  9.9377304e-01 -1.0552004e-01  9.2470000e+01]
 [ 9.2700046e-01 -7.2385800e-02 -3.6730386e-01 -1.3292100e+03]
 [ 0.0000000e+00  0.0000000e+00  0.0000000e+00  1.0000000e+00]]
[+0218.20, -0066.73, -1217.89]
1000, 1000, 1920
[[-3.7278450e-01 -8.5531020e-02 -9.2378686e-01  1.7006000e+02]
 [ 3.6259700e-02  9.9363726e-01 -1.0662402e-01  9.2380000e+01]
 [ 9.2702910e-01 -7.3265900e-02 -3.6730980e-01 -1.3292100e+03]
 [ 0.0000000e+00  0.0000000e+00  0.0000000e+00  1.0000000e+00]]
[+0224.98, -0085.79, -1245.57]
1220, 1220, 800
[[-3.7265466e-01 -8.3867340e-02 -9.2386930e-01  1.7011000e+02]
 [ 3.6580100e-02  9.9380214e-01 -1.0496034e-01  9.2580000e+01]
 [ 9.2694666e-01 -7.2945500e-02 -3.6727476e-01 -1.3292000e+03]
 [ 0.0000000e+00  0.0000000e+00  0.0000000e+00  1.0000000e+00]]
[+0228.82, +0048.54, -1196.53]
1220, 1220, 1080
[[-3.7305010e-01 -8.4525920e-02 -9.2378566e-01  1.7006000e+02]
 [ 3.6571520e-02  9.9372588e-01 -1.0568816e-01  9.2510000e+01]
 [ 9.2692346e-01 -7.3231360e-02 -3.6761698e-01 -1.3291800e+03]
 [ 0.0000000e+00  0.0000000e+00  0.0000000e+00  1.0000000e+00]]
[+0221.49, +0015.05, -1191.70]
1220, 1220, 1360
[[-3.7307176e-01 -8.4803200e-02 -9.2377192e-01  1.7004000e+02]
 [ 3.6518080e-02  9.9369840e-01 -1.0596544e-01  9.2480000e+01]
 [ 9.2693720e-01 -7.3284800e-02 -3.6762280e-01 -1.3292100e+03]
 [ 0.0000000e+00  0.0000000e+00  0.0000000e+00  1.0000000e+00]]
[+0218.20, -0015.37, -1196.30]
1220, 1220, 1640
[[-3.7373328e-01 -8.4941920e-02 -9.2348872e-01  1.7002000e+02]
 [ 3.6314320e-02  9.9369254e-01 -1.0609022e-01  9.2450000e+01]
 [ 9.2667568e-01 -7.3203380e-02 -3.6829018e-01 -1.3291600e+03]
 [ 0.0000000e+00  0.0000000e+00  0.0000000e+00  1.0000000e+00]]
[+0218.25, -0043.39, -1208.86]
1220, 1220, 1920
[[-3.7340250e-01 -8.6107480e-02 -9.2346636e-01  1.7002000e+02]
 [ 3.5170440e-02  9.9365040e-01 -1.0686548e-01  9.2370000e+01]
 [ 9.2680508e-01 -7.2406440e-02 -3.6800154e-01 -1.3292000e+03]
 [ 0.0000000e+00  0.0000000e+00  0.0000000e+00  1.0000000e+00]]
[+0222.06, -0067.91, -1230.49]
1220, 1220, 2200
[[-3.7315880e-01 -8.6728200e-02 -9.2349660e-01  1.6998000e+02]
 [ 3.5466600e-02  9.9355718e-01 -1.0763106e-01  9.2260000e+01]
 [ 9.2688180e-01 -7.2942060e-02 -3.6767698e-01 -1.3291800e+03]
 [ 0.0000000e+00  0.0000000e+00  0.0000000e+00  1.0000000e+00]]
[+0228.94, -0080.94, -1255.09]
1450, 1450, 800
[[-3.7371162e-01 -8.4664660e-02 -9.2350248e-01  1.7004000e+02]
 [ 3.6367860e-02  9.9372006e-01 -1.0581296e-01  9.2510000e+01]
 [ 9.2666192e-01 -7.3149840e-02 -3.6828432e-01 -1.3292000e+03]
 [ 0.0000000e+00  0.0000000e+00  0.0000000e+00  1.0000000e+00]]
[+0226.98, +0041.58, -1202.41]
1450, 1450, 1080
[[-3.7331610e-01 -8.5163820e-02 -9.2351096e-01  1.7002000e+02]
 [ 3.5219060e-02  9.9375510e-01 -1.0586832e-01  9.2490000e+01]
 [ 9.2676048e-01 -7.2080560e-02 -3.6798324e-01 -1.3291900e+03]
 [ 0.0000000e+00  0.0000000e+00  0.0000000e+00  1.0000000e+00]]
[+0226.40, +0039.05, -1203.44]
1450, 1450, 1360
[[-3.7335922e-01 -8.5222200e-02 -9.2351572e-01  1.7002000e+02]
 [ 3.5608200e-02  9.9371800e-01 -1.0608720e-01  9.2450000e+01]
 [ 9.2675572e-01 -7.2523200e-02 -3.6797722e-01 -1.3291900e+03]
 [ 0.0000000e+00  0.0000000e+00  0.0000000e+00  1.0000000e+00]]
[+0220.86, +0009.71, -1201.18]
1450, 1450, 1640
[[-3.7274106e-01 -8.5472480e-02 -9.2378198e-01  1.7002000e+02]
 [ 3.5870480e-02  9.9367472e-01 -1.0640528e-01  9.2460000e+01]
 [ 9.2703398e-01 -7.2823280e-02 -3.6731578e-01 -1.3292100e+03]
 [ 0.0000000e+00  0.0000000e+00  0.0000000e+00  1.0000000e+00]]
[+0218.44, -0018.49, -1206.87]
1450, 1450, 1920
[[-3.7435168e-01 -8.6346080e-02 -9.2311400e-01  1.6998000e+02]
 [ 3.4397920e-02  9.9367502e-01 -1.0689020e-01  9.2340000e+01]
 [ 9.2650520e-01 -7.1785000e-02 -3.6901266e-01 -1.3291700e+03]
 [ 0.0000000e+00  0.0000000e+00  0.0000000e+00  1.0000000e+00]]
[+0219.43, -0046.58, -1221.37]
1450, 1450, 2200
[[-3.7446018e-01 -8.6574200e-02 -9.2312010e-01  1.6993000e+02]
 [ 3.5287800e-02  9.9357900e-01 -1.0749380e-01  9.2250000e+01]
 [ 9.2649910e-01 -7.2835800e-02 -3.6900018e-01 -1.3291600e+03]
 [ 0.0000000e+00  0.0000000e+00  0.0000000e+00  1.0000000e+00]]
[+0224.14, -0065.53, -1241.56]
1700, 1700, 800
[[-3.7377672e-01 -8.5331040e-02 -9.2347196e-01  1.7001000e+02]
 [ 3.6372640e-02  9.9364320e-01 -1.0653288e-01  9.2460000e+01]
 [ 9.2669244e-01 -7.3422320e-02 -3.6829608e-01 -1.3292000e+03]
 [ 0.0000000e+00  0.0000000e+00  0.0000000e+00  1.0000000e+00]]
[+0234.94, +0059.42, -1218.94]
1700, 1700, 1080
[[-3.7406410e-01 -8.5750280e-02 -9.2321554e-01  1.6999000e+02]
 [ 3.5462600e-02  9.9366264e-01 -1.0665428e-01  9.2450000e+01]
 [ 9.2651090e-01 -7.2661000e-02 -3.6865090e-01 -1.3292300e+03]
 [ 0.0000000e+00  0.0000000e+00  0.0000000e+00  1.0000000e+00]]
[+0235.29, +0058.95, -1220.69]
1700, 1700, 1360
[[-3.7377672e-01 -8.5485560e-02 -9.2329568e-01  1.6996000e+02]
 [ 3.6196360e-02  9.9363726e-01 -1.0664176e-01  9.2440000e+01]
 [ 9.2653792e-01 -7.3313440e-02 -3.6830202e-01 -1.3292100e+03]
 [ 0.0000000e+00  0.0000000e+00  0.0000000e+00  1.0000000e+00]]
[+0227.19, +0033.41, -1211.30]
1700, 1700, 1640
[[-3.7375498e-01 -8.6035320e-02 -9.2325522e-01  1.6997000e+02]
 [ 3.5422920e-02  9.9363484e-01 -1.0692372e-01  9.2400000e+01]
 [ 9.2657838e-01 -7.2700680e-02 -3.6832618e-01 -1.3292000e+03]
 [ 0.0000000e+00  0.0000000e+00  0.0000000e+00  1.0000000e+00]]
[+0222.40, +0006.16, -1210.42]
1700, 1700, 1920
[[-3.7375498e-01 -8.6862320e-02 -9.2320092e-01  1.6993000e+02]
 [ 3.4595920e-02  9.9360374e-01 -1.0748292e-01  9.2300000e+01]
 [ 9.2663268e-01 -7.2141480e-02 -3.6835728e-01 -1.3291800e+03]
 [ 0.0000000e+00  0.0000000e+00  0.0000000e+00  1.0000000e+00]]
[+0220.43, -0023.29, -1217.93]
1700, 1700, 2200
[[-3.7417300e-01 -8.7290960e-02 -9.2296928e-01  1.6991000e+02]
 [ 3.5018240e-02  9.9351654e-01 -1.0814914e-01  9.2230000e+01]
 [ 9.2642632e-01 -7.2820340e-02 -3.6868810e-01 -1.3291700e+03]
 [ 0.0000000e+00  0.0000000e+00  0.0000000e+00  1.0000000e+00]]
[+0222.43, -0046.21, -1231.98]
1920, 1700, 1700
[[-3.7479108e-01 -8.6720960e-02 -9.2289008e-01  1.6991000e+02]
 [ 3.5097440e-02  9.9357278e-01 -1.0761026e-01  9.2300000e+01]
 [ 9.2629088e-01 -7.2741140e-02 -3.6933730e-01 -1.3291900e+03]
 [ 0.0000000e+00  0.0000000e+00  0.0000000e+00  1.0000000e+00]]
[+0208.62, +0014.68, -1222.56]
1640, 1700, 1700
[[-3.7344594e-01 -8.5989600e-02 -9.2331658e-01  1.6998000e+02]
 [ 3.5714080e-02  9.9361920e-01 -1.0696944e-01  9.2380000e+01]
 [ 9.2662410e-01 -7.2964000e-02 -3.6798930e-01 -1.3292000e+03]
 [ 0.0000000e+00  0.0000000e+00  0.0000000e+00  1.0000000e+00]]
[+0229.81, -0005.95, -1207.62]
1360, 1700, 1700
[[-3.7307176e-01 -8.6115240e-02 -9.2351984e-01  1.7000000e+02]
 [ 3.5184360e-02  9.9365040e-01 -1.0685772e-01  9.2400000e+01]
 [ 9.2685856e-01 -7.2392520e-02 -3.6767080e-01 -1.3292100e+03]
 [ 0.0000000e+00  0.0000000e+00  0.0000000e+00  1.0000000e+00]]
[+0250.21, -0022.89, -1202.92]
1080, 1700, 1700
[[-3.7247562e-01 -8.5474660e-02 -9.2368284e-01  1.7001000e+02]
 [ 3.6539940e-02  9.9362142e-01 -1.0666652e-01  9.2430000e+01]
 [ 9.2690924e-01 -7.3532280e-02 -3.6697320e-01 -1.3292000e+03]
 [ 0.0000000e+00  0.0000000e+00  0.0000000e+00  1.0000000e+00]]
[+0272.76, -0038.34, -1206.43]
800, 1700, 1700
[[-3.7274106e-01 -8.5307140e-02 -9.2379282e-01  1.7004000e+02]
 [ 3.6035820e-02  9.9368070e-01 -1.0629334e-01  9.2490000e+01]
 [ 9.2702314e-01 -7.2935220e-02 -3.6730980e-01 -1.3292000e+03]
 [ 0.0000000e+00  0.0000000e+00  0.0000000e+00  1.0000000e+00]]
[+0296.41, -0052.37, -1220.07]
2200, 1450, 1450
[[-3.7307176e-01 -8.6445960e-02 -9.2349816e-01  1.6997000e+02]
 [ 3.4853640e-02  9.9363800e-01 -1.0708152e-01  9.2380000e+01]
 [ 9.2688024e-01 -7.2168720e-02 -3.6768320e-01 -1.3292200e+03]
 [ 0.0000000e+00  0.0000000e+00  0.0000000e+00  1.0000000e+00]]
[+0195.16, +0029.33, -1231.61]
1920, 1450, 1450
[[-3.7402082e-01 -8.5526640e-02 -9.2322162e-01  1.6999000e+02]
 [ 3.5238960e-02  9.9370592e-01 -1.0632344e-01  9.2420000e+01]
 [ 9.2650482e-01 -7.2330160e-02 -3.6865090e-01 -1.3292000e+03]
 [ 0.0000000e+00  0.0000000e+00  0.0000000e+00  1.0000000e+00]]
[+0198.36, +0026.41, -1226.80]
1640, 1450, 1450
[[-3.7338084e-01 -8.5499460e-02 -9.2350190e-01  1.7001000e+02]
 [ 3.5554700e-02  9.9369036e-01 -1.0636446e-01  9.2440000e+01]
 [ 9.2676954e-01 -7.2576700e-02 -3.6798324e-01 -1.3292000e+03]
 [ 0.0000000e+00  0.0000000e+00  0.0000000e+00  1.0000000e+00]]
[+0210.31, +0012.86, -1210.14]
1360, 1450, 1450
[[-3.7269778e-01 -8.5424740e-02 -9.2394252e-01  1.7003000e+02]
 [ 3.5492060e-02  9.9371198e-01 -1.0618956e-01  9.2450000e+01]
 [ 9.2720412e-01 -7.2377640e-02 -3.6732180e-01 -1.3292300e+03]
 [ 0.0000000e+00  0.0000000e+00  0.0000000e+00  1.0000000e+00]]
[+0230.18, -0005.92, -1197.36]
1080, 1450, 1450
[[-3.7340250e-01 -8.4773600e-02 -9.2338770e-01  1.7004000e+02]
 [ 3.6482640e-02  9.9369840e-01 -1.0596752e-01  9.2480000e+01]
 [ 9.2655298e-01 -7.3304400e-02 -3.6795354e-01 -1.3291400e+03]
 [ 0.0000000e+00  0.0000000e+00  0.0000000e+00  1.0000000e+00]]
[+0253.11, -0024.38, -1193.37]
800, 1450, 1450
[[-3.7298536e-01 -8.4675480e-02 -9.2359672e-01  1.7009000e+02]
 [ 3.5728920e-02  9.9377304e-01 -1.0552488e-01  9.2550000e+01]
 [ 9.2678168e-01 -7.2402480e-02 -3.6763456e-01 -1.3292000e+03]
 [ 0.0000000e+00  0.0000000e+00  0.0000000e+00  1.0000000e+00]]
[+0278.96, -0042.31, -1199.07]
2200, 1220, 1220
[[-3.7402082e-01 -8.5868280e-02 -9.2336544e-01  1.6999000e+02]
 [ 3.4918920e-02  9.9369368e-01 -1.0655016e-01  9.2410000e+01]
 [ 9.2669184e-01 -7.2103440e-02 -3.6866314e-01 -1.3292100e+03]
 [ 0.0000000e+00  0.0000000e+00  0.0000000e+00  1.0000000e+00]]
[+0182.60, +0043.41, -1248.95]
1920, 1220, 1220
[[-3.7402082e-01 -8.5030380e-02 -9.2325402e-01  1.7003000e+02]
 [ 3.5735220e-02  9.9372398e-01 -1.0598798e-01  9.2450000e+01]
 [ 9.2647242e-01 -7.2665620e-02 -3.6863284e-01 -1.3291900e+03]
 [ 0.0000000e+00  0.0000000e+00  0.0000000e+00  1.0000000e+00]]
[+0185.54, +0038.70, -1240.27]
1640, 1220, 1220
[[-3.7404244e-01 -8.4811360e-02 -9.2327268e-01  1.7004000e+02]
 [ 3.6177880e-02  9.9371420e-01 -1.0592976e-01  9.2500000e+01]
 [ 9.2645376e-01 -7.3054680e-02 -3.6862100e-01 -1.3291800e+03]
 [ 0.0000000e+00  0.0000000e+00  0.0000000e+00  1.0000000e+00]]
[+0194.60, +0025.20, -1216.66]
1360, 1220, 1220
[[-3.7329460e-01 -8.5062680e-02 -9.2367936e-01  1.7006000e+02]
 [ 3.5117920e-02  9.9377660e-01 -1.0570596e-01  9.2500000e+01]
 [ 9.2692284e-01 -7.1912160e-02 -3.6798324e-01 -1.3292000e+03]
 [ 0.0000000e+00  0.0000000e+00  0.0000000e+00  1.0000000e+00]]
[+0210.08, +0008.65, -1199.05]
1080, 1220, 1220
[[-3.7236712e-01 -8.4429800e-02 -9.2389536e-01  1.7009000e+02]
 [ 3.6487000e-02  9.9374750e-01 -1.0550700e-01  9.2530000e+01]
 [ 9.2702736e-01 -7.3038600e-02 -3.6695562e-01 -1.3292200e+03]
 [ 0.0000000e+00  0.0000000e+00  0.0000000e+00  1.0000000e+00]]
[+0231.77, -0010.77, -1187.86]
800, 1220, 1220
[[-3.7259028e-01 -8.4203580e-02 -9.2400042e-01  1.7011000e+02]
 [ 3.5593620e-02  9.9384332e-01 -1.0491502e-01  9.2610000e+01]
 [ 9.2714622e-01 -7.1998780e-02 -3.6729796e-01 -1.3292200e+03]
 [ 0.0000000e+00  0.0000000e+00  0.0000000e+00  1.0000000e+00]]
[+0258.40, -0031.49, -1185.85]
1920, 1000, 1000
[[-3.7430856e-01 -8.5129840e-02 -9.2318484e-01  1.7004000e+02]
 [ 3.5166960e-02  9.9375510e-01 -1.0588852e-01  9.2460000e+01]
 [ 9.2643436e-01 -7.2124920e-02 -3.6897570e-01 -1.3291900e+03]
 [ 0.0000000e+00  0.0000000e+00  0.0000000e+00  1.0000000e+00]]
[+0174.50, +0052.69, -1263.33]
1640, 1000, 1000
[[-3.7265466e-01 -8.4363360e-02 -9.2383702e-01  1.7007000e+02]
 [ 3.6084080e-02  9.9378480e-01 -1.0529616e-01  9.2510000e+01]
 [ 9.2697894e-01 -7.2609680e-02 -3.6729210e-01 -1.3292000e+03]
 [ 0.0000000e+00  0.0000000e+00  0.0000000e+00  1.0000000e+00]]
[+0180.42, +0040.83, -1231.88]
1360, 1000, 1000
[[-3.7327314e-01 -8.4123880e-02 -9.2373598e-01  1.7010000e+02]
 [ 3.5832920e-02  9.9382776e-01 -1.0498108e-01  9.2540000e+01]
 [ 9.2686622e-01 -7.2306280e-02 -3.6795354e-01 -1.3292000e+03]
 [ 0.0000000e+00  0.0000000e+00  0.0000000e+00  1.0000000e+00]]
[+0192.38, +0025.34, -1206.43]
1080, 1000, 1000
[[-3.7265466e-01 -8.4043440e-02 -9.2402388e-01  1.7013000e+02]
 [ 3.6425520e-02  9.9379640e-01 -1.0507516e-01  9.2570000e+01]
 [ 9.2712276e-01 -7.2830680e-02 -3.6728050e-01 -1.3292000e+03]
 [ 0.0000000e+00  0.0000000e+00  0.0000000e+00  1.0000000e+00]]
[+0210.65, +0006.34, -1188.56]
800, 1000, 1000
[[-3.7261170e-01 -8.3478120e-02 -9.2388574e-01  1.7016000e+02]
 [ 3.6521560e-02  9.9385080e-01 -1.0451772e-01  9.2670000e+01]
 [ 9.2693022e-01 -7.2726760e-02 -3.6726906e-01 -1.3291900e+03]
 [ 0.0000000e+00  0.0000000e+00  0.0000000e+00  1.0000000e+00]]
[+0236.39, -0015.95, -1178.25]
1700, 2200, 1700
[[-3.7490058e-01 -8.7103300e-02 -9.2272002e-01  1.6985000e+02]
 [ 3.5810700e-02  9.9346950e-01 -1.0832270e-01  9.2290000e+01]
 [ 9.2613002e-01 -7.3683300e-02 -3.6933108e-01 -1.3291800e+03]
 [ 0.0000000e+00  0.0000000e+00  0.0000000e+00  1.0000000e+00]]
[+0267.03, +0013.92, -1211.90]
1700, 1920, 1700
[[-3.7377672e-01 -8.6643360e-02 -9.2321952e-01  1.6991000e+02]
 [ 3.5038560e-02  9.9359456e-01 -1.0742464e-01  9.2370000e+01]
 [ 9.2661408e-01 -7.2530560e-02 -3.6834472e-01 -1.3292200e+03]
 [ 0.0000000e+00  0.0000000e+00  0.0000000e+00  1.0000000e+00]]
[+0239.63, +0008.04, -1209.51]
1700, 1640, 1700
[[-3.7437330e-01 -8.6612500e-02 -9.2293460e-01  1.6994000e+02]
 [ 3.4333460e-02  9.9364710e-01 -1.0716428e-01  9.2330000e+01]
 [ 9.2635372e-01 -7.1841800e-02 -3.6901896e-01 -1.3291900e+03]
 [ 0.0000000e+00  0.0000000e+00  0.0000000e+00  1.0000000e+00]]
[+0215.74, -0000.61, -1212.90]
1700, 1360, 1700
[[-3.7404244e-01 -8.5803880e-02 -9.2320776e-01  1.6998000e+02]
 [ 3.5185360e-02  9.9367820e-01 -1.0660068e-01  9.2380000e+01]
 [ 9.2651868e-01 -7.2383760e-02 -3.6865700e-01 -1.3292200e+03]
 [ 0.0000000e+00  0.0000000e+00  0.0000000e+00  1.0000000e+00]]
[+0194.16, -0010.18, -1223.60]
1700, 1080, 1700
[[-3.7340250e-01 -8.5445960e-02 -9.2350972e-01  1.7001000e+02]
 [ 3.5831960e-02  9.9367472e-01 -1.0641796e-01  9.2380000e+01]
 [ 9.2676172e-01 -7.2853960e-02 -3.6797722e-01 -1.3292200e+03]
 [ 0.0000000e+00  0.0000000e+00  0.0000000e+00  1.0000000e+00]]
[+0176.18, -0019.55, -1242.13]
1700, 800, 1700
[[-3.7331610e-01 -8.5329200e-02 -9.2350020e-01  1.7006000e+02]
 [ 3.5053680e-02  9.9374904e-01 -1.0598020e-01  9.2400000e+01]
 [ 9.2677124e-01 -7.1968680e-02 -3.6798930e-01 -1.3291900e+03]
 [ 0.0000000e+00  0.0000000e+00  0.0000000e+00  1.0000000e+00]]
[+0164.70, -0029.58, -1269.59]
1450, 2200, 1450
[[-3.7415114e-01 -8.5690380e-02 -9.2307072e-01  1.6995000e+02]
 [ 3.6395220e-02  9.9359366e-01 -1.0697752e-01  9.2440000e+01]
 [ 9.2632488e-01 -7.3661120e-02 -3.6863284e-01 -1.3291800e+03]
 [ 0.0000000e+00  0.0000000e+00  0.0000000e+00  1.0000000e+00]]
[+0267.69, +0015.22, -1204.56]
1450, 1920, 1450
[[-3.7412932e-01 -8.5434960e-02 -9.2341544e-01  1.6997000e+02]
 [ 3.6470640e-02  9.9362142e-01 -1.0670622e-01  9.2440000e+01]
 [ 9.2664184e-01 -7.3601580e-02 -3.6862690e-01 -1.3291900e+03]
 [ 0.0000000e+00  0.0000000e+00  0.0000000e+00  1.0000000e+00]]
[+0263.75, +0013.13, -1203.10]
1450, 1640, 1450
[[-3.7274106e-01 -8.5626980e-02 -9.2360580e-01  1.6999000e+02]
 [ 3.5694300e-02  9.9366870e-01 -1.0651420e-01  9.2450000e+01]
 [ 9.2687948e-01 -7.2714360e-02 -3.6732180e-01 -1.3292100e+03]
 [ 0.0000000e+00  0.0000000e+00  0.0000000e+00  1.0000000e+00]]
[+0238.20, +0004.79, -1199.45]
1450, 1360, 1450
[[-3.7335922e-01 -8.5222200e-02 -9.2351572e-01  1.7001000e+02]
 [ 3.5608200e-02  9.9371800e-01 -1.0608720e-01  9.2470000e+01]
 [ 9.2675572e-01 -7.2523200e-02 -3.6797722e-01 -1.3292100e+03]
 [ 0.0000000e+00  0.0000000e+00  0.0000000e+00  1.0000000e+00]]
[+0213.05, -0004.57, -1203.90]
1450, 1080, 1450
[[-3.7267620e-01 -8.5136660e-02 -9.2379098e-01  1.7006000e+02]
 [ 3.5534660e-02  9.9373958e-01 -1.0590926e-01  9.2470000e+01]
 [ 9.2702498e-01 -7.2327260e-02 -3.6731578e-01 -1.3292100e+03]
 [ 0.0000000e+00  0.0000000e+00  0.0000000e+00  1.0000000e+00]]
[+0188.99, -0014.70, -1216.80]
1450, 800, 1450
[[-3.7325172e-01 -8.5004260e-02 -9.2367470e-01  1.7007000e+02]
 [ 3.4728740e-02  9.9381342e-01 -1.0548710e-01  9.2480000e+01]
 [ 9.2692750e-01 -7.1469500e-02 -3.6798930e-01 -1.3291800e+03]
 [ 0.0000000e+00  0.0000000e+00  0.0000000e+00  1.0000000e+00]]
[+0168.81, -0025.01, -1239.73]
1220, 2200, 1220
[[-3.7307176e-01 -8.5464640e-02 -9.2372856e-01  1.6998000e+02]
 [ 3.5856640e-02  9.9367472e-01 -1.0641312e-01  9.2460000e+01]
 [ 9.2698056e-01 -7.2837120e-02 -3.6764648e-01 -1.3292200e+03]
 [ 0.0000000e+00  0.0000000e+00  0.0000000e+00  1.0000000e+00]]
[+0290.07, +0023.05, -1207.13]
1220, 1920, 1220
[[-3.7300690e-01 -8.5459600e-02 -9.2371600e-01  1.7001000e+02]
 [ 3.5190160e-02  9.9372750e-01 -1.0614088e-01  9.2460000e+01]
 [ 9.2699312e-01 -7.2117200e-02 -3.6765856e-01 -1.3292300e+03]
 [ 0.0000000e+00  0.0000000e+00  0.0000000e+00  1.0000000e+00]]
[+0284.99, +0021.58, -1204.09]
1220, 1640, 1220
[[-3.7298536e-01 -8.5336920e-02 -9.2355368e-01  1.7001000e+02]
 [ 3.5067480e-02  9.9374904e-01 -1.0597248e-01  9.2470000e+01]
 [ 9.2682472e-01 -7.1954880e-02 -3.6765856e-01 -1.3291900e+03]
 [ 0.0000000e+00  0.0000000e+00  0.0000000e+00  1.0000000e+00]]
[+0259.97, +0014.08, -1193.36]
1220, 1360, 1220
[[-3.7265466e-01 -8.5200820e-02 -9.2394856e-01  1.7005000e+02]
 [ 3.5268140e-02  9.9375510e-01 -1.0585888e-01  9.2510000e+01]
 [ 9.2719808e-01 -7.2046960e-02 -3.6732180e-01 -1.3292000e+03]
 [ 0.0000000e+00  0.0000000e+00  0.0000000e+00  1.0000000e+00]]
[+0233.10, +0004.92, -1190.94]
1220, 1080, 1220
[[-3.7236712e-01 -8.4605920e-02 -9.2404988e-01  1.7007000e+02]
 [ 3.6332480e-02  9.9374168e-01 -1.0562188e-01  9.2520000e+01]
 [ 9.2720348e-01 -7.2923720e-02 -3.6696144e-01 -1.3291900e+03]
 [ 0.0000000e+00  0.0000000e+00  0.0000000e+00  1.0000000e+00]]
[+0205.15, -0005.81, -1197.36]
1220, 800, 1220
[[-3.7261170e-01 -8.4646220e-02 -9.2397604e-01  1.7010000e+02]
 [ 3.5374900e-02  9.9381006e-01 -1.0530428e-01  9.2530000e+01]
 [ 9.2717060e-01 -7.1940200e-02 -3.6730980e-01 -1.3291700e+03]
 [ 0.0000000e+00  0.0000000e+00  0.0000000e+00  1.0000000e+00]]
[+0178.17, -0017.79, -1214.52]
1000, 1920, 1000
[[-3.7267620e-01 -8.4982100e-02 -9.2396710e-01  1.7003000e+02]
 [ 3.5710780e-02  9.9374556e-01 -1.0580030e-01  9.2540000e+01]
 [ 9.2717954e-01 -7.2436220e-02 -3.6730980e-01 -1.3292600e+03]
 [ 0.0000000e+00  0.0000000e+00  0.0000000e+00  1.0000000e+00]]
[+0308.06, +0028.72, -1211.59]
1000, 1640, 1000
[[-3.7203650e-01 -8.4613800e-02 -9.2410320e-01  1.7007000e+02]
 [ 3.6346200e-02  9.9374168e-01 -1.0561400e-01  9.2570000e+01]
 [ 9.2725680e-01 -7.2910000e-02 -3.6663082e-01 -1.3292300e+03]
 [ 0.0000000e+00  0.0000000e+00  0.0000000e+00  1.0000000e+00]]
[+0283.22, +0021.86, -1193.47]
1000, 1360, 1000
[[-3.7135380e-01 -8.4528300e-02 -9.2437790e-01  1.7010000e+02]
 [ 3.6272380e-02  9.9376326e-01 -1.0543590e-01  9.2580000e+01]
 [ 9.2752566e-01 -7.2714380e-02 -3.6596970e-01 -1.3292500e+03]
 [ 0.0000000e+00  0.0000000e+00  0.0000000e+00  1.0000000e+00]]
[+0256.61, +0013.53, -1184.01]
1000, 1080, 1000
[[-3.7170592e-01 -8.3960560e-02 -9.2419968e-01  1.7011000e+02]
 [ 3.7021040e-02  9.9376472e-01 -1.0515804e-01  9.2580000e+01]
 [ 9.2726688e-01 -7.3344360e-02 -3.6627720e-01 -1.3292000e+03]
 [ 0.0000000e+00  0.0000000e+00  0.0000000e+00  1.0000000e+00]]
[+0226.51, +0003.06, -1183.14]
1000, 800, 1000
[[-3.7256890e-01 -8.3926280e-02 -9.2401404e-01  1.7014000e+02]
 [ 3.5647000e-02  9.9387056e-01 -1.0463772e-01  9.2600000e+01]
 [ 9.2713260e-01 -7.1945400e-02 -3.6729210e-01 -1.3291900e+03]
 [ 0.0000000e+00  0.0000000e+00  0.0000000e+00  1.0000000e+00]]
[+0194.65, -0008.93, -1192.77]
1700, 1700, 2200
[[-3.7386408e-01 -8.7575960e-02 -9.2300876e-01  1.6988000e+02]
 [ 3.4978760e-02  9.9348830e-01 -1.0841858e-01  9.2230000e+01]
 [ 9.2649404e-01 -7.2859820e-02 -3.6836362e-01 -1.3291800e+03]
 [ 0.0000000e+00  0.0000000e+00  0.0000000e+00  1.0000000e+00]]
[+0222.57, -0045.31, -1230.21]
1700, 1700, 1920
[[-3.7443840e-01 -8.6782400e-02 -9.2293600e-01  1.6991000e+02]
 [ 3.4834240e-02  9.9358830e-01 -1.0754882e-01  9.2310000e+01]
 [ 9.2635232e-01 -7.2449900e-02 -3.6901266e-01 -1.3291700e+03]
 [ 0.0000000e+00  0.0000000e+00  0.0000000e+00  1.0000000e+00]]
[+0220.72, -0018.97, -1217.15]
1700, 1700, 1640
[[-3.7382032e-01 -8.5874640e-02 -9.2327880e-01  1.6996000e+02]
 [ 3.6254640e-02  9.9358768e-01 -1.0708440e-01  9.2380000e+01]
 [ 9.2655480e-01 -7.3532400e-02 -3.6830800e-01 -1.3291800e+03]
 [ 0.0000000e+00  0.0000000e+00  0.0000000e+00  1.0000000e+00]]
[+0222.68, +0009.09, -1210.48]
1700, 1700, 1360
[[-3.7377672e-01 -8.5661840e-02 -9.2345020e-01  1.6997000e+02]
 [ 3.6041840e-02  9.9363128e-01 -1.0675660e-01  9.2420000e+01]
 [ 9.2671420e-01 -7.3198600e-02 -3.6830800e-01 -1.3292200e+03]
 [ 0.0000000e+00  0.0000000e+00  0.0000000e+00  1.0000000e+00]]
[+0227.79, +0035.61, -1211.73]
1700, 1700, 1080
[[-3.7269778e-01 -8.5920760e-02 -9.2391012e-01  1.6999000e+02]
 [ 3.4996040e-02  9.9369368e-01 -1.0652544e-01  9.2460000e+01]
 [ 9.2723652e-01 -7.2041760e-02 -3.6734010e-01 -1.3292400e+03]
 [ 0.0000000e+00  0.0000000e+00  0.0000000e+00  1.0000000e+00]]
[+0237.09, +0057.82, -1219.04]
1700, 1700, 800
[[-3.7263316e-01 -8.5078120e-02 -9.2378624e-01  1.7003000e+02]
 [ 3.5145440e-02  9.9377660e-01 -1.0569052e-01  9.2520000e+01]
 [ 9.2702972e-01 -7.1884640e-02 -3.6732180e-01 -1.3292400e+03]
 [ 0.0000000e+00  0.0000000e+00  0.0000000e+00  1.0000000e+00]]
[+0247.52, +0079.23, -1236.99]
1450, 1450, 2200
[[-3.7276276e-01 -8.6565600e-02 -9.2354848e-01  1.6996000e+02]
 [ 3.4979520e-02  9.9361630e-01 -1.0723914e-01  9.2320000e+01]
 [ 9.2693680e-01 -7.2320100e-02 -3.6735250e-01 -1.3292200e+03]
 [ 0.0000000e+00  0.0000000e+00  0.0000000e+00  1.0000000e+00]]
[+0222.76, -0046.97, -1221.57]
1450, 1450, 1920
[[-3.7379850e-01 -8.5939100e-02 -9.2343630e-01  1.6999000e+02]
 [ 3.5988300e-02  9.9360348e-01 -1.0703386e-01  9.2370000e+01]
 [ 9.2672810e-01 -7.3252140e-02 -3.6831402e-01 -1.3291700e+03]
 [ 0.0000000e+00  0.0000000e+00  0.0000000e+00  1.0000000e+00]]
[+0221.94, -0042.50, -1218.10]
1450, 1450, 1640
[[-3.7311520e-01 -8.5677600e-02 -9.2355720e-01  1.7001000e+02]
 [ 3.6069600e-02  9.9363128e-01 -1.0674084e-01  9.2430000e+01]
 [ 9.2682120e-01 -7.3170840e-02 -3.6764648e-01 -1.3292100e+03]
 [ 0.0000000e+00  0.0000000e+00  0.0000000e+00  1.0000000e+00]]
[+0221.21, -0017.99, -1205.46]
1450, 1450, 1360
[[-3.7280628e-01 -8.5146940e-02 -9.2381658e-01  1.7002000e+02]
 [ 3.6867660e-02  9.9363318e-01 -1.0645354e-01  9.2460000e+01]
 [ 9.2699938e-01 -7.3767060e-02 -3.6729210e-01 -1.3292100e+03]
 [ 0.0000000e+00  0.0000000e+00  0.0000000e+00  1.0000000e+00]]
[+0223.52, +0010.11, -1200.12]
1450, 1450, 1080
[[-3.7333764e-01 -8.4944940e-02 -9.2352950e-01  1.7002000e+02]
 [ 3.5661700e-02  9.9374556e-01 -1.0580994e-01  9.2490000e+01]
 [ 9.2674194e-01 -7.2469700e-02 -3.6797124e-01 -1.3291900e+03]
 [ 0.0000000e+00  0.0000000e+00  0.0000000e+00  1.0000000e+00]]
[+0228.99, +0038.24, -1202.35]
1450, 1450, 800
[[-3.7263316e-01 -8.4582100e-02 -9.2381846e-01  1.7007000e+02]
 [ 3.5641460e-02  9.9379454e-01 -1.0535470e-01  9.2560000e+01]
 [ 9.2699750e-01 -7.2220460e-02 -3.6730386e-01 -1.3292000e+03]
 [ 0.0000000e+00  0.0000000e+00  0.0000000e+00  1.0000000e+00]]
[+0237.99, +0066.11, -1214.43]
1220, 1220, 2200
[[-3.7373328e-01 -8.6254280e-02 -9.2323660e-01  1.6997000e+02]
 [ 3.4980280e-02  9.9364422e-01 -1.0698200e-01  9.2330000e+01]
 [ 9.2659700e-01 -7.2311600e-02 -3.6833850e-01 -1.3291600e+03]
 [ 0.0000000e+00  0.0000000e+00  0.0000000e+00  1.0000000e+00]]
[+0222.66, -0066.43, -1230.08]
1220, 1220, 1920
[[-3.7410754e-01 -8.5146820e-02 -9.2326386e-01  1.7002000e+02]
 [ 3.6513340e-02  9.9364910e-01 -1.0642602e-01  9.2440000e+01]
 [ 9.2646258e-01 -7.3550940e-02 -3.6862100e-01 -1.3291500e+03]
 [ 0.0000000e+00  0.0000000e+00  0.0000000e+00  1.0000000e+00]]
[+0221.56, -0062.52, -1226.57]
1220, 1220, 1640
[[-3.7340250e-01 -8.5126040e-02 -9.2369678e-01  1.7004000e+02]
 [ 3.6173560e-02  9.9368664e-01 -1.0619716e-01  9.2460000e+01]
 [ 9.2690542e-01 -7.3074760e-02 -3.6796530e-01 -1.3291700e+03]
 [ 0.0000000e+00  0.0000000e+00  0.0000000e+00  1.0000000e+00]]
[+0218.30, -0041.33, -1207.97]
1220, 1220, 1360
[[-3.7271940e-01 -8.4710000e-02 -9.2399360e-01  1.7008000e+02]
 [ 3.6430720e-02  9.9372006e-01 -1.0579510e-01  9.2490000e+01]
 [ 9.2715304e-01 -7.3102780e-02 -3.6729210e-01 -1.3292200e+03]
 [ 0.0000000e+00  0.0000000e+00  0.0000000e+00  1.0000000e+00]]
[+0218.15, -0014.69, -1196.04]
1220, 1220, 1080
[[-3.7300690e-01 -8.4622020e-02 -9.2360454e-01  1.7006000e+02]
 [ 3.6006180e-02  9.9375740e-01 -1.0557834e-01  9.2530000e+01]
 [ 9.2677386e-01 -7.2679740e-02 -3.6762866e-01 -1.3291600e+03]
 [ 0.0000000e+00  0.0000000e+00  0.0000000e+00  1.0000000e+00]]
[+0221.53, +0015.62, -1191.60]
1220, 1220, 800
[[-3.7199338e-01 -8.4224500e-02 -9.2411980e-01  1.7010000e+02]
 [ 3.6287500e-02  9.9379062e-01 -1.0517140e-01  9.2550000e+01]
 [ 9.2724020e-01 -7.2691400e-02 -3.6662500e-01 -1.3292100e+03]
 [ 0.0000000e+00  0.0000000e+00  0.0000000e+00  1.0000000e+00]]
[+0228.61, +0047.92, -1196.12]
1000, 1000, 1920
[[-3.7241040e-01 -8.5645640e-02 -9.2382452e-01  1.7004000e+02]
 [ 3.5719000e-02  9.9366870e-01 -1.0650940e-01  9.2380000e+01]
 [ 9.2709820e-01 -7.2697480e-02 -3.6699114e-01 -1.3291800e+03]
 [ 0.0000000e+00  0.0000000e+00  0.0000000e+00  1.0000000e+00]]
[+0224.79, -0085.58, -1245.15]
1000, 1000, 1640
[[-3.7234554e-01 -8.4824580e-02 -9.2403124e-01  1.7011000e+02]
 [ 3.5889860e-02  9.9375150e-01 -1.0568052e-01  9.2520000e+01]
 [ 9.2722212e-01 -7.2534440e-02 -3.6697320e-01 -1.3292000e+03]
 [ 0.0000000e+00  0.0000000e+00  0.0000000e+00  1.0000000e+00]]
[+0218.18, -0063.54, -1216.04]
1000, 1000, 1360
[[-3.7329460e-01 -8.4566540e-02 -9.2371158e-01  1.7009000e+02]
 [ 3.5614060e-02  9.9379454e-01 -1.0537026e-01  9.2540000e+01]
 [ 9.2689062e-01 -7.2247860e-02 -3.6796530e-01 -1.3291800e+03]
 [ 0.0000000e+00  0.0000000e+00  0.0000000e+00  1.0000000e+00]]
[+0214.71, -0040.12, -1198.24]
1000, 1000, 1080
[[-3.7201492e-01 -8.4005900e-02 -9.2413846e-01  1.7013000e+02]
 [ 3.6730100e-02  9.9378060e-01 -1.0511270e-01  9.2560000e+01]
 [ 9.2722154e-01 -7.3080700e-02 -3.6661348e-01 -1.3292000e+03]
 [ 0.0000000e+00  0.0000000e+00  0.0000000e+00  1.0000000e+00]]
[+0215.60, -0009.39, -1186.65]
