2135, 1228, 1130
[[-1.0072836e-01  7.0345444e-01 -7.0310232e-01 -6.7440000e+01]
 [ 6.8218320e-02  7.1025324e-01  7.0051036e-01  1.6820000e+02]
 [ 9.9224356e-01  2.2811280e-02 -1.1945076e-01 -1.1709900e+03]
 [ 0.0000000e+00  0.0000000e+00  0.0000000e+00  1.0000000e+00]]
[-0092.98, +0040.75, -1057.52]
1281, 1472, 1883
[[-1.0225700e-01  7.0249644e-01 -7.0399392e-01 -6.7610000e+01]
 [ 6.6284160e-02  7.1116652e-01  6.9981044e-01  1.6818000e+02]
 [ 9.9232812e-01  2.5039840e-02 -1.1923252e-01 -1.1710300e+03]
 [ 0.0000000e+00  0.0000000e+00  0.0000000e+00  1.0000000e+00]]
[-0126.28, -0000.16, -1088.62]
1834, 1492, 1640
[[-1.0284858e-01  7.0268194e-01 -7.0375076e-01 -6.7600000e+01]
 [ 6.8210260e-02  7.1102310e-01  6.9977852e-01  1.6819000e+02]
 [ 9.9215644e-01  2.4097880e-02 -1.2100932e-01 -1.1709700e+03]
 [ 0.0000000e+00  0.0000000e+00  0.0000000e+00  1.0000000e+00]]
[-0102.23, +0068.79, -1080.92]
2198, 1132, 1677
[[-1.0434418e-01  7.0226386e-01 -7.0381718e-01 -6.7720000e+01]
 [ 6.8068940e-02  7.1136204e-01  6.9941354e-01  1.6815000e+02]
 [ 9.9191722e-01  2.5261660e-02 -1.2195778e-01 -1.1709300e+03]
 [ 0.0000000e+00  0.0000000e+00  0.0000000e+00  1.0000000e+00]]
[-0125.60, +0101.81, -1121.35]
1118, 2098, 1277
[[-1.0163204e-01  7.0268544e-01 -7.0382256e-01 -6.7540000e+01]
 [ 6.8041440e-02  7.1101630e-01  6.9977502e-01  1.6825000e+02]
 [ 9.9222144e-01  2.3407020e-02 -1.2000770e-01 -1.1710300e+03]
 [ 0.0000000e+00  0.0000000e+00  0.0000000e+00  1.0000000e+00]]
[-0025.97, -0010.19, -1103.59]
1708, 932, 1420
[[-1.0184020e-01  7.0324238e-01 -7.0327746e-01 -6.7520000e+01]
 [ 6.8318620e-02  7.1047532e-01  7.0030806e-01  1.6818000e+02]
 [ 9.9221046e-01  2.3430060e-02 -1.2034052e-01 -1.1710000e+03]
 [ 0.0000000e+00  0.0000000e+00  0.0000000e+00  1.0000000e+00]]
[-0132.27, +0092.98, -1095.96]
1565, 1247, 1269
[[-1.0128420e-01  7.0328756e-01 -7.0345048e-01 -6.7450000e+01]
 [ 6.8051440e-02  7.1047532e-01  7.0037044e-01  1.6821000e+02]
 [ 9.9238348e-01  2.3159440e-02 -1.1978452e-01 -1.1710200e+03]
 [ 0.0000000e+00  0.0000000e+00  0.0000000e+00  1.0000000e+00]]
[-0093.07, +0071.46, -1068.77]
1516, 1108, 1806
[[-1.0093668e-01  7.0310798e-01 -7.0352962e-01 -6.7500000e+01]
 [ 6.7175380e-02  7.1059982e-01  7.0028902e-01  1.6817000e+02]
 [ 9.9237202e-01  2.3588380e-02 -1.1889586e-01 -1.1709900e+03]
 [ 0.0000000e+00  0.0000000e+00  0.0000000e+00  1.0000000e+00]]
[-0146.29, +0045.59, -1092.36]
1044, 1895, 1889
[[-1.0125000e-01  7.0224700e-01 -7.0432900e-01 -6.7570000e+01]
 [ 6.7535000e-02  7.1145278e-01  6.9938414e-01  1.6817000e+02]
 [ 9.9230500e-01  2.3415860e-02 -1.1939722e-01 -1.1709700e+03]
 [ 0.0000000e+00  0.0000000e+00  0.0000000e+00  1.0000000e+00]]
[-0088.31, -0035.78, -1108.15]
1431, 1664, 1758
[[-1.0180608e-01  7.0270592e-01 -7.0380896e-01 -6.7510000e+01]
 [ 6.8409920e-02  7.1100942e-01  6.9975454e-01  1.6819000e+02]
 [ 9.9220096e-01  2.3253460e-02 -1.2039666e-01 -1.1709600e+03]
 [ 0.0000000e+00  0.0000000e+00  0.0000000e+00  1.0000000e+00]]
[-0099.57, +0016.44, -1076.09]
761, 2094, 1690
[[-1.0163204e-01  7.0282446e-01 -7.0377054e-01 -6.7450000e+01]
 [ 6.8180460e-02  7.1090540e-01  6.9989702e-01  1.6827000e+02]
 [ 9.9227346e-01  2.3285020e-02 -1.2011860e-01 -1.1710000e+03]
 [ 0.0000000e+00  0.0000000e+00  0.0000000e+00  1.0000000e+00]]
[-0058.74, -0046.03, -1131.06]
2178, 2169, 1908
[[-1.0455556e-01  7.0124580e-01 -7.0500096e-01 -6.7780000e+01]
 [ 6.8304960e-02  7.1242844e-01  6.9835740e-01  1.6821000e+02]
 [ 9.9202140e-01  2.4959040e-02 -1.2235076e-01 -1.1709400e+03]
 [ 0.0000000e+00  0.0000000e+00  0.0000000e+00  1.0000000e+00]]
[-0072.27, +0050.47, -1091.40]
1472, 2144, 2168
[[-1.0212100e-01  7.0139250e-01 -7.0509370e-01 -6.7690000e+01]
 [ 6.8108700e-02  7.1230438e-01  6.9847182e-01  1.6816000e+02]
 [ 9.9220450e-01  2.3457180e-02 -1.2045562e-01 -1.1709200e+03]
 [ 0.0000000e+00  0.0000000e+00  0.0000000e+00  1.0000000e+00]]
[-0090.33, -0015.42, -1103.41]
1865, 1111, 1223
[[-1.0128420e-01  7.0337448e-01 -7.0325944e-01 -6.7450000e+01]
 [ 6.8242480e-02  7.1036430e-01  7.0043694e-01  1.6818000e+02]
 [ 9.9229656e-01  2.3092940e-02 -1.1989554e-01 -1.1709900e+03]
 [ 0.0000000e+00  0.0000000e+00  0.0000000e+00  1.0000000e+00]]
[-0097.87, +0107.83, -1095.35]
1251, 873, 1415
[[-1.0121458e-01  7.0347610e-01 -7.0321746e-01 -6.7390000e+01]
 [ 6.7751900e-02  7.1026700e-01  7.0059630e-01  1.6815000e+02]
 [ 9.9237246e-01  2.3385300e-02 -1.1950658e-01 -1.1709600e+03]
 [ 0.0000000e+00  0.0000000e+00  0.0000000e+00  1.0000000e+00]]
[-0143.76, +0052.09, -1076.48]
1232, 2072, 1779
[[-1.0170210e-01  7.0232276e-01 -7.0443748e-01 -6.7570000e+01]
 [ 6.7958840e-02  7.1144598e-01  6.9941576e-01  1.6819000e+02]
 [ 9.9240668e-01  2.3314160e-02 -1.2006408e-01 -1.1709600e+03]
 [ 0.0000000e+00  0.0000000e+00  0.0000000e+00  1.0000000e+00]]
[-0066.87, -0022.56, -1099.61]
1260, 1721, 2016
[[-1.0135402e-01  7.0231704e-01 -7.0413462e-01 -6.7560000e+01]
 [ 6.7464960e-02  7.1134876e-01  6.9946776e-01  1.6814000e+02]
 [ 9.9222138e-01  2.3610240e-02 -1.1939722e-01 -1.1709700e+03]
 [ 0.0000000e+00  0.0000000e+00  0.0000000e+00  1.0000000e+00]]
[-0115.40, -0015.46, -1098.67]
1057, 2035, 1703
[[-1.0097202e-01  7.0297350e-01 -7.0375596e-01 -6.7480000e+01]
 [ 6.8365500e-02  7.1078750e-01  7.0000900e-01  1.6824000e+02]
 [ 9.9235596e-01  2.2687000e-02 -1.1978452e-01 -1.1710100e+03]
 [ 0.0000000e+00  0.0000000e+00  0.0000000e+00  1.0000000e+00]]
[-0061.30, -0030.70, -1105.59]
1979, 1263, 1460
[[-1.0288282e-01  7.0299228e-01 -7.0346258e-01 -6.7520000e+01]
 [ 6.7789080e-02  7.1071068e-01  7.0014372e-01  1.6819000e+02]
 [ 9.9220078e-01  2.4463080e-02 -1.2073114e-01 -1.1710000e+03]
 [ 0.0000000e+00  0.0000000e+00  0.0000000e+00  1.0000000e+00]]
[-0103.99, +0100.15, -1097.15]
979, 1023, 2200
[[-1.0138834e-01  7.0276676e-01 -7.0379436e-01 -6.7490000e+01]
 [ 6.7182440e-02  7.1092568e-01  6.9995472e-01  1.6814000e+02]
 [ 9.9231756e-01  2.3853120e-02 -1.1923002e-01 -1.1709800e+03]
 [ 0.0000000e+00  0.0000000e+00  0.0000000e+00  1.0000000e+00]]
[-0161.62, -0011.21, -1141.91]
1277, 1522, 2236
[[-1.0229226e-01  7.0213600e-01 -7.0446242e-01 -6.7640000e+01]
 [ 6.7143920e-02  7.1157680e-01  6.9934144e-01  1.6812000e+02]
 [ 9.9234770e-01  2.4326800e-02 -1.1989930e-01 -1.1709800e+03]
 [ 0.0000000e+00  0.0000000e+00  0.0000000e+00  1.0000000e+00]]
[-0139.02, -0011.37, -1116.80]
1097, 1107, 1803
[[-1.0086730e-01  7.0343558e-01 -7.0324454e-01 -6.7400000e+01]
 [ 6.7014740e-02  7.1028044e-01  7.0063682e-01  1.6816000e+02]
 [ 9.9241298e-01  2.3692060e-02 -1.1872890e-01 -1.1710300e+03]
 [ 0.0000000e+00  0.0000000e+00  0.0000000e+00  1.0000000e+00]]
[-0146.13, +0004.71, -1092.47]
890, 819, 936
[[-1.0013826e-01  7.0464100e-01 -7.0235346e-01 -6.7220000e+01]
 [ 6.7976040e-02  7.0917624e-01  7.0171780e-01  1.6820000e+02]
 [ 9.9257170e-01  2.2575960e-02 -1.1889546e-01 -1.1710300e+03]
 [ 0.0000000e+00  0.0000000e+00  0.0000000e+00  1.0000000e+00]]
[-0106.99, +0041.74, -1046.67]
1213, 1211, 1456
[[-1.0062426e-01  7.0329756e-01 -7.0348778e-01 -6.7420000e+01]
 [ 6.8097320e-02  7.1046840e-01  7.0036044e-01  1.6818000e+02]
 [ 9.9241386e-01  2.2683320e-02 -1.1933970e-01 -1.1709800e+03]
 [ 0.0000000e+00  0.0000000e+00  0.0000000e+00  1.0000000e+00]]
[-0114.83, +0026.34, -1065.84]
882, 1446, 2137
[[-1.0156218e-01  7.0261318e-01 -7.0416286e-01 -6.7530000e+01]
 [ 6.7168820e-02  7.1114060e-01  6.9980114e-01  1.6815000e+02]
 [ 9.9247114e-01  2.3832860e-02 -1.1939722e-01 -1.1709900e+03]
 [ 0.0000000e+00  0.0000000e+00  0.0000000e+00  1.0000000e+00]]
[-0132.97, -0035.44, -1132.18]
1063, 1135, 1658
[[-1.0138834e-01  7.0349648e-01 -7.0320392e-01 -6.7400000e+01]
 [ 6.8120480e-02  7.1026016e-01  7.0057592e-01  1.6818000e+02]
 [ 9.9235208e-01  2.3231920e-02 -1.1989554e-01 -1.1709700e+03]
 [ 0.0000000e+00  0.0000000e+00  0.0000000e+00  1.0000000e+00]]
[-0135.47, +0005.95, -1080.44]
2184, 1270, 939
[[-1.0343922e-01  7.0313804e-01 -7.0337608e-01 -6.7520000e+01]
 [ 6.8143240e-02  7.1059982e-01  7.0025896e-01  1.6819000e+02]
 [ 9.9221848e-01  2.4556240e-02 -1.2139840e-01 -1.1709900e+03]
 [ 0.0000000e+00  0.0000000e+00  0.0000000e+00  1.0000000e+00]]
[-0062.57, +0122.59, -1127.37]
1448, 963, 2036
[[-1.0187472e-01  7.0287512e-01 -7.0371872e-01 -6.7540000e+01]
 [ 6.6906880e-02  7.1082806e-01  7.0010738e-01  1.6815000e+02]
 [ 9.9235928e-01  2.4360620e-02 -1.1939722e-01 -1.1710000e+03]
 [ 0.0000000e+00  0.0000000e+00  0.0000000e+00  1.0000000e+00]]
[-0167.27, +0034.02, -1122.67]
1683, 2059, 2030
[[-1.0225834e-01  7.0177328e-01 -7.0461132e-01 -6.7700000e+01]
 [ 6.7617280e-02  7.1188886e-01  6.9892092e-01  1.6818000e+02]
 [ 9.9216468e-01  2.4016920e-02 -1.2017744e-01 -1.1710200e+03]
 [ 0.0000000e+00  0.0000000e+00  0.0000000e+00  1.0000000e+00]]
[-0088.29, +0008.07, -1089.52]
777, 1943, 1072
[[-1.0045050e-01  7.0386772e-01 -7.0296304e-01 -6.7350000e+01]
 [ 6.8527480e-02  7.0991982e-01  7.0087996e-01  1.6828000e+02]
 [ 9.9241664e-01  2.2337560e-02 -1.1950632e-01 -1.1710600e+03]
 [ 0.0000000e+00  0.0000000e+00  0.0000000e+00  1.0000000e+00]]
[-0025.18, -0023.90, -1107.49]
1700, 1457, 1802
[[-1.0184020e-01  7.0279042e-01 -7.0376374e-01 -6.7590000e+01]
 [ 6.7658420e-02  7.1091900e-01  6.9993106e-01  1.6818000e+02]
 [ 9.9228026e-01  2.3807060e-02 -1.1989684e-01 -1.1710300e+03]
 [ 0.0000000e+00  0.0000000e+00  0.0000000e+00  1.0000000e+00]]
[-0120.74, +0049.75, -1082.78]
945, 928, 960
[[-1.0003396e-01  7.0451894e-01 -7.0240910e-01 -6.7280000e+01]
 [ 6.8098100e-02  7.0928054e-01  7.0157894e-01  1.6821000e+02]
 [ 9.9251606e-01  2.2437100e-02 -1.1889546e-01 -1.1710500e+03]
 [ 0.0000000e+00  0.0000000e+00  0.0000000e+00  1.0000000e+00]]
[-0097.59, +0040.88, -1047.41]
1742, 1213, 1983
[[-1.0312680e-01  7.0254620e-01 -7.0378560e-01 -6.7600000e+01]
 [ 6.8178600e-02  7.1113392e-01  6.9965324e-01  1.6813000e+02]
 [ 9.9208720e-01  2.4327240e-02 -1.2117672e-01 -1.1709300e+03]
 [ 0.0000000e+00  0.0000000e+00  0.0000000e+00  1.0000000e+00]]
[-0149.42, +0052.54, -1105.61]
1561, 1024, 1208
[[-1.0180530e-01  7.0388016e-01 -7.0270388e-01 -6.7360000e+01]
 [ 6.7736800e-02  7.0984320e-01  7.0102080e-01  1.6819000e+02]
 [ 9.9229620e-01  2.3898880e-02 -1.1989554e-01 -1.1710100e+03]
 [ 0.0000000e+00  0.0000000e+00  0.0000000e+00  1.0000000e+00]]
[-0107.98, +0085.97, -1074.96]
755, 2204, 1073
[[-1.0104208e-01  7.0301096e-01 -7.0374608e-01 -6.7450000e+01]
 [ 6.8995040e-02  7.1077334e-01  6.9997154e-01  1.6832000e+02]
 [ 9.9233192e-01  2.2272460e-02 -1.2028458e-01 -1.1710000e+03]
 [ 0.0000000e+00  0.0000000e+00  0.0000000e+00  1.0000000e+00]]
[-0015.19, -0025.40, -1135.47]
2036, 1773, 757
[[-1.0291872e-01  7.0322424e-01 -7.0339328e-01 -6.7490000e+01]
 [ 6.9448240e-02  7.1056542e-01  7.0017276e-01  1.6828000e+02]
 [ 9.9220128e-01  2.3251240e-02 -1.2195330e-01 -1.1710100e+03]
 [ 0.0000000e+00  0.0000000e+00  0.0000000e+00  1.0000000e+00]]
[-0022.20, +0095.66, -1126.15]
1447, 2131, 2191
[[-1.0250304e-01  7.0129160e-01 -7.0526424e-01 -6.7720000e+01]
 [ 6.7763760e-02  7.1242176e-01  6.9841880e-01  1.6817000e+02]
 [ 9.9227800e-01  2.3892240e-02 -1.2051264e-01 -1.1709600e+03]
 [ 0.0000000e+00  0.0000000e+00  0.0000000e+00  1.0000000e+00]]
[-0092.39, -0016.55, -1104.80]
1777, 865, 1818
[[-1.0250050e-01  7.0295400e-01 -7.0334400e-01 -6.7530000e+01]
 [ 6.7994640e-02  7.1070400e-01  7.0007448e-01  1.6814000e+02]
 [ 9.9207552e-01  2.4150000e-02 -1.2056386e-01 -1.1709600e+03]
 [ 0.0000000e+00  0.0000000e+00  0.0000000e+00  1.0000000e+00]]
[-0156.66, +0077.99, -1121.64]
1939, 2055, 1956
[[-1.0298906e-01  7.0180050e-01 -7.0456326e-01 -6.7720000e+01]
 [ 6.8200260e-02  7.1188214e-01  6.9889370e-01  1.6818000e+02]
 [ 9.9210990e-01  2.4077740e-02 -1.2112276e-01 -1.1710000e+03]
 [ 0.0000000e+00  0.0000000e+00  0.0000000e+00  1.0000000e+00]]
[-0083.46, +0034.22, -1086.25]
1766, 1704, 799
[[-1.0111040e-01  7.0363200e-01 -7.0316880e-01 -6.7410000e+01]
 [ 6.8151840e-02  7.1014910e-01  7.0070138e-01  1.6824000e+02]
 [ 9.9242112e-01  2.3002300e-02 -1.1972866e-01 -1.1710600e+03]
 [ 0.0000000e+00  0.0000000e+00  0.0000000e+00  1.0000000e+00]]
[-0022.25, +0083.40, -1104.32]
781, 1505, 1911
[[-1.0145808e-01  7.0289100e-01 -7.0359308e-01 -6.7470000e+01]
 [ 6.8003000e-02  7.1080134e-01  6.9998400e-01  1.6817000e+02]
 [ 9.9220692e-01  2.3372000e-02 -1.1984058e-01 -1.1709600e+03]
 [ 0.0000000e+00  0.0000000e+00  0.0000000e+00  1.0000000e+00]]
[-0116.62, -0043.79, -1120.05]
1359, 1026, 1883
[[-1.0121458e-01  7.0311132e-01 -7.0351272e-01 -6.7470000e+01]
 [ 6.7282920e-02  7.1059982e-01  7.0028568e-01  1.6813000e+02]
 [ 9.9235512e-01  2.3695920e-02 -1.1917376e-01 -1.1709600e+03]
 [ 0.0000000e+00  0.0000000e+00  0.0000000e+00  1.0000000e+00]]
[-0157.97, +0031.77, -1102.30]
992, 923, 797
[[-9.9756260e-02  7.0460214e-01 -7.0223490e-01 -6.7220000e+01]
 [ 6.8181300e-02  7.0916924e-01  7.0164886e-01  1.6821000e+02]
 [ 9.9244614e-01  2.2262900e-02 -1.1872906e-01 -1.1710400e+03]
 [ 0.0000000e+00  0.0000000e+00  0.0000000e+00  1.0000000e+00]]
[-0081.43, +0056.28, -1046.24]
806, 1157, 994
[[-9.9894900e-02  7.0408634e-01 -7.0275372e-01 -6.7320000e+01]
 [ 6.8641980e-02  7.0969734e-01  7.0107556e-01  1.6823000e+02]
 [ 9.9241556e-01  2.1933720e-02 -1.1917320e-01 -1.1710300e+03]
 [ 0.0000000e+00  0.0000000e+00  0.0000000e+00  1.0000000e+00]]
[-0077.00, +0004.01, -1053.01]
1044, 1693, 1976
[[-1.0257040e-01  7.0245244e-01 -7.0401108e-01 -6.7590000e+01]
 [ 6.7772600e-02  7.1124470e-01  6.9959340e-01  1.6818000e+02]
 [ 9.9220860e-01  2.4178920e-02 -1.2050954e-01 -1.1710100e+03]
 [ 0.0000000e+00  0.0000000e+00  0.0000000e+00  1.0000000e+00]]
[-0111.52, -0031.20, -1107.96]
2023, 1520, 1483
[[-1.0218820e-01  7.0291838e-01 -7.0354534e-01 -6.7540000e+01]
 [ 6.8586500e-02  7.1079446e-01  6.9995662e-01  1.6824000e+02]
 [ 9.9215230e-01  2.3433500e-02 -1.2078570e-01 -1.1709800e+03]
 [ 0.0000000e+00  0.0000000e+00  0.0000000e+00  1.0000000e+00]]
[-0085.91, +0092.57, -1092.01]
1093, 770, 1141
[[-1.0104090e-01  7.0427202e-01 -7.0244934e-01 -6.7300000e+01]
 [ 6.8512260e-02  7.0949606e-01  7.0130402e-01  1.6819000e+02]
 [ 9.9234078e-01  2.2851260e-02 -1.1989540e-01 -1.1710200e+03]
 [ 0.0000000e+00  0.0000000e+00  0.0000000e+00  1.0000000e+00]]
[-0131.40, +0057.40, -1062.19]
2214, 1327, 821
[[-1.0357930e-01  7.0302282e-01 -7.0326806e-01 -6.7570000e+01]
 [ 6.9315180e-02  7.1068348e-01  7.0000566e-01  1.6824000e+02]
 [ 9.9197906e-01  2.3904660e-02 -1.2228778e-01 -1.1710000e+03]
 [ 0.0000000e+00  0.0000000e+00  0.0000000e+00  1.0000000e+00]]
[-0052.52, +0121.18, -1133.41]
1304, 1607, 1725
[[-1.0194434e-01  7.0277340e-01 -7.0376040e-01 -6.7550000e+01]
 [ 6.7397400e-02  7.1092568e-01  6.9994808e-01  1.6818000e+02]
 [ 9.9228360e-01  2.4068080e-02 -1.1978602e-01 -1.1710300e+03]
 [ 0.0000000e+00  0.0000000e+00  0.0000000e+00  1.0000000e+00]]
[-0103.89, +0003.24, -1077.82]
1984, 1119, 1416
[[-1.0277864e-01  7.0309644e-01 -7.0327476e-01 -6.7510000e+01]
 [ 6.8241240e-02  7.1059310e-01  7.0019302e-01  1.6819000e+02]
 [ 9.9211044e-01  2.4135620e-02 -1.2095290e-01 -1.1710400e+03]
 [ 0.0000000e+00  0.0000000e+00  0.0000000e+00  1.0000000e+00]]
[-0110.89, +0106.82, -1104.40]
1884, 1145, 1094
[[-1.0138834e-01  7.0349648e-01 -7.0320392e-01 -6.7450000e+01]
 [ 6.8120480e-02  7.1026016e-01  7.0057592e-01  1.6820000e+02]
 [ 9.9235208e-01  2.3231920e-02 -1.1989554e-01 -1.1710400e+03]
 [ 0.0000000e+00  0.0000000e+00  0.0000000e+00  1.0000000e+00]]
[-0084.50, +0109.76, -1095.87]
1979, 1263, 1494
[[-1.0229226e-01  7.0304032e-01 -7.0348986e-01 -6.7560000e+01]
 [ 6.8464560e-02  7.1069040e-01  7.0009568e-01  1.6819000e+02]
 [ 9.9220778e-01  2.3572560e-02 -1.2078570e-01 -1.1710200e+03]
 [ 0.0000000e+00  0.0000000e+00  0.0000000e+00  1.0000000e+00]]
[-0107.92, +0096.26, -1096.20]
2012, 1062, 1056
[[-1.0298704e-01  7.0342720e-01 -7.0297264e-01 -6.7490000e+01]
 [ 6.8188640e-02  7.1027376e-01  7.0053760e-01  1.6819000e+02]
 [ 9.9213440e-01  2.4347360e-02 -1.2106384e-01 -1.1710100e+03]
 [ 0.0000000e+00  0.0000000e+00  0.0000000e+00  1.0000000e+00]]
[-0086.86, +0124.10, -1116.07]
1821, 1914, 1217
[[-1.0170210e-01  7.0272298e-01 -7.0381244e-01 -6.7570000e+01]
 [ 6.8670940e-02  7.1100246e-01  6.9973748e-01  1.6824000e+02]
 [ 9.9219748e-01  2.2992440e-02 -1.2050760e-01 -1.1710300e+03]
 [ 0.0000000e+00  0.0000000e+00  0.0000000e+00  1.0000000e+00]]
[-0034.68, +0061.64, -1090.55]
1613, 1708, 1041
[[-1.0156218e-01  7.0351694e-01 -7.0319038e-01 -6.7440000e+01]
 [ 6.8489060e-02  7.1025324e-01  7.0055546e-01  1.6824000e+02]
 [ 9.9233162e-01  2.3078540e-02 -1.2028458e-01 -1.1710300e+03]
 [ 0.0000000e+00  0.0000000e+00  0.0000000e+00  1.0000000e+00]]
[-0037.75, +0062.34, -1081.16]
1939, 2120, 1765
[[-1.0354570e-01  7.0180726e-01 -7.0452878e-01 -6.7720000e+01]
 [ 6.8414860e-02  7.1188214e-01  6.9888694e-01  1.6821000e+02]
 [ 9.9207542e-01  2.4292340e-02 -1.2167940e-01 -1.1709900e+03]
 [ 0.0000000e+00  0.0000000e+00  0.0000000e+00  1.0000000e+00]]
[-0064.35, +0039.88, -1086.58]
1553, 1302, 1157
[[-1.0128420e-01  7.0360038e-01 -7.0301634e-01 -6.7430000e+01]
 [ 6.8572500e-02  7.1014214e-01  7.0062538e-01  1.6821000e+02]
 [ 9.9226170e-01  2.2904500e-02 -1.2011770e-01 -1.1710300e+03]
 [ 0.0000000e+00  0.0000000e+00  0.0000000e+00  1.0000000e+00]]
[-0080.02, +0074.32, -1068.19]
1973, 1229, 825
[[-1.0222240e-01  7.0359376e-01 -7.0296168e-01 -6.7460000e+01]
 [ 6.8634400e-02  7.1014910e-01  7.0063200e-01  1.6819000e+02]
 [ 9.9221400e-01  2.3488320e-02 -1.2084066e-01 -1.1710300e+03]
 [ 0.0000000e+00  0.0000000e+00  0.0000000e+00  1.0000000e+00]]
[-0055.74, +0121.98, -1117.17]
1362, 1017, 1626
[[-1.0187472e-01  7.0318788e-01 -7.0328436e-01 -6.7490000e+01]
 [ 6.7428120e-02  7.1049560e-01  7.0036256e-01  1.6815000e+02]
 [ 9.9223764e-01  2.4105440e-02 -1.1972968e-01 -1.1710100e+03]
 [ 0.0000000e+00  0.0000000e+00  0.0000000e+00  1.0000000e+00]]
[-0145.05, +0043.93, -1084.18]
1667, 1004, 1327
[[-1.0149252e-01  7.0342740e-01 -7.0306152e-01 -6.7450000e+01]
 [ 6.7911600e-02  7.1026700e-01  7.0053740e-01  1.6818000e+02]
 [ 9.9221652e-01  2.3548400e-02 -1.1978452e-01 -1.1710400e+03]
 [ 0.0000000e+00  0.0000000e+00  0.0000000e+00  1.0000000e+00]]
[-0117.31, +0093.37, -1086.05]
1406, 2147, 1579
[[-1.0215440e-01  7.0224276e-01 -7.0412868e-01 -6.7610000e+01]
 [ 6.8538600e-02  7.1143910e-01  6.9928100e-01  1.6825000e+02]
 [ 9.9209100e-01  2.3378680e-02 -1.2073114e-01 -1.1710200e+03]
 [ 0.0000000e+00  0.0000000e+00  0.0000000e+00  1.0000000e+00]]
[-0045.88, -0001.32, -1093.29]
830, 1394, 896
[[-1.0031170e-01  7.0424468e-01 -7.0249656e-01 -6.7280000e+01]
 [ 6.7928120e-02  7.0950302e-01  7.0133136e-01  1.6826000e+02]
 [ 9.9239496e-01  2.2788960e-02 -1.1895072e-01 -1.1710600e+03]
 [ 0.0000000e+00  0.0000000e+00  0.0000000e+00  1.0000000e+00]]
[-0045.07, +0003.02, -1062.61]
1479, 1131, 1480
[[-1.0128420e-01  7.0328756e-01 -7.0345048e-01 -6.7490000e+01]
 [ 6.8051440e-02  7.1047532e-01  7.0037044e-01  1.6816000e+02]
 [ 9.9238348e-01  2.3159440e-02 -1.1978452e-01 -1.1710000e+03]
 [ 0.0000000e+00  0.0000000e+00  0.0000000e+00  1.0000000e+00]]
[-0123.80, +0060.27, -1074.64]
853, 1329, 1839
[[-1.0152802e-01  7.0311952e-01 -7.0367000e-01 -6.7460000e+01]
 [ 6.8719520e-02  7.1067648e-01  7.0012400e-01  1.6818000e+02]
 [ 9.9237400e-01  2.2780000e-02 -1.2045154e-01 -1.1709800e+03]
 [ 0.0000000e+00  0.0000000e+00  0.0000000e+00  1.0000000e+00]]
[-0129.00, -0032.48, -1107.50]
1429, 1035, 1219
[[-1.0128420e-01  7.0387834e-01 -7.0291222e-01 -6.7400000e+01]
 [ 6.8850460e-02  7.0991982e-01  7.0086934e-01  1.6821000e+02]
 [ 9.9236582e-01  2.2660540e-02 -1.2034002e-01 -1.1710200e+03]
 [ 0.0000000e+00  0.0000000e+00  0.0000000e+00  1.0000000e+00]]
[-0109.34, +0075.71, -1068.35]
1095, 2158, 1735
[[-1.0159816e-01  7.0206168e-01 -7.0454484e-01 -6.7620000e+01]
 [ 6.7941840e-02  7.1166070e-01  6.9915468e-01  1.6823000e+02]
 [ 9.9229932e-01  2.3297160e-02 -1.1995330e-01 -1.1710000e+03]
 [ 0.0000000e+00  0.0000000e+00  0.0000000e+00  1.0000000e+00]]
[-0057.99, -0030.79, -1111.83]
2215, 2102, 2100
[[-1.0476340e-01  7.0135026e-01 -7.0494242e-01 -6.7830000e+01]
 [ 6.7921980e-02  7.1233110e-01  6.9851406e-01  1.6817000e+02]
 [ 9.9207994e-01  2.5359420e-02 -1.2224026e-01 -1.1709700e+03]
 [ 0.0000000e+00  0.0000000e+00  0.0000000e+00  1.0000000e+00]]
[-0092.43, +0047.62, -1093.46]
1177, 1277, 1264
[[-1.0111040e-01  7.0371888e-01 -7.0297776e-01 -6.7400000e+01]
 [ 6.8342880e-02  7.1003800e-01  7.0076784e-01  1.6820000e+02]
 [ 9.9233424e-01  2.2935840e-02 -1.1983976e-01 -1.1710300e+03]
 [ 0.0000000e+00  0.0000000e+00  0.0000000e+00  1.0000000e+00]]
[-0092.03, +0029.01, -1058.47]
2046, 1995, 1104
[[-1.0316346e-01  7.0222194e-01 -7.0392420e-01 -6.7640000e+01]
 [ 6.9281100e-02  7.1143214e-01  6.9919444e-01  1.6827000e+02]
 [ 9.9187956e-01  2.3602600e-02 -1.2195496e-01 -1.1710300e+03]
 [ 0.0000000e+00  0.0000000e+00  0.0000000e+00  1.0000000e+00]]
[-0028.83, +0078.39, -1108.78]
1229, 1968, 1196
[[-1.0118010e-01  7.0307860e-01 -7.0369700e-01 -6.7480000e+01]
 [ 6.7982440e-02  7.1069040e-01  7.0016492e-01  1.6823000e+02]
 [ 9.9241492e-01  2.3087000e-02 -1.1967354e-01 -1.1710400e+03]
 [ 0.0000000e+00  0.0000000e+00  0.0000000e+00  1.0000000e+00]]
[-0030.82, +0008.15, -1088.20]
775, 1087, 1063
[[-1.0076304e-01  7.0432064e-01 -7.0260520e-01 -6.7290000e+01]
 [ 6.8352400e-02  7.0949606e-01  7.0136314e-01  1.6822000e+02]
 [ 9.9249664e-01  2.2687900e-02 -1.1961754e-01 -1.1710200e+03]
 [ 0.0000000e+00  0.0000000e+00  0.0000000e+00  1.0000000e+00]]
[-0091.06, +0002.33, -1053.50]
1214, 1057, 1503
[[-1.0138834e-01  7.0349648e-01 -7.0320392e-01 -6.7440000e+01]
 [ 6.8120480e-02  7.1026016e-01  7.0057592e-01  1.6818000e+02]
 [ 9.9235208e-01  2.3231920e-02 -1.1989554e-01 -1.1710400e+03]
 [ 0.0000000e+00  0.0000000e+00  0.0000000e+00  1.0000000e+00]]
[-0133.49, +0033.31, -1072.29]
1624, 2193, 876
[[-1.0159816e-01  7.0251392e-01 -7.0405892e-01 -6.7500000e+01]
 [ 6.8601920e-02  7.1121734e-01  6.9953192e-01  1.6830000e+02]
 [ 9.9222908e-01  2.2919920e-02 -1.2039666e-01 -1.1709400e+03]
 [ 0.0000000e+00  0.0000000e+00  0.0000000e+00  1.0000000e+00]]
[-0003.17, +0046.02, -1120.99]
897, 2031, 2117
[[-9.5906500e-02  7.0384726e-01 -7.0373232e-01 -6.7030000e+01]
 [ 6.9043580e-02  7.1007590e-01  7.0070136e-01  1.6842000e+02]
 [ 9.9291144e-01  1.8666720e-02 -1.1667716e-01 -1.1711200e+03]
 [ 0.0000000e+00  0.0000000e+00  0.0000000e+00  1.0000000e+00]]
[-0090.94, -0042.13, -1129.15]
1413, 1771, 1452
[[-9.9165940e-02  7.0473558e-01 -7.0207150e-01 -6.7150000e+01]
 [ 6.9047100e-02  7.0903630e-01  7.0166850e-01  1.6831000e+02]
 [ 9.9236542e-01  2.1306060e-02 -1.1889700e-01 -1.1709800e+03]
 [ 0.0000000e+00  0.0000000e+00  0.0000000e+00  1.0000000e+00]]
[-0064.67, +0026.39, -1071.95]
2231, 1985, 1645
[[-1.0218820e-01  7.0342260e-01 -7.0319820e-01 -6.7410000e+01]
 [ 6.9194760e-02  7.1035030e-01  7.0038882e-01  1.6832000e+02]
 [ 9.9222132e-01  2.3001300e-02 -1.2122986e-01 -1.1709800e+03]
 [ 0.0000000e+00  0.0000000e+00  0.0000000e+00  1.0000000e+00]]
[-0065.70, +0074.42, -1095.06]
1932, 816, 1053
[[-9.9964900e-02  7.0552276e-01 -7.0139398e-01 -6.7050000e+01]
 [ 6.8926760e-02  7.0829196e-01  7.0249156e-01  1.6820000e+02]
 [ 9.9245402e-01  2.1975560e-02 -1.1939770e-01 -1.1709800e+03]
 [ 0.0000000e+00  0.0000000e+00  0.0000000e+00  1.0000000e+00]]
[-0105.92, +0122.52, -1116.38]
1950, 2062, 2031
[[-1.0211826e-01  7.0352390e-01 -7.0315626e-01 -6.7500000e+01]
 [ 6.8704260e-02  7.1025324e-01  7.0054850e-01  1.6828000e+02]
 [ 9.9229750e-01  2.3293740e-02 -1.2084066e-01 -1.1710000e+03]
 [ 0.0000000e+00  0.0000000e+00  0.0000000e+00  1.0000000e+00]]
[-0088.81, +0028.32, -1088.24]
1942, 752, 2137
[[-1.0618890e-01  7.0386684e-01 -7.0194278e-01 -6.7700000e+01]
 [ 6.6855080e-02  7.0968504e-01  7.0123284e-01  1.6789000e+02]
 [ 9.9180774e-01  2.7723080e-02 -1.2234690e-01 -1.1708000e+03]
 [ 0.0000000e+00  0.0000000e+00  0.0000000e+00  1.0000000e+00]]
[-0163.17, +0070.38, -1148.48]
1066, 2233, 1191
[[-1.0118346e-01  7.0717732e-01 -6.9939770e-01 -6.7170000e+01]
 [ 6.9327800e-02  7.0656920e-01  7.0414420e-01  1.6834000e+02]
 [ 9.9219482e-01  2.2926760e-02 -1.2045730e-01 -1.1710300e+03]
 [ 0.0000000e+00  0.0000000e+00  0.0000000e+00  1.0000000e+00]]
[-0017.92, -0010.89, -1117.88]
1542, 2132, 2059
[[-1.0201680e-01  7.0659812e-01 -6.9988604e-01 -6.7330000e+01]
 [ 6.8853320e-02  7.0712790e-01  7.0363636e-01  1.6820000e+02]
 [ 9.9215956e-01  2.3748760e-02 -1.2073194e-01 -1.1710100e+03]
 [ 0.0000000e+00  0.0000000e+00  0.0000000e+00  1.0000000e+00]]
[-0089.45, -0004.76, -1095.90]
871, 1089, 1622
[[-9.9974420e-02  7.0848972e-01 -6.9830718e-01 -6.6970000e+01]
 [ 6.8619720e-02  7.0527548e-01  7.0552588e-01  1.6823000e+02]
 [ 9.9241218e-01  2.2754120e-02 -1.1907394e-01 -1.1710400e+03]
 [ 0.0000000e+00  0.0000000e+00  0.0000000e+00  1.0000000e+00]]
[-0135.95, -0011.81, -1085.19]
1263, 1997, 1896
[[-1.0267730e-01  7.0667442e-01 -6.9965694e-01 -6.7290000e+01]
 [ 6.9000300e-02  7.0702316e-01  7.0371258e-01  1.6821000e+02]
 [ 9.9204210e-01  2.4159900e-02 -1.2128770e-01 -1.1709700e+03]
 [ 0.0000000e+00  0.0000000e+00  0.0000000e+00  1.0000000e+00]]
[-0082.91, -0021.04, -1097.83]
868, 2100, 1253
[[-1.0076968e-01  7.0782688e-01 -6.9884248e-01 -6.7070000e+01]
 [ 6.8897920e-02  7.0592624e-01  7.0484192e-01  1.6833000e+02]
 [ 9.9229672e-01  2.3025280e-02 -1.1984808e-01 -1.1710500e+03]
 [ 0.0000000e+00  0.0000000e+00  0.0000000e+00  1.0000000e+00]]
[-0027.75, -0028.29, -1118.35]
2174, 1904, 1661
[[-1.0253652e-01  7.0652124e-01 -6.9989736e-01 -6.7340000e+01]
 [ 6.9821040e-02  7.0721852e-01  7.0345252e-01  1.6821000e+02]
 [ 9.9204516e-01  2.3412880e-02 -1.2178900e-01 -1.1709600e+03]
 [ 0.0000000e+00  0.0000000e+00  0.0000000e+00  1.0000000e+00]]
[-0074.86, +0075.33, -1092.41]
970, 2094, 1113
[[-1.0017764e-01  7.0778772e-01 -6.9906132e-01 -6.7060000e+01]
 [ 6.9380280e-02  7.0601678e-01  7.0472882e-01  1.6831000e+02]
 [ 9.9238932e-01  2.2200820e-02 -1.1979442e-01 -1.1710300e+03]
 [ 0.0000000e+00  0.0000000e+00  0.0000000e+00  1.0000000e+00]]
[-0017.58, -0013.94, -1112.60]
1683, 810, 1963
[[-1.0212756e-01  7.0752686e-01 -6.9901826e-01 -6.7210000e+01]
 [ 6.7589660e-02  7.0618380e-01  7.0472902e-01  1.6813000e+02]
 [ 9.9229654e-01  2.4841420e-02 -1.1989860e-01 -1.1710100e+03]
 [ 0.0000000e+00  0.0000000e+00  0.0000000e+00  1.0000000e+00]]
[-0168.05, +0063.37, -1134.18]
1161, 860, 1073
[[-1.0028960e-01  7.0852536e-01 -6.9810552e-01 -6.6980000e+01]
 [ 6.8029200e-02  7.0518430e-01  7.0564230e-01  1.6821000e+02]
 [ 9.9233640e-01  2.3470020e-02 -1.1884994e-01 -1.1710400e+03]
 [ 0.0000000e+00  0.0000000e+00  0.0000000e+00  1.0000000e+00]]
[-0114.50, +0063.43, -1057.82]
879, 1068, 1315
[[-9.9974420e-02  7.0848972e-01 -6.9830718e-01 -6.6970000e+01]
 [ 6.8619720e-02  7.0527548e-01  7.0552588e-01  1.6824000e+02]
 [ 9.9241218e-01  2.2754120e-02 -1.1907394e-01 -1.1710100e+03]
 [ 0.0000000e+00  0.0000000e+00  0.0000000e+00  1.0000000e+00]]
[-0116.28, +0000.83, -1063.47]
913, 1437, 1277
[[-1.0042440e-01  7.0828864e-01 -6.9852068e-01 -6.7030000e+01]
 [ 6.8767360e-02  7.0549248e-01  7.0531424e-01  1.6823000e+02]
 [ 9.9240868e-01  2.2898240e-02 -1.1951688e-01 -1.1710000e+03]
 [ 0.0000000e+00  0.0000000e+00  0.0000000e+00  1.0000000e+00]]
[-0078.11, -0007.67, -1066.77]
1966, 1540, 1585
[[-1.0209024e-01  7.0735616e-01 -6.9925504e-01 -6.7220000e+01]
 [ 6.8149760e-02  7.0638720e-01  7.0448672e-01  1.6823000e+02]
 [ 9.9230336e-01  2.4355520e-02 -1.2028800e-01 -1.1710300e+03]
 [ 0.0000000e+00  0.0000000e+00  0.0000000e+00  1.0000000e+00]]
[-0094.71, +0080.44, -1086.42]
1384, 2165, 1661
[[-1.0152962e-01  7.0676772e-01 -6.9985782e-01 -6.7210000e+01]
 [ 6.9405480e-02  7.0700216e-01  7.0372748e-01  1.6823000e+02]
 [ 9.9222198e-01  2.2997320e-02 -1.2078922e-01 -1.1709700e+03]
 [ 0.0000000e+00  0.0000000e+00  0.0000000e+00  1.0000000e+00]]
[-0051.62, -0007.59, -1095.73]
2182, 1775, 1589
[[-1.0344282e-01  7.0692470e-01 -6.9951078e-01 -6.7300000e+01]
 [ 6.8973300e-02  7.0681356e-01  7.0398370e-01  1.6821000e+02]
 [ 9.9211922e-01  2.4654300e-02 -1.2184362e-01 -1.1710100e+03]
 [ 0.0000000e+00  0.0000000e+00  0.0000000e+00  1.0000000e+00]]
[-0077.09, +0086.19, -1095.56]
982, 949, 1945
[[-1.0153480e-01  7.0788620e-01 -6.9861020e-01 -6.7060000e+01]
 [ 6.8784760e-02  7.0582830e-01  7.0493482e-01  1.6819000e+02]
 [ 9.9218332e-01  2.3697500e-02 -1.2029146e-01 -1.1709800e+03]
 [ 0.0000000e+00  0.0000000e+00  0.0000000e+00  1.0000000e+00]]
[-0164.50, -0003.08, -1119.80]
2087, 1123, 1304
[[-1.0243600e-01  7.0757016e-01 -6.9884488e-01 -6.7170000e+01]
 [ 6.9270480e-02  7.0615000e-01  7.0457736e-01  1.6820000e+02]
 [ 9.9208936e-01  2.3919120e-02 -1.2129064e-01 -1.1709600e+03]
 [ 0.0000000e+00  0.0000000e+00  0.0000000e+00  1.0000000e+00]]
[-0099.95, +0115.98, -1113.74]
871, 2208, 1087
[[-1.0017764e-01  7.0756254e-01 -6.9930486e-01 -6.7090000e+01]
 [ 6.9050340e-02  7.0624070e-01  7.0454102e-01  1.6833000e+02]
 [ 9.9242334e-01  2.2388620e-02 -1.1957050e-01 -1.1710500e+03]
 [ 0.0000000e+00  0.0000000e+00  0.0000000e+00  1.0000000e+00]]
[-0014.77, -0019.60, -1128.95]
2056, 1118, 769
[[-1.0209024e-01  7.0817088e-01 -6.9847104e-01 -6.7060000e+01]
 [ 6.9279360e-02  7.0560446e-01  7.0517138e-01  1.6819000e+02]
 [ 9.9225408e-01  2.3670860e-02 -1.2107074e-01 -1.1710400e+03]
 [ 0.0000000e+00  0.0000000e+00  0.0000000e+00  1.0000000e+00]]
[-0060.06, +0128.84, -1130.22]
2230, 1181, 1318
[[-1.0347954e-01  7.0718150e-01 -6.9908264e-01 -6.7260000e+01]
 [ 6.8604860e-02  7.0649886e-01  7.0429240e-01  1.6819000e+02]
 [ 9.9202600e-01  2.5074640e-02 -1.2156564e-01 -1.1710000e+03]
 [ 0.0000000e+00  0.0000000e+00  0.0000000e+00  1.0000000e+00]]
[-0095.15, +0116.84, -1121.04]
1614, 796, 1659
[[-1.0080692e-01  7.0799766e-01 -6.9860526e-01 -6.7060000e+01]
 [ 6.8337660e-02  7.0572332e-01  7.0508398e-01  1.6814000e+02]
 [ 9.9229026e-01  2.3511020e-02 -1.1945860e-01 -1.1709800e+03]
 [ 0.0000000e+00  0.0000000e+00  0.0000000e+00  1.0000000e+00]]
[-0158.62, +0073.45, -1111.29]
1991, 2055, 1317
[[-1.0323322e-01  7.0682030e-01 -6.9957004e-01 -6.7300000e+01]
 [ 6.9355700e-02  7.0691150e-01  7.0382740e-01  1.6827000e+02]
 [ 9.9205996e-01  2.4254600e-02 -1.2195528e-01 -1.1710100e+03]
 [ 0.0000000e+00  0.0000000e+00  0.0000000e+00  1.0000000e+00]]
[-0035.83, +0065.83, -1098.13]
1455, 1600, 2110
[[-1.0188040e-01  7.0702612e-01 -6.9955804e-01 -6.7250000e+01]
 [ 6.8202040e-02  7.0670870e-01  7.0414298e-01  1.6817000e+02]
 [ 9.9227812e-01  2.4143740e-02 -1.2017634e-01 -1.1710100e+03]
 [ 0.0000000e+00  0.0000000e+00  0.0000000e+00  1.0000000e+00]]
[-0132.59, +0002.73, -1100.00]
1290, 2146, 1217
[[-1.0104730e-01  7.0738000e-01 -6.9931290e-01 -6.7150000e+01]
 [ 6.8346160e-02  7.0637360e-01  7.0446288e-01  1.6831000e+02]
 [ 9.9234762e-01  2.3509200e-02 -1.1967834e-01 -1.1710500e+03]
 [ 0.0000000e+00  0.0000000e+00  0.0000000e+00  1.0000000e+00]]
[-0019.93, +0006.33, -1102.63]
2170, 1749, 1299
[[-1.0299176e-01  7.0698720e-01 -6.9935052e-01 -6.7270000e+01]
 [ 6.8687520e-02  7.0670870e-01  7.0407364e-01  1.6824000e+02]
 [ 9.9207060e-01  2.4632600e-02 -1.2128770e-01 -1.1710100e+03]
 [ 0.0000000e+00  0.0000000e+00  0.0000000e+00  1.0000000e+00]]
[-0057.36, +0095.44, -1103.89]
906, 1824, 907
[[-9.9659600e-02  7.0854024e-01 -6.9831792e-01 -6.6960000e+01]
 [ 6.9401520e-02  7.0525400e-01  7.0547536e-01  1.6830000e+02]
 [ 9.9240144e-01  2.1972320e-02 -1.1941024e-01 -1.1710600e+03]
 [ 0.0000000e+00  0.0000000e+00  0.0000000e+00  1.0000000e+00]]
[-0017.69, -0003.61, -1093.10]
779, 1625, 1325
[[-9.9592020e-02  7.0827808e-01 -6.9857120e-01 -6.6940000e+01]
 [ 6.8441920e-02  7.0549248e-01  7.0532480e-01  1.6824000e+02]
 [ 9.9245920e-01  2.2572800e-02 -1.1868450e-01 -1.1709800e+03]
 [ 0.0000000e+00  0.0000000e+00  0.0000000e+00  1.0000000e+00]]
[-0066.81, -0030.88, -1086.00]
1777, 838, 1443
[[-1.0097952e-01  7.0793176e-01 -6.9878304e-01 -6.7040000e+01]
 [ 6.8515440e-02  7.0582830e-01  7.0499768e-01  1.6816000e+02]
 [ 9.9235616e-01  2.3424720e-02 -1.1973618e-01 -1.1709500e+03]
 [ 0.0000000e+00  0.0000000e+00  0.0000000e+00  1.0000000e+00]]
[-0138.71, +0100.49, -1109.57]
823, 1752, 1863
[[-1.0070194e-01  7.0720058e-01 -6.9939242e-01 -6.7100000e+01]
 [ 6.7469380e-02  7.0649886e-01  7.0438162e-01  1.6819000e+02]
 [ 9.9233578e-01  2.3935820e-02 -1.1878804e-01 -1.1709900e+03]
 [ 0.0000000e+00  0.0000000e+00  0.0000000e+00  1.0000000e+00]]
[-0096.04, -0047.10, -1120.24]
1114, 901, 767
[[-9.9390480e-02  7.0898024e-01 -6.9781684e-01 -6.6850000e+01]
 [ 6.7681040e-02  7.0474998e-01  7.0612112e-01  1.6820000e+02]
 [ 9.9248204e-01  2.3125280e-02 -1.1796450e-01 -1.1710000e+03]
 [ 0.0000000e+00  0.0000000e+00  0.0000000e+00  1.0000000e+00]]
[-0079.75, +0075.47, -1052.15]
1975, 1693, 2170
[[-1.0295524e-01  7.0631330e-01 -6.9993582e-01 -6.7330000e+01]
 [ 6.8639180e-02  7.0735790e-01  7.0339974e-01  1.6816000e+02]
 [ 9.9200670e-01  2.4577500e-02 -1.2123090e-01 -1.1709300e+03]
 [ 0.0000000e+00  0.0000000e+00  0.0000000e+00  1.0000000e+00]]
[-0127.17, +0044.02, -1098.27]
1772, 1284, 1304
[[-1.0115220e-01  7.0789976e-01 -6.9863072e-01 -6.7090000e+01]
 [ 6.8936960e-02  7.0582134e-01  7.0492126e-01  1.6821000e+02]
 [ 9.9219688e-01  2.3328460e-02 -1.2012570e-01 -1.1710200e+03]
 [ 0.0000000e+00  0.0000000e+00  0.0000000e+00  1.0000000e+00]]
[-0092.60, +0085.68, -1079.55]
1364, 1841, 1802
[[-1.0177554e-01  7.0695672e-01 -6.9975274e-01 -6.7240000e+01]
 [ 6.8271440e-02  7.0681356e-01  7.0405992e-01  1.6819000e+02]
 [ 9.9236118e-01  2.3949040e-02 -1.2017634e-01 -1.1710100e+03]
 [ 0.0000000e+00  0.0000000e+00  0.0000000e+00  1.0000000e+00]]
[-0089.88, -0004.78, -1084.15]
2082, 1354, 1454
[[-1.0254090e-01  7.0724112e-01 -6.9927664e-01 -6.7230000e+01]
 [ 6.8488160e-02  7.0649214e-01  7.0434108e-01  1.6819000e+02]
 [ 9.9221328e-01  2.4433240e-02 -1.2084360e-01 -1.1710500e+03]
 [ 0.0000000e+00  0.0000000e+00  0.0000000e+00  1.0000000e+00]]
[-0095.35, +0103.49, -1101.61]
771, 1253, 1540
[[-1.0080692e-01  7.0813644e-01 -6.9855276e-01 -6.7040000e+01]
 [ 6.8476440e-02  7.0561142e-01  7.0520582e-01  1.6821000e+02]
 [ 9.9234276e-01  2.3389180e-02 -1.1957050e-01 -1.1710100e+03]
 [ 0.0000000e+00  0.0000000e+00  0.0000000e+00  1.0000000e+00]]
[-0116.49, -0027.60, -1085.38]
1792, 1662, 1260
[[-1.0101050e-01  7.0738206e-01 -6.9916758e-01 -6.7160000e+01]
 [ 6.9288900e-02  7.0635260e-01  7.0435250e-01  1.6823000e+02]
 [ 9.9218130e-01  2.2891420e-02 -1.2029146e-01 -1.1710000e+03]
 [ 0.0000000e+00  0.0000000e+00  0.0000000e+00  1.0000000e+00]]
[-0057.46, +0075.84, -1081.35]
1023, 1559, 844
[[-9.8550160e-02  7.0852568e-01 -6.9838496e-01 -6.6940000e+01]
 [ 6.8967440e-02  7.0525400e-01  7.0548992e-01  1.6826000e+02]
 [ 9.9246848e-01  2.1538240e-02 -1.1830080e-01 -1.1710600e+03]
 [ 0.0000000e+00  0.0000000e+00  0.0000000e+00  1.0000000e+00]]
[-0027.97, +0021.35, -1071.56]
1539, 2231, 1988
[[-1.0191210e-01  7.0611190e-01 -7.0023780e-01 -6.7360000e+01]
 [ 6.8506020e-02  7.0756734e-01  7.0318780e-01  1.6824000e+02]
 [ 9.9208564e-01  2.3919480e-02 -1.2039720e-01 -1.1709700e+03]
 [ 0.0000000e+00  0.0000000e+00  0.0000000e+00  1.0000000e+00]]
[-0073.80, -0006.90, -1097.81]
2046, 1240, 1892
[[-1.0194850e-01  7.0701130e-01 -6.9940890e-01 -6.7300000e+01]
 [ 6.8884100e-02  7.0669502e-01  7.0404954e-01  1.6816000e+02]
 [ 9.9211530e-01  2.3786460e-02 -1.2067748e-01 -1.1710000e+03]
 [ 0.0000000e+00  0.0000000e+00  0.0000000e+00  1.0000000e+00]]
[-0134.97, +0082.98, -1110.61]
2218, 2073, 1645
[[-1.0385796e-01  7.0627490e-01 -7.0006478e-01 -6.7380000e+01]
 [ 6.9401780e-02  7.0745580e-01  7.0328554e-01  1.6826000e+02]
 [ 9.9201730e-01  2.4554500e-02 -1.2245460e-01 -1.1710000e+03]
 [ 0.0000000e+00  0.0000000e+00  0.0000000e+00  1.0000000e+00]]
[-0058.81, +0069.13, -1095.60]
1572, 956, 1765
[[-1.0125714e-01  7.0784888e-01 -6.9895736e-01 -6.7130000e+01]
 [ 6.8432560e-02  7.0594016e-01  7.0492832e-01  1.6816000e+02]
 [ 9.9242552e-01  2.3599040e-02 -1.1990194e-01 -1.1710000e+03]
 [ 0.0000000e+00  0.0000000e+00  0.0000000e+00  1.0000000e+00]]
[-0155.94, +0057.78, -1103.31]
2199, 1131, 905
[[-1.0215818e-01  7.0770558e-01 -6.9880962e-01 -6.7190000e+01]
 [ 6.9301020e-02  7.0603814e-01  7.0470258e-01  1.6820000e+02]
 [ 9.9215898e-01  2.3689020e-02 -1.2112468e-01 -1.1710100e+03]
 [ 0.0000000e+00  0.0000000e+00  0.0000000e+00  1.0000000e+00]]
[-0069.64, +0127.16, -1133.94]
1407, 788, 1403
[[-1.0091194e-01  7.0834454e-01 -6.9830550e-01 -6.7030000e+01]
 [ 6.8545900e-02  7.0539446e-01  7.0541046e-01  1.6819000e+02]
 [ 9.9231246e-01  2.3462100e-02 -1.1968244e-01 -1.1710000e+03]
 [ 0.0000000e+00  0.0000000e+00  0.0000000e+00  1.0000000e+00]]
[-0147.55, +0073.53, -1088.05]
1164, 1980, 1040
[[-1.0056000e-01  7.0777440e-01 -6.9904080e-01 -6.7100000e+01]
 [ 6.9228000e-02  7.0602398e-01  7.0474214e-01  1.6829000e+02]
 [ 9.9237600e-01  2.2569860e-02 -1.1996002e-01 -1.1709900e+03]
 [ 0.0000000e+00  0.0000000e+00  0.0000000e+00  1.0000000e+00]]
[-0016.07, +0007.94, -1096.95]
792, 1802, 1942
[[-1.0115220e-01  7.0722422e-01 -6.9936194e-01 -6.7140000e+01]
 [ 6.7946660e-02  7.0649214e-01  7.0435798e-01  1.6821000e+02]
 [ 9.9229858e-01  2.3891740e-02 -1.1945490e-01 -1.1710000e+03]
 [ 0.0000000e+00  0.0000000e+00  0.0000000e+00  1.0000000e+00]]
[-0097.34, -0047.73, -1127.47]
1921, 1898, 1796
[[-1.0257256e-01  7.0674400e-01 -6.9979936e-01 -6.7320000e+01]
 [ 6.9208640e-02  7.0701624e-01  7.0375120e-01  1.6822000e+02]
 [ 9.9217760e-01  2.3843360e-02 -1.2139936e-01 -1.1710000e+03]
 [ 0.0000000e+00  0.0000000e+00  0.0000000e+00  1.0000000e+00]]
[-0081.62, +0050.92, -1082.51]
2070, 811, 1811
[[-1.0347954e-01  7.0709500e-01 -6.9927410e-01 -6.7340000e+01]
 [ 6.8413400e-02  7.0661048e-01  7.0422652e-01  1.6810000e+02]
 [ 9.9211250e-01  2.5140520e-02 -1.2145402e-01 -1.1709500e+03]
 [ 0.0000000e+00  0.0000000e+00  0.0000000e+00  1.0000000e+00]]
[-0149.53, +0093.62, -1140.98]
1079, 1508, 1365
[[-1.0056706e-01  7.0852878e-01 -6.9808864e-01 -6.7040000e+01]
 [ 6.8137740e-02  7.0518430e-01  7.0563888e-01  1.6820000e+02]
 [ 9.9231952e-01  2.3578560e-02 -1.1912740e-01 -1.1710300e+03]
 [ 0.0000000e+00  0.0000000e+00  0.0000000e+00  1.0000000e+00]]
[-0079.46, +0002.06, -1066.81]
1676, 1020, 1618
[[-1.0188762e-01  7.0805826e-01 -6.9850200e-01 -6.7180000e+01]
 [ 6.7390260e-02  7.0564502e-01  7.0528400e-01  1.6813000e+02]
 [ 9.9232560e-01  2.4909200e-02 -1.1956660e-01 -1.1710300e+03]
 [ 0.0000000e+00  0.0000000e+00  0.0000000e+00  1.0000000e+00]]
[-0141.11, +0076.17, -1095.58]
775, 800, 1303
[[-9.9667780e-02  7.0920838e-01 -6.9755624e-01 -6.6910000e+01]
 [ 6.8119580e-02  7.0452582e-01  7.0630544e-01  1.6813000e+02]
 [ 9.9243184e-01  2.3046160e-02 -1.1846596e-01 -1.1710300e+03]
 [ 0.0000000e+00  0.0000000e+00  0.0000000e+00  1.0000000e+00]]
[-0143.42, +0007.25, -1070.01]
2132, 1032, 969
[[-1.0240530e-01  7.0829214e-01 -6.9807788e-01 -6.7160000e+01]
 [ 6.8880340e-02  7.0540134e-01  7.0535436e-01  1.6816000e+02]
 [ 9.9209172e-01  2.4321160e-02 -1.2095880e-01 -1.1709800e+03]
 [ 0.0000000e+00  0.0000000e+00  0.0000000e+00  1.0000000e+00]]
[-0080.91, +0128.78, -1130.14]
1574, 1870, 1612
[[-1.0142986e-01  7.0781688e-01 -6.9880498e-01 -6.7180000e+01]
 [ 6.8854080e-02  7.0593324e-01  7.0485192e-01  1.6818000e+02]
 [ 9.9226622e-01  2.3502720e-02 -1.2029146e-01 -1.1709700e+03]
 [ 0.0000000e+00  0.0000000e+00  0.0000000e+00  1.0000000e+00]]
[-0071.03, +0020.42, -1076.88]
2168, 2235, 2043
[[-1.0445032e-01  7.0608700e-01 -7.0008964e-01 -6.7500000e+01]
 [ 6.8588600e-02  7.0758750e-01  7.0321270e-01  1.6821000e+02]
 [ 9.9195764e-01  2.5566500e-02 -1.2228682e-01 -1.1709500e+03]
 [ 0.0000000e+00  0.0000000e+00  0.0000000e+00  1.0000000e+00]]
[-0078.62, +0040.98, -1093.06]
1175, 1794, 882
[[-1.0073946e-01  7.0882666e-01 -6.9797008e-01 -6.7010000e+01]
 [ 6.8784380e-02  7.0495334e-01  7.0586216e-01  1.6823000e+02]
 [ 9.9240424e-01  2.3182880e-02 -1.1974096e-01 -1.1710000e+03]
 [ 0.0000000e+00  0.0000000e+00  0.0000000e+00  1.0000000e+00]]
[-0018.38, +0024.84, -1085.42]
1673, 1025, 794
[[-1.0105488e-01  7.0894816e-01 -6.9757704e-01 -6.6970000e+01]
 [ 6.8385360e-02  7.0474998e-01  7.0604458e-01  1.6819000e+02]
 [ 9.9224224e-01  2.3833020e-02 -1.1962890e-01 -1.1709800e+03]
 [ 0.0000000e+00  0.0000000e+00  0.0000000e+00  1.0000000e+00]]
[-0068.05, +0117.39, -1093.86]
773, 1851, 2093
[[-9.9832200e-02  7.0738304e-01 -6.9938388e-01 -6.7030000e+01]
 [ 6.8173560e-02  7.0636668e-01  7.0445984e-01  1.6830000e+02]
 [ 9.9241168e-01  2.2815240e-02 -1.1867988e-01 -1.1710400e+03]
 [ 0.0000000e+00  0.0000000e+00  0.0000000e+00  1.0000000e+00]]
[-0100.66, -0046.73, -1136.46]
881, 1702, 2234
[[-1.0066482e-01  7.0730710e-01 -6.9952452e-01 -6.7140000e+01]
 [ 6.8307300e-02  7.0647846e-01  7.0438340e-01  1.6821000e+02]
 [ 9.9244748e-01  2.3206200e-02 -1.1940072e-01 -1.1710200e+03]
 [ 0.0000000e+00  0.0000000e+00  0.0000000e+00  1.0000000e+00]]
[-0119.09, -0039.02, -1136.36]
1038, 2014, 1211
[[-9.9697000e-02  7.0848620e-01 -6.9832400e-01 -6.6890000e+01]
 [ 6.8511200e-02  7.0527548e-01  7.0552940e-01  1.6834000e+02]
 [ 9.9242900e-01  2.2645600e-02 -1.1879652e-01 -1.1710700e+03]
 [ 0.0000000e+00  0.0000000e+00  0.0000000e+00  1.0000000e+00]]
[-0027.02, -0011.25, -1100.24]
998, 1776, 1565
[[-9.9592020e-02  7.0886662e-01 -6.9803140e-01 -6.6880000e+01]
 [ 6.9240380e-02  7.0493198e-01  7.0582220e-01  1.6831000e+02]
 [ 9.9244420e-01  2.2075400e-02 -1.1924500e-01 -1.1710500e+03]
 [ 0.0000000e+00  0.0000000e+00  0.0000000e+00  1.0000000e+00]]
[-0076.00, -0024.31, -1088.58]
1227, 1803, 2243
[[-1.0056000e-01  7.0749680e-01 -6.9914560e-01 -6.7130000e+01]
 [ 6.8950400e-02  7.0624782e-01  7.0449842e-01  1.6823000e+02]
 [ 9.9227120e-01  2.2813580e-02 -1.1973618e-01 -1.1710200e+03]
 [ 0.0000000e+00  0.0000000e+00  0.0000000e+00  1.0000000e+00]]
[-0119.40, -0023.36, -1116.49]
817, 2035, 1740
[[-9.9314640e-02  7.0863812e-01 -6.9829184e-01 -6.6870000e+01]
 [ 6.8801960e-02  7.0515630e-01  7.0563808e-01  1.6835000e+02]
 [ 9.9249472e-01  2.2154560e-02 -1.1874330e-01 -1.1710700e+03]
 [ 0.0000000e+00  0.0000000e+00  0.0000000e+00  1.0000000e+00]]
[-0065.42, -0045.03, -1125.37]
1417, 917, 1189
[[-1.0028960e-01  7.0925256e-01 -6.9751272e-01 -6.6900000e+01]
 [ 6.8966640e-02  7.0451182e-01  7.0626126e-01  1.6821000e+02]
 [ 9.9237432e-01  2.2851060e-02 -1.1952242e-01 -1.1709900e+03]
 [ 0.0000000e+00  0.0000000e+00  0.0000000e+00  1.0000000e+00]]
[-0118.20, +0083.31, -1072.87]
1945, 1175, 1910
[[-1.024730e-01  7.077405e-01 -6.986079e-01 -6.717000e+01]
 [ 6.871050e-02  7.059470e-01  7.048199e-01  1.681700e+02]
 [ 9.920829e-01  2.440510e-02 -1.209010e-01 -1.170980e+03]
 [ 0.000000e+00  0.000000e+00  0.000000e+00  1.000000e+00]]
[-0143.81, +0074.78, -1110.85]
899, 1230, 863
[[-9.9008040e-02  7.0972006e-01 -6.9724426e-01 -6.6750000e+01]
 [ 6.8769860e-02  7.0406990e-01  7.0672718e-01  1.6826000e+02]
 [ 9.9253354e-01  2.2136780e-02 -1.1847250e-01 -1.1710000e+03]
 [ 0.0000000e+00  0.0000000e+00  0.0000000e+00  1.0000000e+00]]
[-0055.63, +0021.44, -1053.28]
1503, 839, 2197
[[-1.0251040e-01  7.0796344e-01 -6.9850992e-01 -6.7170000e+01]
 [ 6.8098000e-02  7.0574360e-01  7.0511820e-01  1.6812000e+02]
 [ 9.9221520e-01  2.4835080e-02 -1.2051144e-01 -1.1709700e+03]
 [ 0.0000000e+00  0.0000000e+00  0.0000000e+00  1.0000000e+00]]
[-0171.91, +0038.16, -1143.85]
845, 2188, 1497
[[-1.0031946e-01  7.0816678e-01 -6.9857668e-01 -6.7010000e+01]
 [ 6.8889220e-02  7.0559742e-01  7.0517548e-01  1.6834000e+02]
 [ 9.9235268e-01  2.2759480e-02 -1.1951688e-01 -1.1710400e+03]
 [ 0.0000000e+00  0.0000000e+00  0.0000000e+00  1.0000000e+00]]
[-0041.27, -0036.22, -1126.22]
1442, 1055, 1733
[[-1.0118952e-01  7.0843428e-01 -6.9809720e-01 -6.7060000e+01]
 [ 6.8845720e-02  7.0528248e-01  7.0547280e-01  1.6819000e+02]
 [ 9.9220920e-01  2.3504800e-02 -1.2007200e-01 -1.1710000e+03]
 [ 0.0000000e+00  0.0000000e+00  0.0000000e+00  1.0000000e+00]]
[-0148.58, +0046.97, -1091.15]
1796, 1350, 826
[[-1.0112210e-01  7.0903818e-01 -6.9770574e-01 -6.6970000e+01]
 [ 6.8962500e-02  7.0473614e-01  7.0606318e-01  1.6828000e+02]
 [ 9.9235710e-01  2.3364500e-02 -1.2013060e-01 -1.1710300e+03]
 [ 0.0000000e+00  0.0000000e+00  0.0000000e+00  1.0000000e+00]]
[-0044.93, +0107.08, -1100.00]
1341, 1029, 1183
[[-9.9907080e-02  7.0917972e-01 -6.9772440e-01 -6.6940000e+01]
 [ 6.8927280e-02  7.0461692e-01  7.0618220e-01  1.6823000e+02]
 [ 9.9247380e-01  2.2547600e-02 -1.1924500e-01 -1.1710200e+03]
 [ 0.0000000e+00  0.0000000e+00  0.0000000e+00  1.0000000e+00]]
[-0107.92, +0067.00, -1062.97]
1387, 1815, 2094
[[-1.0160266e-01  7.0761216e-01 -6.9903516e-01 -6.7190000e+01]
 [ 6.8892960e-02  7.0615000e-01  7.0464372e-01  1.6821000e+02]
 [ 9.9227964e-01  2.3538120e-02 -1.2045730e-01 -1.1709800e+03]
 [ 0.0000000e+00  0.0000000e+00  0.0000000e+00  1.0000000e+00]]
[-0113.07, -0010.74, -1098.90]
2203, 1206, 1267
[[-1.0317114e-01  7.0826446e-01 -6.9803668e-01 -6.7130000e+01]
 [ 6.8576180e-02  7.0541486e-01  7.0538204e-01  1.6823000e+02]
 [ 9.9206404e-01  2.5059320e-02 -1.2129064e-01 -1.1710200e+03]
 [ 0.0000000e+00  0.0000000e+00  0.0000000e+00  1.0000000e+00]]
[-0090.11, +0118.07, -1119.85]
1852, 1694, 1884
[[-1.0153480e-01  7.0802504e-01 -6.9855772e-01 -6.7140000e+01]
 [ 6.8923600e-02  7.0571640e-01  7.0505660e-01  1.6821000e+02]
 [ 9.9223580e-01  2.3575720e-02 -1.2040336e-01 -1.1710000e+03]
 [ 0.0000000e+00  0.0000000e+00  0.0000000e+00  1.0000000e+00]]
[-0108.80, +0040.74, -1083.60]
1393, 1493, 2109
[[-1.0136212e-01  7.0800454e-01 -6.9857130e-01 -6.7130000e+01]
 [ 6.8554540e-02  7.0572332e-01  7.0507710e-01  1.6819000e+02]
 [ 9.9225630e-01  2.3727900e-02 -1.2001380e-01 -1.1709900e+03]
 [ 0.0000000e+00  0.0000000e+00  0.0000000e+00  1.0000000e+00]]
[-0138.79, +0002.30, -1103.31]
938, 1469, 1900
[[-1.0056706e-01  7.0889244e-01 -6.9779222e-01 -6.6920000e+01]
 [ 6.8606520e-02  7.0484824e-01  7.0594836e-01  1.6826000e+02]
 [ 9.9233846e-01  2.3269080e-02 -1.1946346e-01 -1.1710300e+03]
 [ 0.0000000e+00  0.0000000e+00  0.0000000e+00  1.0000000e+00]]
[-0120.69, -0027.69, -1103.50]
1539, 781, 1716
[[-1.0116010e-01  7.0898380e-01 -6.9771240e-01 -6.6980000e+01]
 [ 6.8072200e-02  7.0475678e-01  7.0611756e-01  1.6819000e+02]
 [ 9.9238440e-01  2.4037560e-02 -1.1951688e-01 -1.1710100e+03]
 [ 0.0000000e+00  0.0000000e+00  0.0000000e+00  1.0000000e+00]]
[-0161.91, +0069.29, -1112.52]
2136, 825, 1624
[[-1.0257802e-01  7.0822640e-01 -6.9825554e-01 -6.7160000e+01]
 [ 6.9058000e-02  7.0550640e-01  7.0526800e-01  1.6817000e+02]
 [ 9.9215746e-01  2.4234800e-02 -1.2123658e-01 -1.1709800e+03]
 [ 0.0000000e+00  0.0000000e+00  0.0000000e+00  1.0000000e+00]]
[-0137.48, +0106.51, -1139.24]
2235, 888, 789
[[-1.0323876e-01  7.0875308e-01 -6.9753812e-01 -6.7060000e+01]
 [ 6.9866680e-02  7.0495334e-01  7.0571858e-01  1.6822000e+02]
 [ 9.9197228e-01  2.4272180e-02 -1.2224026e-01 -1.1709800e+03]
 [ 0.0000000e+00  0.0000000e+00  0.0000000e+00  1.0000000e+00]]
[-0078.06, +0132.92, -1149.83]
2107, 1183, 1863
[[-1.0268308e-01  7.0798394e-01 -6.9849610e-01 -6.7170000e+01]
 [ 6.8467060e-02  7.0573692e-01  7.0509770e-01  1.6817000e+02]
 [ 9.9219470e-01  2.4682900e-02 -1.2090100e-01 -1.1709900e+03]
 [ 0.0000000e+00  0.0000000e+00  0.0000000e+00  1.0000000e+00]]
[-0136.64, +0083.55, -1115.13]
1265, 1027, 1724
[[-1.0101700e-01  7.0883016e-01 -6.9795312e-01 -6.6990000e+01]
 [ 6.8892960e-02  7.0495334e-01  7.0585866e-01  1.6821000e+02]
 [ 9.9238728e-01  2.3291460e-02 -1.2001850e-01 -1.1710100e+03]
 [ 0.0000000e+00  0.0000000e+00  0.0000000e+00  1.0000000e+00]]
[-0149.80, +0030.09, -1088.31]
1321, 1713, 1630
[[-1.0097952e-01  7.0832952e-01 -6.9815672e-01 -6.7060000e+01]
 [ 6.9228080e-02  7.0538046e-01  7.0531698e-01  1.6826000e+02]
 [ 9.9214968e-01  2.3105420e-02 -1.2018402e-01 -1.1710200e+03]
 [ 0.0000000e+00  0.0000000e+00  0.0000000e+00  1.0000000e+00]]
[-0084.88, +0006.89, -1074.64]
1378, 1984, 1952
[[-1.0198530e-01  7.0745966e-01 -6.9906708e-01 -6.7230000e+01]
 [ 6.8601780e-02  7.0626870e-01  7.0453556e-01  1.6822000e+02]
 [ 9.9221356e-01  2.4028920e-02 -1.2051144e-01 -1.1710000e+03]
 [ 0.0000000e+00  0.0000000e+00  0.0000000e+00  1.0000000e+00]]
[-0089.49, -0013.08, -1094.18]
1006, 1014, 2098
[[-1.0007944e-01  7.0861160e-01 -6.9825116e-01 -6.7010000e+01]
 [ 6.8497840e-02  7.0517046e-01  7.0566460e-01  1.6820000e+02]
 [ 9.9246820e-01  2.2892840e-02 -1.1907394e-01 -1.1710200e+03]
 [ 0.0000000e+00  0.0000000e+00  0.0000000e+00  1.0000000e+00]]
[-0163.40, -0006.74, -1132.42]
1519, 1103, 1931
[[-1.0091194e-01  7.0843080e-01 -6.9811420e-01 -6.7050000e+01]
 [ 6.8737200e-02  7.0528248e-01  7.0547628e-01  1.6820000e+02]
 [ 9.9222620e-01  2.3396280e-02 -1.1979442e-01 -1.1710000e+03]
 [ 0.0000000e+00  0.0000000e+00  0.0000000e+00  1.0000000e+00]]
[-0153.39, +0042.10, -1101.81]
1198, 1059, 1748
[[-1.0028960e-01  7.0888896e-01 -6.9780912e-01 -6.6980000e+01]
 [ 6.8497920e-02  7.0484824e-01  7.0595184e-01  1.6822000e+02]
 [ 9.9235536e-01  2.3160480e-02 -1.1918600e-01 -1.1710200e+03]
 [ 0.0000000e+00  0.0000000e+00  0.0000000e+00  1.0000000e+00]]
[-0148.75, +0020.30, -1088.92]
1897, 2164, 1547
[[-1.0222632e-01  7.0746564e-01 -6.9890432e-01 -6.7210000e+01]
 [ 6.9652840e-02  7.0624782e-01  7.0442124e-01  1.6831000e+02]
 [ 9.9202992e-01  2.3519560e-02 -1.2140250e-01 -1.1710300e+03]
 [ 0.0000000e+00  0.0000000e+00  0.0000000e+00  1.0000000e+00]]
[-0042.87, +0045.11, -1091.95]
2093, 942, 1429
[[-1.0223266e-01  7.0841044e-01 -6.9803908e-01 -6.7090000e+01]
 [ 6.8650120e-02  7.0529624e-01  7.0549664e-01  1.6821000e+02]
 [ 9.9216484e-01  2.4351520e-02 -1.2068106e-01 -1.1710100e+03]
 [ 0.0000000e+00  0.0000000e+00  0.0000000e+00  1.0000000e+00]]
[-0121.73, +0115.00, -1125.94]
1575, 992, 892
[[-1.0032772e-01  7.0942322e-01 -6.9727522e-01 -6.6900000e+01]
 [ 6.8406380e-02  7.0430846e-01  7.0650298e-01  1.6824000e+02]
 [ 9.9236818e-01  2.3336420e-02 -1.1913282e-01 -1.1710000e+03]
 [ 0.0000000e+00  0.0000000e+00  0.0000000e+00  1.0000000e+00]]
[-0080.03, +0104.19, -1079.16]
2025, 1006, 1810
[[-1.0257802e-01  7.0786222e-01 -6.9855200e-01 -6.7210000e+01]
 [ 6.8588780e-02  7.0584198e-01  7.0495880e-01  1.6818000e+02]
 [ 9.9213880e-01  2.4544000e-02 -1.2090100e-01 -1.1709900e+03]
 [ 0.0000000e+00  0.0000000e+00  0.0000000e+00  1.0000000e+00]]
[-0144.47, +0090.07, -1124.05]
879, 1540, 1393
[[-9.9247300e-02  7.0905070e-01 -6.9781410e-01 -6.6900000e+01]
 [ 6.8831900e-02  7.0472198e-01  7.0605066e-01  1.6829000e+02]
 [ 9.9245130e-01  2.2191660e-02 -1.1869028e-01 -1.1710200e+03]
 [ 0.0000000e+00  0.0000000e+00  0.0000000e+00  1.0000000e+00]]
[-0078.13, -0021.83, -1077.86]
930, 2138, 824
[[-9.9974420e-02  7.0862844e-01 -6.9825468e-01 -6.7010000e+01]
 [ 6.8758440e-02  7.0516342e-01  7.0564776e-01  1.6832000e+02]
 [ 9.9246468e-01  2.2632240e-02 -1.1918600e-01 -1.1710500e+03]
 [ 0.0000000e+00  0.0000000e+00  0.0000000e+00  1.0000000e+00]]
[-0000.67, -0003.65, -1128.62]
1509, 1105, 1128
[[-1.0035690e-01  7.0892628e-01 -6.9779926e-01 -6.6970000e+01]
 [ 6.9127640e-02  7.0483416e-01  7.0591452e-01  1.6825000e+02]
 [ 9.9233142e-01  2.2747960e-02 -1.1968770e-01 -1.1709900e+03]
 [ 0.0000000e+00  0.0000000e+00  0.0000000e+00  1.0000000e+00]]
[-0094.23, +0084.47, -1070.12]
1247, 1863, 1631
[[-1.0059700e-01  7.0803154e-01 -6.9861222e-01 -6.7090000e+01]
 [ 6.8858900e-02  7.0570940e-01  7.0505010e-01  1.6824000e+02]
 [ 9.9228330e-01  2.2989780e-02 -1.1968244e-01 -1.1710000e+03]
 [ 0.0000000e+00  0.0000000e+00  0.0000000e+00  1.0000000e+00]]
[-0072.83, -0009.22, -1083.23]
2094, 913, 1471
[[-1.0240530e-01  7.0856990e-01 -6.9797280e-01 -6.7110000e+01]
 [ 6.9158100e-02  7.0517742e-01  7.0559776e-01  1.6820000e+02]
 [ 9.9219680e-01  2.4077760e-02 -1.2118272e-01 -1.1709900e+03]
 [ 0.0000000e+00  0.0000000e+00  0.0000000e+00  1.0000000e+00]]
[-0125.88, +0113.57, -1128.26]
1478, 827, 1409
[[-1.0067220e-01  7.0923916e-01 -6.9749228e-01 -6.6940000e+01]
 [ 6.8814760e-02  7.0451886e-01  7.0627466e-01  1.6821000e+02]
 [ 9.9236092e-01  2.3220260e-02 -1.1968770e-01 -1.1710100e+03]
 [ 0.0000000e+00  0.0000000e+00  0.0000000e+00  1.0000000e+00]]
[-0142.68, +0077.44, -1087.92]
978, 951, 782
[[-9.9983560e-02  7.0988468e-01 -6.9695276e-01 -6.6810000e+01]
 [ 6.8275240e-02  7.0387350e-01  7.0697482e-01  1.6824000e+02]
 [ 9.9248068e-01  2.3208740e-02 -1.1880250e-01 -1.1710400e+03]
 [ 0.0000000e+00  0.0000000e+00  0.0000000e+00  1.0000000e+00]]
[-0074.47, +0053.50, -1046.48]
1791, 1737, 2040
[[-1.0247300e-01  7.0742880e-01 -6.9904320e-01 -6.7240000e+01]
 [ 6.8188800e-02  7.0628222e-01  7.0456642e-01  1.6820000e+02]
 [ 9.9220320e-01  2.4658580e-02 -1.2056578e-01 -1.1709900e+03]
 [ 0.0000000e+00  0.0000000e+00  0.0000000e+00  1.0000000e+00]]
[-0118.02, +0032.36, -1089.15]
851, 1149, 1699
[[-1.0007944e-01  7.0928636e-01 -6.9751988e-01 -6.6910000e+01]
 [ 6.9487720e-02  7.0449750e-01  7.0622746e-01  1.6825000e+02]
 [ 9.9236716e-01  2.2329980e-02 -1.1974690e-01 -1.1710100e+03]
 [ 0.0000000e+00  0.0000000e+00  0.0000000e+00  1.0000000e+00]]
[-0135.51, -0018.84, -1093.40]
1162, 1780, 960
[[-1.0097952e-01  7.0883224e-01 -6.9780800e-01 -6.7010000e+01]
 [ 6.9835760e-02  7.0493198e-01  7.0574800e-01  1.6830000e+02]
 [ 9.9222080e-01  2.2674400e-02 -1.2063250e-01 -1.1710100e+03]
 [ 0.0000000e+00  0.0000000e+00  0.0000000e+00  1.0000000e+00]]
[-0021.81, +0020.46, -1082.74]
1211, 950, 825
[[-1.0015560e-01  7.0962764e-01 -6.9704468e-01 -6.6860000e+01]
 [ 6.8367160e-02  7.0409102e-01  7.0671086e-01  1.6826000e+02]
 [ 9.9235508e-01  2.3300660e-02 -1.1896762e-01 -1.1710400e+03]
 [ 0.0000000e+00  0.0000000e+00  0.0000000e+00  1.0000000e+00]]
[-0080.31, +0080.13, -1056.65]
2075, 1439, 818
[[-1.0219522e-01  7.0846538e-01 -6.9803230e-01 -6.7080000e+01]
 [ 6.9540380e-02  7.0527548e-01  7.0544170e-01  1.6829000e+02]
 [ 9.9213730e-01  2.3678300e-02 -1.2129474e-01 -1.1710200e+03]
 [ 0.0000000e+00  0.0000000e+00  0.0000000e+00  1.0000000e+00]]
[-0041.84, +0114.49, -1124.43]
1737, 1157, 1075
[[-1.0139968e-01  7.0890288e-01 -6.9774128e-01 -6.7000000e+01]
 [ 6.8932320e-02  7.0484824e-01  7.0593792e-01  1.6824000e+02]
 [ 9.9228752e-01  2.3594880e-02 -1.2029608e-01 -1.1710000e+03]
 [ 0.0000000e+00  0.0000000e+00  0.0000000e+00  1.0000000e+00]]
[-0083.71, +0098.81, -1082.78]
1474, 1900, 867
[[-9.9764500e-02  7.0874838e-01 -6.9807066e-01 -6.6990000e+01]
 [ 6.9470820e-02  7.0503692e-01  7.0567986e-01  1.6830000e+02]
 [ 9.9237126e-01  2.2045260e-02 -1.1952242e-01 -1.1710000e+03]
 [ 0.0000000e+00  0.0000000e+00  0.0000000e+00  1.0000000e+00]]
[-0009.94, +0047.88, -1099.51]
1052, 1919, 992
[[-9.9419620e-02  7.0870754e-01 -6.9809710e-01 -6.6960000e+01]
 [ 6.8732540e-02  7.0505132e-01  7.0572070e-01  1.6832000e+02]
 [ 9.9241210e-01  2.2349300e-02 -1.1874330e-01 -1.1710400e+03]
 [ 0.0000000e+00  0.0000000e+00  0.0000000e+00  1.0000000e+00]]
[-0016.48, +0002.18, -1095.95]
770, 2131, 1208
[[-1.0066482e-01  7.0829420e-01 -6.9835874e-01 -6.7020000e+01]
 [ 6.9818600e-02  7.0547100e-01  7.0520020e-01  1.6835000e+02]
 [ 9.9222526e-01  2.2389400e-02 -1.2040818e-01 -1.1710100e+03]
 [ 0.0000000e+00  0.0000000e+00  0.0000000e+00  1.0000000e+00]]
[-0024.60, -0031.09, -1127.06]
1423, 1578, 1457
[[-1.010845e-01  7.083125e-01 -6.981532e-01 -6.703000e+01]
 [ 6.896750e-02  7.053875e-01  7.053340e-01  1.682200e+02]
 [ 9.921532e-01  2.336600e-02 -1.200720e-01 -1.170970e+03]
 [ 0.000000e+00  0.000000e+00  0.000000e+00  1.000000e+00]]
[-0084.04, +0033.80, -1067.51]
2002, 865, 1937
[[-1.0330658e-01  7.0780320e-01 -6.9869514e-01 -6.7200000e+01]
 [ 6.8983200e-02  7.0594700e-01  7.0486560e-01  1.6811000e+02]
 [ 9.9217014e-01  2.4674400e-02 -1.2173458e-01 -1.1708900e+03]
 [ 0.0000000e+00  0.0000000e+00  0.0000000e+00  1.0000000e+00]]
[-0154.91, +0083.07, -1137.26]
2111, 1975, 1267
[[-1.0316484e-01  7.0759792e-01 -6.9879660e-01 -6.7170000e+01]
 [ 6.9856200e-02  7.0614300e-01  7.0454960e-01  1.6829000e+02]
 [ 9.9203408e-01  2.3983560e-02 -1.2223620e-01 -1.1709700e+03]
 [ 0.0000000e+00  0.0000000e+00  0.0000000e+00  1.0000000e+00]]
[-0040.32, +0079.51, -1103.02]
2236, 1588, 2068
[[-1.0469668e-01  7.0709084e-01 -6.9920136e-01 -6.7320000e+01]
 [ 6.8585840e-02  7.0661708e-01  7.0423068e-01  1.6813000e+02]
 [ 9.9204636e-01  2.5834320e-02 -1.2245460e-01 -1.1708900e+03]
 [ 0.0000000e+00  0.0000000e+00  0.0000000e+00  1.0000000e+00]]
[-0124.44, +0072.26, -1106.54]
894, 1795, 2040
[[-1.0025188e-01  7.0863198e-01 -6.9823782e-01 -6.6960000e+01]
 [ 6.8866980e-02  7.0516342e-01  7.0564422e-01  1.6829000e+02]
 [ 9.9244782e-01  2.2740780e-02 -1.1946346e-01 -1.1710000e+03]
 [ 0.0000000e+00  0.0000000e+00  0.0000000e+00  1.0000000e+00]]
[-0103.89, -0042.12, -1124.15]
1998, 1364, 2145
[[-1.0264584e-01  7.0731040e-01 -6.9908188e-01 -6.7260000e+01]
 [ 6.8418880e-02  7.0638720e-01  7.0442416e-01  1.6813000e+02]
 [ 9.9213020e-01  2.4628000e-02 -1.2084360e-01 -1.1709800e+03]
 [ 0.0000000e+00  0.0000000e+00  0.0000000e+00  1.0000000e+00]]
[-0143.23, +0059.33, -1111.65]
2142, 752, 1235
[[-1.0212756e-01  7.0870530e-01 -6.9793742e-01 -6.7030000e+01]
 [ 6.9188420e-02  7.0506540e-01  7.0572294e-01  1.6818000e+02]
 [ 9.9226650e-01  2.3847500e-02 -1.2101700e-01 -1.1709600e+03]
 [ 0.0000000e+00  0.0000000e+00  0.0000000e+00  1.0000000e+00]]
[-0116.93, +0125.07, -1142.47]
2110, 1720, 1404
[[-1.0170756e-01  7.0795922e-01 -6.9873546e-01 -6.7110000e+01]
 [ 6.9101340e-02  7.0582134e-01  7.0497022e-01  1.6825000e+02]
 [ 9.9230162e-01  2.3489340e-02 -1.2068106e-01 -1.1709900e+03]
 [ 0.0000000e+00  0.0000000e+00  0.0000000e+00  1.0000000e+00]]
[-0064.69, +0087.74, -1094.94]
1023, 840, 2122
[[-1.0056706e-01  7.0858134e-01 -6.9822738e-01 -6.6990000e+01]
 [ 6.8085180e-02  7.0518430e-01  7.0569486e-01  1.6816000e+02]
 [ 9.9245826e-01  2.3522580e-02 -1.1912740e-01 -1.1709700e+03]
 [ 0.0000000e+00  0.0000000e+00  0.0000000e+00  1.0000000e+00]]
[-0172.06, +0003.63, -1143.31]
1027, 1529, 1386
[[-1.0112210e-01  7.0889940e-01 -6.9775830e-01 -6.6950000e+01]
 [ 6.8823720e-02  7.0484824e-01  7.0594140e-01  1.6825000e+02]
 [ 9.9230454e-01  2.3486280e-02 -1.2001850e-01 -1.1709900e+03]
 [ 0.0000000e+00  0.0000000e+00  0.0000000e+00  1.0000000e+00]]
[-0077.20, -0006.29, -1070.51]
1345, 824, 1280
[[-1.0032772e-01  7.0933714e-01 -6.9746654e-01 -6.6890000e+01]
 [ 6.8215060e-02  7.0442060e-01  7.0643722e-01  1.6819000e+02]
 [ 9.9245426e-01  2.3402180e-02 -1.1902068e-01 -1.1709900e+03]
 [ 0.0000000e+00  0.0000000e+00  0.0000000e+00  1.0000000e+00]]
[-0135.29, +0074.91, -1076.52]
1052, 1655, 1422
[[-1.0063440e-01  7.0870484e-01 -6.9802612e-01 -6.6980000e+01]
 [ 6.8906200e-02  7.0505840e-01  7.0572340e-01  1.6829000e+02]
 [ 9.9234820e-01  2.3044120e-02 -1.1974096e-01 -1.1709800e+03]
 [ 0.0000000e+00  0.0000000e+00  0.0000000e+00  1.0000000e+00]]
[-0072.40, -0010.51, -1075.33]
2105, 1851, 1313
[[-1.0316484e-01  7.0773690e-01 -6.9874418e-01 -6.7200000e+01]
 [ 6.9995180e-02  7.0603110e-01  7.0467126e-01  1.6829000e+02]
 [ 9.9208650e-01  2.3861900e-02 -1.2234810e-01 -1.1709900e+03]
 [ 0.0000000e+00  0.0000000e+00  0.0000000e+00  1.0000000e+00]]
[-0049.11, +0085.12, -1099.16]
1470, 2119, 1147
[[-1.0014690e-01  7.0823264e-01 -6.9839882e-01 -6.7020000e+01]
 [ 6.8711360e-02  7.0549248e-01  7.0526176e-01  1.6830000e+02]
 [ 9.9228682e-01  2.2845760e-02 -1.1923938e-01 -1.1710200e+03]
 [ 0.0000000e+00  0.0000000e+00  0.0000000e+00  1.0000000e+00]]
[-0016.67, +0025.22, -1100.87]
1131, 1627, 1996
[[-1.0202250e-01  7.0813318e-01 -6.9848124e-01 -6.7110000e+01]
 [ 6.8649660e-02  7.0561830e-01  7.0520908e-01  1.6822000e+02]
 [ 9.9227812e-01  2.4083640e-02 -1.2056916e-01 -1.1709500e+03]
 [ 0.0000000e+00  0.0000000e+00  0.0000000e+00  1.0000000e+00]]
[-0120.54, -0022.65, -1103.96]
1451, 1255, 1852
[[-1.0146714e-01  7.0829894e-01 -6.9813268e-01 -6.7080000e+01]
 [ 6.8815420e-02  7.0539446e-01  7.0534756e-01  1.6822000e+02]
 [ 9.9213964e-01  2.3735080e-02 -1.2023764e-01 -1.1710000e+03]
 [ 0.0000000e+00  0.0000000e+00  0.0000000e+00  1.0000000e+00]]
[-0140.30, +0033.24, -1088.48]
2172, 1424, 1773
[[-1.0299176e-01  7.0757712e-01 -6.9881040e-01 -6.7230000e+01]
 [ 6.9487200e-02  7.0615000e-01  7.0457040e-01  1.6820000e+02]
 [ 9.9205488e-01  2.4135840e-02 -1.2184640e-01 -1.1709600e+03]
 [ 0.0000000e+00  0.0000000e+00  0.0000000e+00  1.0000000e+00]]
[-0113.51, +0090.36, -1104.50]
837, 2149, 1870
[[-9.8858280e-02  7.0721790e-01 -6.9967502e-01 -6.7050000e+01]
 [ 6.8669900e-02  7.0656204e-01  7.0421190e-01  1.6838000e+02]
 [ 9.9246498e-01  2.1743900e-02 -1.1834868e-01 -1.1710900e+03]
 [ 0.0000000e+00  0.0000000e+00  0.0000000e+00  1.0000000e+00]]
[-0068.43, -0043.51, -1130.28]
1536, 2078, 1484
[[-9.9832200e-02  7.0833570e-01 -6.9854830e-01 -6.6980000e+01]
 [ 6.9440740e-02  7.0547100e-01  7.0526718e-01  1.6832000e+02]
 [ 9.9241482e-01  2.2007900e-02 -1.1957556e-01 -1.1709900e+03]
 [ 0.0000000e+00  0.0000000e+00  0.0000000e+00  1.0000000e+00]]
[-0045.32, +0023.38, -1085.72]
1055, 791, 1212
[[-9.9218440e-02  7.0960062e-01 -6.9742842e-01 -6.6820000e+01]
 [ 6.8057580e-02  7.0419628e-01  7.0669482e-01  1.6825000e+02]
 [ 9.9262662e-01  2.2723620e-02 -1.1813572e-01 -1.1710800e+03]
 [ 0.0000000e+00  0.0000000e+00  0.0000000e+00  1.0000000e+00]]
[-0135.95, +0048.10, -1063.86]
913, 1685, 1761
[[-1.0052938e-01  7.0835800e-01 -6.9832592e-01 -6.7020000e+01]
 [ 6.8698000e-02  7.0538750e-01  7.0539700e-01  1.6826000e+02]
 [ 9.9232592e-01  2.3093000e-02 -1.1951688e-01 -1.1710300e+03]
 [ 0.0000000e+00  0.0000000e+00  0.0000000e+00  1.0000000e+00]]
[-0097.52, -0037.17, -1102.66]
1108, 820, 1226
[[-9.9802020e-02  7.0950762e-01 -6.9729302e-01 -6.6850000e+01]
 [ 6.9708980e-02  7.0427286e-01  7.0641858e-01  1.6825000e+02]
 [ 9.9235038e-01  2.2033820e-02 -1.1969412e-01 -1.1709800e+03]
 [ 0.0000000e+00  0.0000000e+00  0.0000000e+00  1.0000000e+00]]
[-0134.19, +0051.69, -1064.61]
1897, 970, 1937
[[-1.0219522e-01  7.0796236e-01 -6.9838118e-01 -6.7170000e+01]
 [ 6.8932360e-02  7.0572332e-01  7.0501084e-01  1.6819000e+02]
 [ 9.9206618e-01  2.4109160e-02 -1.2084690e-01 -1.1709700e+03]
 [ 0.0000000e+00  0.0000000e+00  0.0000000e+00  1.0000000e+00]]
[-0155.39, +0075.40, -1125.54]
